# step, loss_train, loss_test, metrics_test
0.000000000000000000e+00 1.773728901510281958e+03 1.317529858853399283e+01 7.021032827865807124e-02 1.000000000000000000e+00 2.250000000000000000e+00 2.250000000000000000e+00 1.192731857725019440e+00 4.025401735187801866e-01 3.395252517011229987e+00 1.773728901510281958e+03 1.317529858853399283e+01 7.021032827865807124e-02 1.000000000000000000e+00 2.250000000000000000e+00 2.250000000000000000e+00 1.192731857725019440e+00 4.025401735187801866e-01 3.395252517011229987e+00
7.000000000000000000e+02 3.572645344051623151e-01 3.816619158440502646e-02 4.719328026515466970e-03 5.416243597836942758e-01 1.740746994532635261e+00 3.126464928144943034e-01 5.771439539279430431e-01 6.540267681945932665e-02 7.160194715768287699e-01 3.572645344051623151e-01 3.816619158440502646e-02 4.719328026515466970e-03 5.416243597836942758e-01 1.740746994532635261e+00 3.126464928144943034e-01 5.771439539279430431e-01 6.540267681945932665e-02 7.160194715768287699e-01
1.400000000000000000e+03 4.029489676287639210e-01 1.573931279803342936e-02 8.105898553587448721e-03 2.851658982475398507e-01 1.477494031994785351e+00 2.179366305735353990e-02 5.176007428457987114e-01 5.145096028246474301e-02 4.745198664152004697e-02 4.029489676287639210e-01 1.573931279803342936e-02 8.105898553587448721e-03 2.851658982475398507e-01 1.477494031994785351e+00 2.179366305735353990e-02 5.176007428457987114e-01 5.145096028246474301e-02 4.745198664152004697e-02
2.100000000000000000e+03 3.435778823567040563e-01 1.737573223287449883e-02 8.768618311729451872e-03 1.144488048916743467e-01 1.374770485471067838e+00 5.293104098701257969e-03 4.561756983734895354e-01 4.738808275565054018e-02 2.094554895966804775e-02 3.435778823567040563e-01 1.737573223287449883e-02 8.768618311729451872e-03 1.144488048916743467e-01 1.374770485471067838e+00 5.293104098701257969e-03 4.561756983734895354e-01 4.738808275565054018e-02 2.094554895966804775e-02
2.800000000000000000e+03 2.359763168702281866e-01 1.857775783703408123e-02 5.987476584203339607e-03 2.332635805650399782e-02 1.170529976389835358e+00 6.661394120314507658e-03 4.001663100670320716e-01 3.885036618388002655e-02 1.680130633516537658e-02 2.359763168702281866e-01 1.857775783703408123e-02 5.987476584203339607e-03 2.332635805650399782e-02 1.170529976389835358e+00 6.661394120314507658e-03 4.001663100670320716e-01 3.885036618388002655e-02 1.680130633516537658e-02
3.500000000000000000e+03 2.211345134251128941e-01 1.743105848327843738e-02 3.661107675892094279e-03 2.386345658777284679e-03 7.089887251501266752e-01 3.131157233406390948e-05 3.257549667949790062e-01 2.378354560697908474e-02 6.830861442807404163e-03 2.211345134251128941e-01 1.743105848327843738e-02 3.661107675892094279e-03 2.386345658777284679e-03 7.089887251501266752e-01 3.131157233406390948e-05 3.257549667949790062e-01 2.378354560697908474e-02 6.830861442807404163e-03
4.200000000000000000e+03 2.452418819129473238e-01 9.942393355861335949e-03 3.421894495772152909e-03 1.133158386957169210e-03 3.612179659206795068e-01 1.338165063237753947e-04 2.285964183089199964e-01 1.678746884256775151e-02 7.772998635735781439e-03 2.452418819129473238e-01 9.942393355861335949e-03 3.421894495772152909e-03 1.133158386957169210e-03 3.612179659206795068e-01 1.338165063237753947e-04 2.285964183089199964e-01 1.678746884256775151e-02 7.772998635735781439e-03
4.900000000000000000e+03 1.730061739517644859e-01 1.415712213130108400e-02 2.909492232051855663e-03 1.112368884668087348e-03 1.339111679397869958e-01 1.294071577035391682e-04 1.295256965201493360e-01 1.524628487786819017e-02 5.820086247708198060e-03 1.730061739517644859e-01 1.415712213130108400e-02 2.909492232051855663e-03 1.112368884668087348e-03 1.339111679397869958e-01 1.294071577035391682e-04 1.295256965201493360e-01 1.524628487786819017e-02 5.820086247708198060e-03
5.600000000000000000e+03 8.757927070895195343e-02 2.165117944312198658e-02 2.707316639132176413e-03 2.195633127990019411e-03 3.087870599873771688e-02 3.677891927616795415e-04 5.925613731963502023e-02 1.729881616542664272e-02 7.043347494205007796e-03 8.757927070895195343e-02 2.165117944312198658e-02 2.707316639132176413e-03 2.195633127990019411e-03 3.087870599873771688e-02 3.677891927616795415e-04 5.925613731963502023e-02 1.729881616542664272e-02 7.043347494205007796e-03
6.300000000000000000e+03 4.584563818308209915e-02 2.147190612829123768e-02 2.756219696525640840e-03 4.628586300960067269e-03 1.012388866985365447e-02 3.303441055907506006e-04 4.553438252873058534e-02 1.602287056543728883e-02 5.407159146092712504e-03 4.584563818308209915e-02 2.147190612829123768e-02 2.756219696525640840e-03 4.628586300960067269e-03 1.012388866985365447e-02 3.303441055907506006e-04 4.553438252873058534e-02 1.602287056543728883e-02 5.407159146092712504e-03
7.000000000000000000e+03 2.955106558165100997e-02 1.907413876225166199e-02 2.669169304620985870e-03 8.800218153809557381e-03 5.063256207732489550e-03 3.210409889025966673e-04 2.364083328584616270e-02 1.278061045866077730e-02 4.436154701443807864e-03 2.955106558165100997e-02 1.907413876225166199e-02 2.669169304620985870e-03 8.800218153809557381e-03 5.063256207732489550e-03 3.210409889025966673e-04 2.364083328584616270e-02 1.278061045866077730e-02 4.436154701443807864e-03
7.700000000000000000e+03 1.796239121872094183e-02 1.480941073113549965e-02 2.582358222939248535e-03 1.543758918586204260e-02 2.825999109235935013e-03 3.135716619531633549e-04 6.837556752639884286e-03 9.834517816554021533e-03 3.506210016731823014e-03 1.796239121872094183e-02 1.480941073113549965e-02 2.582358222939248535e-03 1.543758918586204260e-02 2.825999109235935013e-03 3.135716619531633549e-04 6.837556752639884286e-03 9.834517816554021533e-03 3.506210016731823014e-03
8.400000000000000000e+03 1.328532302011136736e-02 1.005835048303722543e-02 2.540700468648209118e-03 1.896366515443288076e-02 1.587792824843246202e-03 2.663318999779240213e-04 3.015322783944869491e-03 7.766665014402924887e-03 2.733499783089663338e-03 1.328532302011136736e-02 1.005835048303722543e-02 2.540700468648209118e-03 1.896366515443288076e-02 1.587792824843246202e-03 2.663318999779240213e-04 3.015322783944869491e-03 7.766665014402924887e-03 2.733499783089663338e-03
9.100000000000000000e+03 1.230682555162509496e-02 6.915808655611982957e-03 2.435929010977529521e-03 1.890379629297976594e-02 9.523829420874774633e-04 2.304467433172598578e-04 2.207032115055868743e-03 6.218937936452170051e-03 2.115062465764053212e-03 1.230682555162509496e-02 6.915808655611982957e-03 2.435929010977529521e-03 1.890379629297976594e-02 9.523829420874774633e-04 2.304467433172598578e-04 2.207032115055868743e-03 6.218937936452170051e-03 2.115062465764053212e-03
9.800000000000000000e+03 1.168169768225999633e-02 5.107095896682045319e-03 2.168626686970218011e-03 1.823739889391241820e-02 5.846081450797182286e-04 1.963910418449604366e-04 1.792762247524494219e-03 4.947399916436210666e-03 1.699973127612366443e-03 1.168169768225999633e-02 5.107095896682045319e-03 2.168626686970218011e-03 1.823739889391241820e-02 5.846081450797182286e-04 1.963910418449604366e-04 1.792762247524494219e-03 4.947399916436210666e-03 1.699973127612366443e-03
1.050000000000000000e+04 1.089711232554803691e-02 3.868024236627797072e-03 1.946166836308558905e-03 1.725442175234041114e-02 3.638262670476445052e-04 1.669340888011120101e-04 1.560101865659301989e-03 3.873787353122973200e-03 1.572460678167934053e-03 1.089711232554803691e-02 3.868024236627797072e-03 1.946166836308558905e-03 1.725442175234041114e-02 3.638262670476445052e-04 1.669340888011120101e-04 1.560101865659301989e-03 3.873787353122973200e-03 1.572460678167934053e-03
1.120000000000000000e+04 9.724634443099695186e-03 2.949866460961731232e-03 1.815817981801330725e-03 1.582722468539126889e-02 2.289057833274566692e-04 1.503642360005951232e-04 1.381259349855084705e-03 2.887889546061226873e-03 1.204655955421300674e-03 9.724634443099695186e-03 2.949866460961731232e-03 1.815817981801330725e-03 1.582722468539126889e-02 2.289057833274566692e-04 1.503642360005951232e-04 1.381259349855084705e-03 2.887889546061226873e-03 1.204655955421300674e-03
1.190000000000000000e+04 7.859361418996055337e-03 2.407952051452926217e-03 1.734763364501838712e-03 1.366321476801146510e-02 1.446191230340641842e-04 1.349700191599734298e-04 1.399522135762292082e-03 2.020970862249366062e-03 1.048726895367784080e-03 7.859361418996055337e-03 2.407952051452926217e-03 1.734763364501838712e-03 1.366321476801146510e-02 1.446191230340641842e-04 1.349700191599734298e-04 1.399522135762292082e-03 2.020970862249366062e-03 1.048726895367784080e-03
1.260000000000000000e+04 5.035160669515139839e-03 2.377629888119064863e-03 1.737188051239618855e-03 1.027845047442042629e-02 9.613438135212748687e-05 1.250779407533426262e-04 1.822080009560512331e-03 1.249858424410875543e-03 9.731847084670422867e-04 5.035160669515139839e-03 2.377629888119064863e-03 1.737188051239618855e-03 1.027845047442042629e-02 9.613438135212748687e-05 1.250779407533426262e-04 1.822080009560512331e-03 1.249858424410875543e-03 9.731847084670422867e-04
1.330000000000000000e+04 2.132735022064421657e-03 2.704459668601822547e-03 1.797037852474975619e-03 5.963131833770278500e-03 6.548521781690759124e-05 1.228629716010849098e-04 2.783954030683636997e-03 6.429013889020789192e-04 9.997111205069669510e-04 2.132735022064421657e-03 2.704459668601822547e-03 1.797037852474975619e-03 5.963131833770278500e-03 6.548521781690759124e-05 1.228629716010849098e-04 2.783954030683636997e-03 6.429013889020789192e-04 9.997111205069669510e-04
1.400000000000000000e+04 1.027683342493938964e-03 2.517885195892590865e-03 1.694999286001626230e-03 3.335493413489248188e-03 3.602945426243664363e-05 1.133821012350462719e-04 3.203870923402097996e-03 3.493507083362355943e-04 8.821661944547396200e-04 1.027683342493938964e-03 2.517885195892590865e-03 1.694999286001626230e-03 3.335493413489248188e-03 3.602945426243664363e-05 1.133821012350462719e-04 3.203870923402097996e-03 3.493507083362355943e-04 8.821661944547396200e-04
1.470000000000000000e+04 7.150404140223604607e-04 2.078673101248513112e-03 1.419372557544599589e-03 2.331249033086366194e-03 1.505569086357048273e-05 7.539981399840007094e-05 3.031578351368247048e-03 2.191985731666931821e-04 6.058514498985724138e-04 7.150404140223604607e-04 2.078673101248513112e-03 1.419372557544599589e-03 2.331249033086366194e-03 1.505569086357048273e-05 7.539981399840007094e-05 3.031578351368247048e-03 2.191985731666931821e-04 6.058514498985724138e-04
1.540000000000000000e+04 5.494666052685106324e-04 1.629359739700971411e-03 1.074684779076357259e-03 1.802493281180364429e-03 8.535472014619874988e-06 4.417929153666251237e-05 2.671487055990234318e-03 1.342833049185909885e-04 3.459618180060823481e-04 5.494666052685106324e-04 1.629359739700971411e-03 1.074684779076357259e-03 1.802493281180364429e-03 8.535472014619874988e-06 4.417929153666251237e-05 2.671487055990234318e-03 1.342833049185909885e-04 3.459618180060823481e-04
1.610000000000000000e+04 4.155209566883634638e-04 1.148222979118962515e-03 7.054830515274266613e-04 1.276283863369756565e-03 2.952174282170084182e-06 1.682888416350173676e-05 2.251399578012030882e-03 7.816861347882955930e-05 1.724446507135338690e-04 4.155209566883634638e-04 1.148222979118962515e-03 7.054830515274266613e-04 1.276283863369756565e-03 2.952174282170084182e-06 1.682888416350173676e-05 2.251399578012030882e-03 7.816861347882955930e-05 1.724446507135338690e-04
1.680000000000000000e+04 2.581614525324963088e-04 6.788885020486802938e-04 3.836629860645679978e-04 6.365050177550980563e-04 1.036843998995526197e-06 3.859744238716767153e-06 1.804954323096835201e-03 5.016772859882430170e-05 8.015875487984759639e-05 2.581614525324963088e-04 6.788885020486802938e-04 3.836629860645679978e-04 6.365050177550980563e-04 1.036843998995526197e-06 3.859744238716767153e-06 1.804954323096835201e-03 5.016772859882430170e-05 8.015875487984759639e-05
1.750000000000000000e+04 1.089707414635994844e-04 3.181056979840743513e-04 1.613624737333771431e-04 1.554297854191200739e-04 3.573056585607571857e-07 1.361833619871422637e-07 1.331638789863832766e-03 2.476094064716417121e-05 2.380726309828367946e-05 1.089707414635994844e-04 3.181056979840743513e-04 1.613624737333771431e-04 1.554297854191200739e-04 3.573056585607571857e-07 1.361833619871422637e-07 1.331638789863832766e-03 2.476094064716417121e-05 2.380726309828367946e-05
1.820000000000000000e+04 1.073693997511027793e-04 1.513821378897083406e-04 6.995594635374446360e-05 3.158151508008095136e-05 1.279573066330268617e-09 3.233618756894674323e-07 1.035329243837906877e-03 6.004765856182356690e-05 2.086094886490489868e-05 1.073693997511027793e-04 1.513821378897083406e-04 6.995594635374446360e-05 3.158151508008095136e-05 1.279573066330268617e-09 3.233618756894674323e-07 1.035329243837906877e-03 6.004765856182356690e-05 2.086094886490489868e-05
1.890000000000000000e+04 1.034868529078818990e-04 9.770501283729738772e-05 4.958505734601389037e-05 1.862989186055775408e-05 2.352801053709002331e-08 3.247954894892656506e-07 9.744517331348257275e-04 8.690995089057109422e-05 1.567653825586365441e-05 1.034868529078818990e-04 9.770501283729738772e-05 4.958505734601389037e-05 1.862989186055775408e-05 2.352801053709002331e-08 3.247954894892656506e-07 9.744517331348257275e-04 8.690995089057109422e-05 1.567653825586365441e-05
1.960000000000000000e+04 7.182640967015957120e-05 7.111654808958343152e-05 4.350966360090912006e-05 1.387284267873906800e-05 6.457621662305697821e-07 1.111832833843984585e-07 9.469530480186132268e-04 8.134487177163643218e-05 1.092740567286519080e-06 7.182640967015957120e-05 7.111654808958343152e-05 4.350966360090912006e-05 1.387284267873906800e-05 6.457621662305697821e-07 1.111832833843984585e-07 9.469530480186132268e-04 8.134487177163643218e-05 1.092740567286519080e-06
2.030000000000000000e+04 7.956629745201855900e-05 5.760092156823724005e-05 3.993216125234116108e-05 1.230800051610535683e-05 6.409155543542271304e-07 1.112988927814354880e-07 9.313973068016925989e-04 7.646718787745638841e-05 1.053321969801931097e-06 7.956629745201855900e-05 5.760092156823724005e-05 3.993216125234116108e-05 1.230800051610535683e-05 6.409155543542271304e-07 1.112988927814354880e-07 9.313973068016925989e-04 7.646718787745638841e-05 1.053321969801931097e-06
2.100000000000000000e+04 8.568416586853729055e-05 4.901951593131197491e-05 3.729390245546430427e-05 1.152289522242750183e-05 6.228739704399271215e-07 1.075214159700566448e-07 9.177236039310458608e-04 7.122279726043283298e-05 9.747840338179011179e-07 8.568416586853729055e-05 4.901951593131197491e-05 3.729390245546430427e-05 1.152289522242750183e-05 6.228739704399271215e-07 1.075214159700566448e-07 9.177236039310458608e-04 7.122279726043283298e-05 9.747840338179011179e-07
2.170000000000000000e+04 8.926681361158176177e-05 4.440725107288325164e-05 3.528831360343737908e-05 1.139282520889954175e-05 5.681493543986785042e-07 9.188388876793291589e-08 9.039589738729643213e-04 6.409605693851852027e-05 8.394190873559839713e-07 8.926681361158176177e-05 4.440725107288325164e-05 3.528831360343737908e-05 1.139282520889954175e-05 5.681493543986785042e-07 9.188388876793291589e-08 9.039589738729643213e-04 6.409605693851852027e-05 8.394190873559839713e-07
2.240000000000000000e+04 9.307499201496235986e-05 4.109729874083305906e-05 3.333687962052132620e-05 1.131081679101872007e-05 5.525268906062809113e-07 7.177385924928271891e-08 8.839159162961667459e-04 5.709169938396281140e-05 6.371393875450317668e-07 9.307499201496235986e-05 4.109729874083305906e-05 3.333687962052132620e-05 1.131081679101872007e-05 5.525268906062809113e-07 7.177385924928271891e-08 8.839159162961667459e-04 5.709169938396281140e-05 6.371393875450317668e-07
2.310000000000000000e+04 9.712677754783863358e-05 3.920396024344724028e-05 3.135518033463887132e-05 1.174651992327735634e-05 4.150508540537176931e-07 4.847996543518152031e-08 8.550305181235455911e-04 4.767859647647496935e-05 4.179179087497885432e-07 9.712677754783863358e-05 3.920396024344724028e-05 3.135518033463887132e-05 1.174651992327735634e-05 4.150508540537176931e-07 4.847996543518152031e-08 8.550305181235455911e-04 4.767859647647496935e-05 4.179179087497885432e-07
2.380000000000000000e+04 1.012748396566917841e-04 3.736406685952404447e-05 2.864600886459418833e-05 1.212848442493302653e-05 2.964440973338191374e-07 2.368539322008147657e-08 8.088564137547502378e-04 3.611217170181002626e-05 2.495233113753086723e-07 1.012748396566917841e-04 3.736406685952404447e-05 2.864600886459418833e-05 1.212848442493302653e-05 2.964440973338191374e-07 2.368539322008147657e-08 8.088564137547502378e-04 3.611217170181002626e-05 2.495233113753086723e-07
2.450000000000000000e+04 1.033751408651569875e-04 3.976233865899453428e-05 2.486323738233577201e-05 1.432774328469903167e-05 2.150454974353879281e-06 1.586263989367677979e-07 7.314981047838090391e-04 2.293172680948855116e-05 6.367053340595281342e-06 1.033751408651569875e-04 3.976233865899453428e-05 2.486323738233577201e-05 1.432774328469903167e-05 2.150454974353879281e-06 1.586263989367677979e-07 7.314981047838090391e-04 2.293172680948855116e-05 6.367053340595281342e-06
2.520000000000000000e+04 8.402897534888699893e-05 3.299041001311102899e-05 1.980893892483983522e-05 1.258849716773227464e-05 2.839837276407549336e-08 5.323481604228413648e-11 6.108217689954355788e-04 1.038550978469472440e-05 9.458309183767265734e-08 8.402897534888699893e-05 3.299041001311102899e-05 1.980893892483983522e-05 1.258849716773227464e-05 2.839837276407549336e-08 5.323481604228413648e-11 6.108217689954355788e-04 1.038550978469472440e-05 9.458309183767265734e-08
2.590000000000000000e+04 7.770649034987075164e-05 3.100444632008680847e-05 1.605802260371453515e-05 1.435384939189955812e-05 6.769060063311070867e-09 2.634433271821434192e-09 5.079198955857580199e-04 5.399954255501950606e-06 2.366424907720313162e-07 7.770649034987075164e-05 3.100444632008680847e-05 1.605802260371453515e-05 1.435384939189955812e-05 6.769060063311070867e-09 2.634433271821434192e-09 5.079198955857580199e-04 5.399954255501950606e-06 2.366424907720313162e-07
2.660000000000000000e+04 9.409961366276298786e-05 5.130245547024043297e-05 1.484488029966809105e-05 1.886399062113368203e-05 5.942009388154802674e-06 1.023865588368800851e-06 4.786313652910221270e-04 1.876220764086528427e-05 1.398605006912950948e-05 9.409961366276298786e-05 5.130245547024043297e-05 1.484488029966809105e-05 1.886399062113368203e-05 5.942009388154802674e-06 1.023865588368800851e-06 4.786313652910221270e-04 1.876220764086528427e-05 1.398605006912950948e-05
2.730000000000000000e+04 9.017816482312764276e-05 2.628107014408774409e-05 1.268390207756510018e-05 1.265298980505227040e-05 1.733303439225270519e-09 6.862106689294653098e-09 4.597986608347584200e-04 3.164613480288306653e-06 2.078680369168083356e-07 9.017816482312764276e-05 2.628107014408774409e-05 1.268390207756510018e-05 1.265298980505227040e-05 1.733303439225270519e-09 6.862106689294653098e-09 4.597986608347584200e-04 3.164613480288306653e-06 2.078680369168083356e-07
2.800000000000000000e+04 9.122280130178892106e-05 2.378793431278263947e-05 1.113332601901951843e-05 1.259046870681535198e-05 6.161332010488752612e-10 3.286741974167924933e-09 4.522100886007997473e-04 2.857445171921234741e-06 1.476381266191779564e-07 9.122280130178892106e-05 2.378793431278263947e-05 1.113332601901951843e-05 1.259046870681535198e-05 6.161332010488752612e-10 3.286741974167924933e-09 4.522100886007997473e-04 2.857445171921234741e-06 1.476381266191779564e-07
2.870000000000000000e+04 9.442030931272589825e-05 2.619863452634772002e-05 9.879611983221451877e-06 9.888812862732334044e-06 1.253576264414467230e-06 1.363034124131019772e-07 4.497902381909838518e-04 5.721409635137024822e-06 2.188638913209772491e-06 9.442030931272589825e-05 2.619863452634772002e-05 9.879611983221451877e-06 9.888812862732334044e-06 1.253576264414467230e-06 1.363034124131019772e-07 4.497902381909838518e-04 5.721409635137024822e-06 2.188638913209772491e-06
2.940000000000000000e+04 9.546205579443903060e-05 2.709913932687531285e-05 8.855586088266794950e-06 9.000775396480781382e-06 2.411967987556138085e-06 3.258533985386664346e-07 4.480271773991344837e-04 7.084874660855511438e-06 3.965930850571972872e-06 9.546205579443903060e-05 2.709913932687531285e-05 8.855586088266794950e-06 9.000775396480781382e-06 2.411967987556138085e-06 3.258533985386664346e-07 4.480271773991344837e-04 7.084874660855511438e-06 3.965930850571972872e-06
3.010000000000000000e+04 9.253605514553575780e-05 3.645144160195559220e-05 8.030097478715792766e-06 1.987318032625848030e-05 5.059962462780181122e-06 9.578124445753361147e-07 4.419968803127808429e-04 1.378105882280316256e-05 7.833173157011149237e-06 9.253605514553575780e-05 3.645144160195559220e-05 8.030097478715792766e-06 1.987318032625848030e-05 5.059962462780181122e-06 9.578124445753361147e-07 4.419968803127808429e-04 1.378105882280316256e-05 7.833173157011149237e-06
3.080000000000000000e+04 8.836605560506302160e-05 1.763450658387904333e-05 6.847194838476157425e-06 1.321275862652766721e-05 1.054256989111822664e-08 1.713615735290553320e-08 4.395951249664634282e-04 2.758944188649867135e-06 9.082892899526346400e-08 8.836605560506302160e-05 1.763450658387904333e-05 6.847194838476157425e-06 1.321275862652766721e-05 1.054256989111822664e-08 1.713615735290553320e-08 4.395951249664634282e-04 2.758944188649867135e-06 9.082892899526346400e-08
3.150000000000000000e+04 8.806060060795485719e-05 1.990408196972378189e-05 6.292820054035491767e-06 1.541314762170608468e-05 7.110583043914966210e-07 1.036070770804358474e-07 4.384414110695508747e-04 4.858003912205472949e-06 3.980851892577168862e-08 8.806060060795485719e-05 1.990408196972378189e-05 6.292820054035491767e-06 1.541314762170608468e-05 7.110583043914966210e-07 1.036070770804358474e-07 4.384414110695508747e-04 4.858003912205472949e-06 3.980851892577168862e-08
3.220000000000000000e+04 8.802515806172149233e-05 1.645240837589772174e-05 5.648204713605299091e-06 1.155394880969357764e-05 2.420248554025012968e-07 6.911658857955462212e-09 4.368222835333034028e-04 2.852148475842704562e-06 4.630524936097022410e-08 8.802515806172149233e-05 1.645240837589772174e-05 5.648204713605299091e-06 1.155394880969357764e-05 2.420248554025012968e-07 6.911658857955462212e-09 4.368222835333034028e-04 2.852148475842704562e-06 4.630524936097022410e-08
3.290000000000000000e+04 8.706404122475577855e-05 1.545914318261026107e-05 5.181188479587855129e-06 1.241031560255378681e-05 2.778710240269089015e-08 6.525245057266674619e-10 4.340615785029736237e-04 2.585589410993541467e-06 4.443266537319326088e-08 8.706404122475577855e-05 1.545914318261026107e-05 5.181188479587855129e-06 1.241031560255378681e-05 2.778710240269089015e-08 6.525245057266674619e-10 4.340615785029736237e-04 2.585589410993541467e-06 4.443266537319326088e-08
3.360000000000000000e+04 8.651581102964453300e-05 1.498398343298757018e-05 4.807606411091178860e-06 1.256064185862023953e-05 1.090592660731484413e-08 2.718972064527020366e-09 4.321636918854807681e-04 2.590378562722044511e-06 4.216333756363385819e-08 8.651581102964453300e-05 1.498398343298757018e-05 4.807606411091178860e-06 1.256064185862023953e-05 1.090592660731484413e-08 2.718972064527020366e-09 4.321636918854807681e-04 2.590378562722044511e-06 4.216333756363385819e-08
3.430000000000000000e+04 9.356039693537027959e-05 2.209778341226351954e-05 4.665627385930429674e-06 8.672108269383748042e-06 2.877819716904784235e-06 3.431702478319316909e-07 4.337728309234863415e-04 7.279412792809926078e-06 1.244207179741807930e-06 9.356039693537027959e-05 2.209778341226351954e-05 4.665627385930429674e-06 8.672108269383748042e-06 2.877819716904784235e-06 3.431702478319316909e-07 4.337728309234863415e-04 7.279412792809926078e-06 1.244207179741807930e-06
3.500000000000000000e+04 8.593144024806196528e-05 1.523295044466350114e-05 4.236774284171051662e-06 1.428255225923604944e-05 1.880279939301090610e-07 5.246805888408672350e-08 4.279377068165551336e-04 3.330504350472833725e-06 6.619176656298849478e-08 8.593144024806196528e-05 1.523295044466350114e-05 4.236774284171051662e-06 1.428255225923604944e-05 1.880279939301090610e-07 5.246805888408672350e-08 4.279377068165551336e-04 3.330504350472833725e-06 6.619176656298849478e-08
3.570000000000000000e+04 8.494019872901693586e-05 1.385577302959877168e-05 3.928154410473517188e-06 1.266090960907180616e-05 5.420791355995626629e-09 4.751355544189554829e-09 4.266943062571200646e-04 2.566393883568510353e-06 4.370238590399106582e-08 8.494019872901693586e-05 1.385577302959877168e-05 3.928154410473517188e-06 1.266090960907180616e-05 5.420791355995626629e-09 4.751355544189554829e-09 4.266943062571200646e-04 2.566393883568510353e-06 4.370238590399106582e-08
3.640000000000000000e+04 8.443636476311777099e-05 1.456595684032388263e-05 3.725455698172466252e-06 1.393596628451145390e-05 1.841426519333909882e-07 7.648082781558169031e-08 4.244344318321984270e-04 3.300518700153369357e-06 1.725291347958249143e-07 8.443636476311777099e-05 1.456595684032388263e-05 3.725455698172466252e-06 1.393596628451145390e-05 1.841426519333909882e-07 7.648082781558169031e-08 4.244344318321984270e-04 3.300518700153369357e-06 1.725291347958249143e-07
3.710000000000000000e+04 8.385601350861274456e-05 1.317059589828571003e-05 3.460821275382441896e-06 1.225713123804865352e-05 3.620214580118269523e-08 4.562287405942359609e-10 4.231392334271381894e-04 2.535118136855278621e-06 4.098262293135632360e-08 8.385601350861274456e-05 1.317059589828571003e-05 3.460821275382441896e-06 1.225713123804865352e-05 3.620214580118269523e-08 4.562287405942359609e-10 4.231392334271381894e-04 2.535118136855278621e-06 4.098262293135632360e-08
3.780000000000000000e+04 8.308499641295890312e-05 1.286273416449699102e-05 3.222769313659108360e-06 1.225851359975470585e-05 3.008292079701870874e-08 1.405837932028937825e-09 4.212263230744200493e-04 2.532369792360686320e-06 4.176598428601537837e-08 8.308499641295890312e-05 1.286273416449699102e-05 3.222769313659108360e-06 1.225851359975470585e-05 3.008292079701870874e-08 1.405837932028937825e-09 4.212263230744200493e-04 2.532369792360686320e-06 4.176598428601537837e-08
3.850000000000000000e+04 8.199307148765874157e-05 1.253046773468938633e-05 2.998131402841790155e-06 1.228410415430962387e-05 2.825131073276042606e-08 1.351941939282878606e-09 4.194323044446905593e-04 2.537932748382088176e-06 3.700927831934554275e-08 8.199307148765874157e-05 1.253046773468938633e-05 2.998131402841790155e-06 1.228410415430962387e-05 2.825131073276042606e-08 1.351941939282878606e-09 4.194323044446905593e-04 2.537932748382088176e-06 3.700927831934554275e-08
3.920000000000000000e+04 8.098802673436197538e-05 1.219468290427912629e-05 2.759740508500818822e-06 1.224624486797794102e-05 2.753572622601197610e-08 1.578891912686195361e-09 4.173873688670825697e-04 2.546844104233919813e-06 3.545865046338622281e-08 8.098802673436197538e-05 1.219468290427912629e-05 2.759740508500818822e-06 1.224624486797794102e-05 2.753572622601197610e-08 1.578891912686195361e-09 4.173873688670825697e-04 2.546844104233919813e-06 3.545865046338622281e-08
3.990000000000000000e+04 7.970390646526613544e-05 1.189482701814115930e-05 2.538810636892596317e-06 1.257727367076260774e-05 1.958394588934548225e-09 6.216680285377269229e-09 4.151958034066399739e-04 2.609489118752988870e-06 2.956722760688999670e-08 7.970390646526613544e-05 1.189482701814115930e-05 2.538810636892596317e-06 1.257727367076260774e-05 1.958394588934548225e-09 6.216680285377269229e-09 4.151958034066399739e-04 2.609489118752988870e-06 2.956722760688999670e-08
4.060000000000000000e+04 9.409567637399610389e-05 2.413670429904186132e-05 2.944474732011413519e-06 1.968394654284303175e-05 5.854413877199353075e-06 9.909663586666802132e-07 4.195483640249961840e-04 1.023568372473561247e-05 8.705133915995167347e-07 9.409567637399610389e-05 2.413670429904186132e-05 2.944474732011413519e-06 1.968394654284303175e-05 5.854413877199353075e-06 9.909663586666802132e-07 4.195483640249961840e-04 1.023568372473561247e-05 8.705133915995167347e-07
4.130000000000000000e+04 7.801767897820887060e-05 1.137505271851636945e-05 2.119631271055164755e-06 1.317378752392260918e-05 1.953149502489114539e-08 1.890442503881199748e-08 4.102186974275539764e-04 2.774860360439847787e-06 2.495016212268109930e-08 7.801767897820887060e-05 1.137505271851636945e-05 2.119631271055164755e-06 1.317378752392260918e-05 1.953149502489114539e-08 1.890442503881199748e-08 4.102186974275539764e-04 2.774860360439847787e-06 2.495016212268109930e-08
4.200000000000000000e+04 8.026478204398415270e-05 1.143135147213910704e-05 1.943345894260300348e-06 1.075285325492274757e-05 6.273515855809740173e-07 4.581191055104978879e-08 4.083529068686936477e-04 2.704296605196535740e-06 8.245821652355093132e-08 8.026478204398415270e-05 1.143135147213910704e-05 1.943345894260300348e-06 1.075285325492274757e-05 6.273515855809740173e-07 4.581191055104978879e-08 4.083529068686936477e-04 2.704296605196535740e-06 8.245821652355093132e-08
4.270000000000000000e+04 8.012090304187983862e-05 1.280006430642238608e-05 1.874724588329147542e-06 1.543484008697159078e-05 1.032335335465197069e-06 2.161603472218875195e-07 4.068000705760000356e-04 4.158428190785460269e-06 1.313956242954571954e-07 8.012090304187983862e-05 1.280006430642238608e-05 1.874724588329147542e-06 1.543484008697159078e-05 1.032335335465197069e-06 2.161603472218875195e-07 4.068000705760000356e-04 4.158428190785460269e-06 1.313956242954571954e-07
4.340000000000000000e+04 7.710596471458709266e-05 1.090828241455181335e-05 1.630110676093824616e-06 1.395837004309269242e-05 2.545326226483765884e-07 7.385293806865481928e-08 4.030215765242860368e-04 3.197110770765375325e-06 4.632974611103481312e-08 7.710596471458709266e-05 1.090828241455181335e-05 1.630110676093824616e-06 1.395837004309269242e-05 2.545326226483765884e-07 7.385293806865481928e-08 4.030215765242860368e-04 3.197110770765375325e-06 4.632974611103481312e-08
4.410000000000000000e+04 8.058677060251971962e-05 1.292000766283997379e-05 1.624275616103973839e-06 1.568734442480497514e-05 1.599011048576312654e-06 3.211196208687476468e-07 4.022191177547803655e-04 4.587310409647765973e-06 2.509198565501490970e-07 8.058677060251971962e-05 1.292000766283997379e-05 1.624275616103973839e-06 1.568734442480497514e-05 1.599011048576312654e-06 3.211196208687476468e-07 4.022191177547803655e-04 4.587310409647765973e-06 2.509198565501490970e-07
4.480000000000000000e+04 8.046440912751519901e-05 1.029536851419950300e-05 1.398067199398728400e-06 9.706676134076371661e-06 1.039439661926542166e-06 8.937204678557284137e-08 3.992917865908633224e-04 2.673534161977000880e-06 6.909450477527864061e-08 8.046440912751519901e-05 1.029536851419950300e-05 1.398067199398728400e-06 9.706676134076371661e-06 1.039439661926542166e-06 8.937204678557284137e-08 3.992917865908633224e-04 2.673534161977000880e-06 6.909450477527864061e-08
4.550000000000000000e+04 7.697892704542411678e-05 9.417440312957130655e-06 1.252087946494757395e-06 1.078017482998908016e-05 4.094126991474961315e-07 2.729477050286469044e-08 3.952429560087523811e-04 2.536015667965455061e-06 5.655520865740181762e-08 7.697892704542411678e-05 9.417440312957130655e-06 1.252087946494757395e-06 1.078017482998908016e-05 4.094126991474961315e-07 2.729477050286469044e-08 3.952429560087523811e-04 2.536015667965455061e-06 5.655520865740181762e-08
4.620000000000000000e+04 7.550139398227816536e-05 8.863446353349766619e-06 1.142623203459646739e-06 1.199162426566051113e-05 3.797174529178457850e-08 1.149175077375078423e-12 3.921349446837113398e-04 2.589100580658445617e-06 4.491564870076922057e-08 7.550139398227816536e-05 8.863446353349766619e-06 1.142623203459646739e-06 1.199162426566051113e-05 3.797174529178457850e-08 1.149175077375078423e-12 3.921349446837113398e-04 2.589100580658445617e-06 4.491564870076922057e-08
4.690000000000000000e+04 8.081274462928433758e-05 8.752424115309183719e-06 1.107154991003582166e-06 9.746711154631693258e-06 5.766593113054258058e-07 3.506452477829880815e-08 3.915247998652229659e-04 2.435877056866017536e-06 5.879577273203418839e-08 8.081274462928433758e-05 8.752424115309183719e-06 1.107154991003582166e-06 9.746711154631693258e-06 5.766593113054258058e-07 3.506452477829880815e-08 3.915247998652229659e-04 2.435877056866017536e-06 5.879577273203418839e-08
4.760000000000000000e+04 8.494440480013619259e-05 9.459651151909612349e-06 1.119801225431304259e-06 1.570947468508246847e-05 9.479868083640010491e-07 1.894208295471670589e-07 3.914597637658524094e-04 3.563849409752549446e-06 7.648694652057689835e-08 8.494440480013619259e-05 9.459651151909612349e-06 1.119801225431304259e-06 1.570947468508246847e-05 9.479868083640010491e-07 1.894208295471670589e-07 3.914597637658524094e-04 3.563849409752549446e-06 7.648694652057689835e-08
4.830000000000000000e+04 8.172567051683998925e-05 9.195428033096238638e-06 1.069520985859681992e-06 1.522530279819222474e-05 8.764511040609649559e-07 1.869804837462738808e-07 3.878898684517070178e-04 3.556700800185977640e-06 1.165257033300949089e-07 8.172567051683998925e-05 9.195428033096238638e-06 1.069520985859681992e-06 1.522530279819222474e-05 8.764511040609649559e-07 1.869804837462738808e-07 3.878898684517070178e-04 3.556700800185977640e-06 1.165257033300949089e-07
4.900000000000000000e+04 8.435914398063697976e-05 1.082157869501706028e-05 1.215421481624293708e-06 7.955387036596213868e-06 3.335811193765443078e-06 4.098170496015248302e-07 3.863129081266983354e-04 3.328227082075195291e-06 5.342987969723788812e-07 8.435914398063697976e-05 1.082157869501706028e-05 1.215421481624293708e-06 7.955387036596213868e-06 3.335811193765443078e-06 4.098170496015248302e-07 3.863129081266983354e-04 3.328227082075195291e-06 5.342987969723788812e-07
4.970000000000000000e+04 7.546259854443710757e-05 7.950066202197674962e-06 9.311634654173896767e-07 1.034166299330290865e-05 6.375509744334742732e-07 5.740914970663600468e-08 3.808629293796461993e-04 2.587944776617421412e-06 1.692120306681127978e-07 7.546259854443710757e-05 7.950066202197674962e-06 9.311634654173896767e-07 1.034166299330290865e-05 6.375509744334742732e-07 5.740914970663600468e-08 3.808629293796461993e-04 2.587944776617421412e-06 1.692120306681127978e-07
5.040000000000000000e+04 7.927172361538506722e-05 7.665509950510557169e-06 9.116440790621870440e-07 9.388990186309056058e-06 8.128776390971269078e-07 7.027819956419458703e-08 3.792197734195189426e-04 2.464391922631786831e-06 1.169330901083154643e-07 7.927172361538506722e-05 7.665509950510557169e-06 9.116440790621870440e-07 9.388990186309056058e-06 8.128776390971269078e-07 7.027819956419458703e-08 3.792197734195189426e-04 2.464391922631786831e-06 1.169330901083154643e-07
5.110000000000000000e+04 7.511556958990009544e-05 7.190359334203535968e-06 8.217488355172862161e-07 1.202984833513081079e-05 1.521527686283596689e-09 1.033175826295941484e-08 3.750506386725579642e-04 2.776948228671752262e-06 9.444396980167593623e-08 7.511556958990009544e-05 7.190359334203535968e-06 8.217488355172862161e-07 1.202984833513081079e-05 1.521527686283596689e-09 1.033175826295941484e-08 3.750506386725579642e-04 2.776948228671752262e-06 9.444396980167593623e-08
5.180000000000000000e+04 8.950067460421914597e-05 8.157486596055359861e-06 9.425108011737630728e-07 7.821507452553613877e-06 2.179074415742643831e-06 2.415349913938905623e-07 3.781919370697177721e-04 2.500440682726734153e-06 1.711457696842325251e-07 8.950067460421914597e-05 8.157486596055359861e-06 9.425108011737630728e-07 7.821507452553613877e-06 2.179074415742643831e-06 2.415349913938905623e-07 3.781919370697177721e-04 2.500440682726734153e-06 1.711457696842325251e-07
5.250000000000000000e+04 7.568162689319334437e-05 6.867160763756939293e-06 7.584954134134147647e-07 1.135127689525023704e-05 3.162811686391794122e-08 1.578191038081796115e-10 3.701319191527741807e-04 2.728418134098252358e-06 9.446035124169532215e-08 7.568162689319334437e-05 6.867160763756939293e-06 7.584954134134147647e-07 1.135127689525023704e-05 3.162811686391794122e-08 1.578191038081796115e-10 3.701319191527741807e-04 2.728418134098252358e-06 9.446035124169532215e-08
5.320000000000000000e+04 7.873872311059626700e-05 7.638982091684679162e-06 7.410005389343094461e-07 1.100242470318276709e-05 2.610454909728533024e-08 2.311603568983928042e-08 3.678723052782005500e-04 3.269199897590996826e-06 2.683673217395527083e-07 7.873872311059626700e-05 7.638982091684679162e-06 7.410005389343094461e-07 1.100242470318276709e-05 2.610454909728533024e-08 2.311603568983928042e-08 3.678723052782005500e-04 3.269199897590996826e-06 2.683673217395527083e-07
5.390000000000000000e+04 7.941065851128335806e-05 7.458392467255734831e-06 7.226129884311499044e-07 1.205077993337854987e-05 1.706471766558933015e-07 9.057425206452522808e-09 3.667425751864198486e-04 3.136535007686954725e-06 2.377963317852154805e-07 7.941065851128335806e-05 7.458392467255734831e-06 7.226129884311499044e-07 1.205077993337854987e-05 1.706471766558933015e-07 9.057425206452522808e-09 3.667425751864198486e-04 3.136535007686954725e-06 2.377963317852154805e-07
5.460000000000000000e+04 7.635345634359476765e-05 6.673315182793892995e-06 6.706493383732180896e-07 1.092444112491764125e-05 1.009827727319552150e-07 1.903096858279071256e-09 3.629861971340621503e-04 2.793828115634967941e-06 1.056147611982918321e-07 7.635345634359476765e-05 6.673315182793892995e-06 6.706493383732180896e-07 1.092444112491764125e-05 1.009827727319552150e-07 1.903096858279071256e-09 3.629861971340621503e-04 2.793828115634967941e-06 1.056147611982918321e-07
5.530000000000000000e+04 7.649691751019528218e-05 2.022342205168612024e-05 1.534210564817828369e-06 1.779944156173858953e-05 7.888428519812991908e-06 1.526987060525883178e-06 3.584536611516650506e-04 1.053767530036153622e-05 2.180607923515649914e-06 7.649691751019528218e-05 2.022342205168612024e-05 1.534210564817828369e-06 1.779944156173858953e-05 7.888428519812991908e-06 1.526987060525883178e-06 3.584536611516650506e-04 1.053767530036153622e-05 2.180607923515649914e-06
5.600000000000000000e+04 7.796691125011822850e-05 6.626545840052653526e-06 6.117734402507206038e-07 1.244754244699392017e-05 9.525533162541025533e-09 1.396240245752380287e-08 3.587260468951251739e-04 3.083399181378727366e-06 9.907577915259891362e-08 7.796691125011822850e-05 6.626545840052653526e-06 6.117734402507206038e-07 1.244754244699392017e-05 9.525533162541025533e-09 1.396240245752380287e-08 3.587260468951251739e-04 3.083399181378727366e-06 9.907577915259891362e-08
5.670000000000000000e+04 9.649214955728056516e-05 7.291598011398941801e-06 6.759977271212260633e-07 7.165752736540866679e-06 1.326906742204158077e-06 1.433957347889344647e-07 3.630235263320800488e-04 2.636821560319080028e-06 1.262980417871416036e-07 9.649214955728056516e-05 7.291598011398941801e-06 6.759977271212260633e-07 7.165752736540866679e-06 1.326906742204158077e-06 1.433957347889344647e-07 3.630235263320800488e-04 2.636821560319080028e-06 1.262980417871416036e-07
5.740000000000000000e+04 7.928719233737287751e-05 9.087317278532037917e-06 7.610267421524271983e-07 8.292003249233392950e-06 2.370560210437582396e-06 2.944730342864063076e-07 3.547493757260509269e-04 3.487393333035373911e-06 4.387247748962402214e-07 7.928719233737287751e-05 9.087317278532037917e-06 7.610267421524271983e-07 8.292003249233392950e-06 2.370560210437582396e-06 2.944730342864063076e-07 3.547493757260509269e-04 3.487393333035373911e-06 4.387247748962402214e-07
5.810000000000000000e+04 9.213872079676953849e-05 9.787605535242394110e-06 5.851852481208662894e-07 1.258040352726071383e-05 2.606456969627913807e-07 2.023365223785128459e-08 3.592572044246166449e-04 4.876554481774493447e-06 5.066108604708048980e-07 9.213872079676953849e-05 9.787605535242394110e-06 5.851852481208662894e-07 1.258040352726071383e-05 2.606456969627913807e-07 2.023365223785128459e-08 3.592572044246166449e-04 4.876554481774493447e-06 5.066108604708048980e-07
5.880000000000000000e+04 7.780566018324569500e-05 6.631227140198285241e-06 5.142670078430325768e-07 1.056046183771728052e-05 3.026669572731331813e-08 3.632833888005051516e-10 3.482918781405697304e-04 3.085822090344025017e-06 8.657588918286442245e-08 7.780566018324569500e-05 6.631227140198285241e-06 5.142670078430325768e-07 1.056046183771728052e-05 3.026669572731331813e-08 3.632833888005051516e-10 3.482918781405697304e-04 3.085822090344025017e-06 8.657588918286442245e-08
5.950000000000000000e+04 9.152035794122286309e-05 7.243932756611275759e-06 5.656429943456380769e-07 7.424166982374955947e-06 1.339860602915722126e-06 1.346024028453691419e-07 3.510377675819386636e-04 2.775248931493047568e-06 9.714522403850679867e-08 9.152035794122286309e-05 7.243932756611275759e-06 5.656429943456380769e-07 7.424166982374955947e-06 1.339860602915722126e-06 1.346024028453691419e-07 3.510377675819386636e-04 2.775248931493047568e-06 9.714522403850679867e-08
6.020000000000000000e+04 8.403778138664970171e-05 6.903474445672291321e-06 5.007788398778617027e-07 8.570692319311301271e-06 5.325385178168473895e-07 3.847739632274413163e-08 3.456445927330041037e-04 2.918829866567673046e-06 7.958106318989198196e-08 8.403778138664970171e-05 6.903474445672291321e-06 5.007788398778617027e-07 8.570692319311301271e-06 5.325385178168473895e-07 3.847739632274413163e-08 3.456445927330041037e-04 2.918829866567673046e-06 7.958106318989198196e-08
6.090000000000000000e+04 7.832720431323807826e-05 6.733219867085759900e-06 4.668957364361878972e-07 1.104677086518994071e-05 4.088433054569520108e-12 9.577055428601913519e-09 3.407094609551900000e-04 3.314141831958927244e-06 7.555209823218721431e-08 7.832720431323807826e-05 6.733219867085759900e-06 4.668957364361878972e-07 1.104677086518994071e-05 4.088433054569520108e-12 9.577055428601913519e-09 3.407094609551900000e-04 3.314141831958927244e-06 7.555209823218721431e-08
6.160000000000000000e+04 8.606285543938719021e-05 7.212097253795857799e-06 4.560527520538227907e-07 8.547027017116443879e-06 2.683559603429328409e-07 1.276649563879034775e-08 3.409753461348676018e-04 3.279829852664510689e-06 9.389456419686326965e-08 8.606285543938719021e-05 7.212097253795857799e-06 4.560527520538227907e-07 8.547027017116443879e-06 2.683559603429328409e-07 1.276649563879034775e-08 3.409753461348676018e-04 3.279829852664510689e-06 9.389456419686326965e-08
6.230000000000000000e+04 7.953760203610551907e-05 7.288688872201404594e-06 4.621609311932375896e-07 1.052151370048083955e-05 1.496412563612322669e-08 2.340426438703764362e-08 3.356214893327739307e-04 3.680157524265425409e-06 1.280670467387809580e-07 7.953760203610551907e-05 7.288688872201404594e-06 4.621609311932375896e-07 1.052151370048083955e-05 1.496412563612322669e-08 2.340426438703764362e-08 3.356214893327739307e-04 3.680157524265425409e-06 1.280670467387809580e-07
6.300000000000000000e+04 8.057163117265838043e-05 6.831311916087887033e-06 4.432590220459373092e-07 1.239582191928671427e-05 4.332919661646138078e-08 3.556276807810037285e-08 3.343788983419048550e-04 3.640405328355983984e-06 5.246292995202952205e-08 8.057163117265838043e-05 6.831311916087887033e-06 4.432590220459373092e-07 1.239582191928671427e-05 4.332919661646138078e-08 3.556276807810037285e-08 3.343788983419048550e-04 3.640405328355983984e-06 5.246292995202952205e-08
6.370000000000000000e+04 8.366580710997693535e-05 7.297472345908528347e-06 4.836198802773989759e-07 7.983537784339653158e-06 1.104455930737696860e-06 1.092048579241207821e-07 3.325531364936346176e-04 3.069769725892913334e-06 8.865088433938248458e-08 8.366580710997693535e-05 7.297472345908528347e-06 4.836198802773989759e-07 7.983537784339653158e-06 1.104455930737696860e-06 1.092048579241207821e-07 3.325531364936346176e-04 3.069769725892913334e-06 8.865088433938248458e-08
6.440000000000000000e+04 7.900754696703436600e-05 6.744211831949786497e-06 4.270315230427671157e-07 1.059697523219528035e-05 7.187296293023760800e-09 4.552985779562051944e-09 3.277412296427068060e-04 3.471182033442127747e-06 3.822096390820289404e-08 7.900754696703436600e-05 6.744211831949786497e-06 4.270315230427671157e-07 1.059697523219528035e-05 7.187296293023760800e-09 4.552985779562051944e-09 3.277412296427068060e-04 3.471182033442127747e-06 3.822096390820289404e-08
6.510000000000000000e+04 7.923905495804662268e-05 6.719803018437861144e-06 4.282405719191671021e-07 1.067778241036520503e-05 9.801933443802306399e-09 4.912398408011715747e-09 3.251718065602986056e-04 3.485320044762886767e-06 3.491147650552835451e-08 7.923905495804662268e-05 6.719803018437861144e-06 4.282405719191671021e-07 1.067778241036520503e-05 9.801933443802306399e-09 4.912398408011715747e-09 3.251718065602986056e-04 3.485320044762886767e-06 3.491147650552835451e-08
6.580000000000000000e+04 8.031601956527186913e-05 6.771706829624903637e-06 4.254990245889357597e-07 9.427884134272495814e-06 1.061838856593163240e-07 7.969439433289709166e-10 3.223938010540320005e-04 3.400363012295292795e-06 3.266479021321078010e-08 8.031601956527186913e-05 6.771706829624903637e-06 4.254990245889357597e-07 9.427884134272495814e-06 1.061838856593163240e-07 7.969439433289709166e-10 3.223938010540320005e-04 3.400363012295292795e-06 3.266479021321078010e-08
6.650000000000000000e+04 7.942758868577797806e-05 6.719455587129651665e-06 4.318365765561120184e-07 1.017401590901684529e-05 1.172105381500973168e-08 3.971678641263730372e-09 3.190860565262109046e-04 3.547054531613545152e-06 2.982758408767504419e-08 7.942758868577797806e-05 6.719455587129651665e-06 4.318365765561120184e-07 1.017401590901684529e-05 1.172105381500973168e-08 3.971678641263730372e-09 3.190860565262109046e-04 3.547054531613545152e-06 2.982758408767504419e-08
6.720000000000000000e+04 8.060929184535696337e-05 6.759003274950164097e-06 4.430477459315653127e-07 8.923559277261117361e-06 2.567954595058438558e-07 1.094157385507156208e-08 3.165149147767942978e-04 3.365081287565123194e-06 3.476659950618145383e-08 8.060929184535696337e-05 6.759003274950164097e-06 4.430477459315653127e-07 8.923559277261117361e-06 2.567954595058438558e-07 1.094157385507156208e-08 3.165149147767942978e-04 3.365081287565123194e-06 3.476659950618145383e-08
6.790000000000000000e+04 7.989234555960358268e-05 6.630825228621570285e-06 4.469928537892155707e-07 9.975413907311609841e-06 3.845767509792807800e-08 8.941503135256038243e-10 3.127233500917535954e-04 3.535190279393109731e-06 2.592538266099962867e-08 7.989234555960358268e-05 6.630825228621570285e-06 4.469928537892155707e-07 9.975413907311609841e-06 3.845767509792807800e-08 8.941503135256038243e-10 3.127233500917535954e-04 3.535190279393109731e-06 2.592538266099962867e-08
6.860000000000000000e+04 8.053987295128468621e-05 6.742666087908227007e-06 4.653207679395739603e-07 9.259741763234398184e-06 2.450740058449444085e-07 8.150030142471990417e-09 3.096647596271895689e-04 3.468241643194200161e-06 4.812645947090935108e-08 8.053987295128468621e-05 6.742666087908227007e-06 4.653207679395739603e-07 9.259741763234398184e-06 2.450740058449444085e-07 8.150030142471990417e-09 3.096647596271895689e-04 3.468241643194200161e-06 4.812645947090935108e-08
6.930000000000000000e+04 8.174340888227433165e-05 1.898303823312983519e-05 1.073704172798030271e-06 6.273866758388556977e-06 5.385852117025695822e-06 7.398249248765250310e-07 3.084594327108897659e-04 8.591819412360158576e-06 1.695359092948557837e-06 8.174340888227433165e-05 1.898303823312983519e-05 1.073704172798030271e-06 6.273866758388556977e-06 5.385852117025695822e-06 7.398249248765250310e-07 3.084594327108897659e-04 8.591819412360158576e-06 1.695359092948557837e-06
7.000000000000000000e+04 8.047732116289266235e-05 6.530076547115399034e-06 4.915987691456869830e-07 8.850183725592289193e-06 1.438291196968678678e-07 2.019019646728911595e-09 3.025887185933315510e-04 3.517380267213482879e-06 3.296341913906676262e-08 8.047732116289266235e-05 6.530076547115399034e-06 4.915987691456869830e-07 8.850183725592289193e-06 1.438291196968678678e-07 2.019019646728911595e-09 3.025887185933315510e-04 3.517380267213482879e-06 3.296341913906676262e-08
