# x
0.000000000000000000e+00
0.000000000000000000e+00
0.000000000000000000e+00
0.000000000000000000e+00
6.281367579349000137e-04
2.512547031739699802e-03
5.653230821414399580e-03
1.005018812695900043e-02
1.570341894837340088e-02
2.261292328565769894e-02
3.077870113881190153e-02
4.020075250783600174e-02
5.087907739272989893e-02
6.281367579349370067e-02
7.600454771012739308e-02
9.045169314263100391e-02
1.061551120910043944e-01
1.231148045552477033e-01
1.413307705353608890e-01
1.608030100313440069e-01
1.815315230431968907e-01
2.035163095709197068e-01
2.267573696145123996e-01
2.512547031739750247e-01
2.770083102493073879e-01
3.040181908405096833e-01
3.322843449475819111e-01
3.618067725705240156e-01
3.925854737093358859e-01
4.246204483640176885e-01
4.579116965345694790e-01
4.924592182209909796e-01
5.282630134232824126e-01
5.653230821414437779e-01
6.036394243754749089e-01
6.432120401253760278e-01
6.840409293911469124e-01
7.261260921727877848e-01
7.694675284702984230e-01
8.140652382836790490e-01
8.599192216129294408e-01
9.070294784580498204e-01
9.553960088190399658e-01
1.005018812695900099e+00
1.055897890088629776e+00
1.108033240997229774e+00
1.161424865421699648e+00
1.216072763362038955e+00
1.271976934818247917e+00
1.329137379790328088e+00
1.387554098278277248e+00
1.447227090282096063e+00
1.508156355801784754e+00
1.570341894837343766e+00
1.633783707388772877e+00
1.698481793456070976e+00
1.764436153039239175e+00
1.831646786138277916e+00
1.900113692753186312e+00
1.969836872883963919e+00
2.040816326530611846e+00
2.113052053693129650e+00
2.186544054371517998e+00
2.261292328565775112e+00
2.337296876275902324e+00
2.414557697501900080e+00
2.493074792243767490e+00
2.572848160501504111e+00
2.653877802275110831e+00
2.736163717564588094e+00
2.819705906369935011e+00
2.904504368691151139e+00
2.990559104528237366e+00
3.077870113881193692e+00
3.166437396750021005e+00
3.256260953134716196e+00
3.347340783035281042e+00
3.439676886451717763e+00
3.533269263384024139e+00
3.628117913832199282e+00
3.724222837796244079e+00
3.821584035276159863e+00
3.920201506271945746e+00
4.020075250783600396e+00
4.121205268811124256e+00
4.223591560354519103e+00
4.327234125413784938e+00
4.432132963988919094e+00
4.538288076079923350e+00
4.645699461686798593e+00
4.754367120809543046e+00
4.864291053448155822e+00
4.975471259602639584e+00
5.087907739272992558e+00
5.201600492459218295e+00
5.316549519161312354e+00
5.432754819379273847e+00
5.550216393113108992e+00
5.668934240362811572e+00
5.788908361128384250e+00
5.910138755409827027e+00
6.032625423207139015e+00
6.156368364520322878e+00
6.281367579349375063e+00
6.407623067694297347e+00
6.535134829555092395e+00
6.663902864931753101e+00
6.793927173824283905e+00
6.925207756232685696e+00
7.057744612156956698e+00
7.191537741597100464e+00
7.326587144553111663e+00
7.462892821024992074e+00
7.600454771012745248e+00
7.739272994516365856e+00
7.879347491535856562e+00
8.020678262071216480e+00
8.163265306122447384e+00
8.307108623689549276e+00
8.452208214772518602e+00
8.598564079371358915e+00
8.746176217486071991e+00
8.895044629116650725e+00
9.045169314263100446e+00
9.196550272925419378e+00
9.349187505103609297e+00
9.503081010797670203e+00
9.658230790007600319e+00
9.814636842733397870e+00
9.972299168975069961e+00
1.013121776873260771e+01
1.029139264200601644e+01
1.045282378879529439e+01
1.061551120910044332e+01
1.077945490292146324e+01
1.094465487025835060e+01
1.111111111111110716e+01
1.127882362547974004e+01
1.144779241336423681e+01
1.161801747476460456e+01
1.178949880968084152e+01
1.196223641811294947e+01
1.213623030006092840e+01
1.231148045552477654e+01
1.248798688450449212e+01
1.266574958700008224e+01
1.284476856301153802e+01
1.302504381253886478e+01
1.320657533558206076e+01
1.338936313214112594e+01
1.357340720221606567e+01
1.375870754580687283e+01
1.394526416291354742e+01
1.413307705353609656e+01
1.432214621767451135e+01
1.451247165532879535e+01
1.470405336649895212e+01
1.489689135118497632e+01
1.509098560938687683e+01
1.528633614110463945e+01
1.548294294633827661e+01
1.568080602508778476e+01
1.587992537735315679e+01
1.608030100313440158e+01
1.628193290243151736e+01
1.648482107524449702e+01
1.668896552157335478e+01
1.689436624141807641e+01
1.710102323477867259e+01
1.730893650165513975e+01
1.751810604204747079e+01
1.772853185595567638e+01
1.794021394337975295e+01
1.815315230431969340e+01
1.836734693877550839e+01
1.858279784674719437e+01
1.879950502823474423e+01
1.901746848323816863e+01
1.923668821175746046e+01
1.945716421379262329e+01
1.967889648934366065e+01
1.990188503841055834e+01
2.012612986099333057e+01
2.035163095709197023e+01
2.057838832670648799e+01
2.080640196983687673e+01
2.103567188648311870e+01
2.126619807664524942e+01
2.149798054032324046e+01
2.173101927751709184e+01
2.196531428822683196e+01
2.220086557245243952e+01
2.243767313019390386e+01
2.267573696145124629e+01
2.291505706622445260e+01
2.315563344451353700e+01
2.339746609631848884e+01
2.364055502163930811e+01
2.388490022047599837e+01
2.413050169282855961e+01
2.437735943869698829e+01
2.462547345808129151e+01
2.487484375098145861e+01
2.512547031739750025e+01
2.537735315732941288e+01
2.563049227077718939e+01
2.588488765774084044e+01
2.614053931822036958e+01
2.639744725221574839e+01
2.665561145972700885e+01
2.691503194075413319e+01
2.717570869529713562e+01
2.743764172335600904e+01
2.770083102493074279e+01
2.796527660002135462e+01
2.823097844862782679e+01
2.849793657075018061e+01
2.876615096638839830e+01
2.903562163554248343e+01
2.930634857821244665e+01
2.957833179439828086e+01
2.985157128409996830e+01
3.012606704731754093e+01
3.040181908405098099e+01
3.067882739430028138e+01
3.095709197806546342e+01
3.123661283534650224e+01
3.151738996614342270e+01
3.179942337045621770e+01
3.208271304828486592e+01
3.236725899962939934e+01
3.265306122448978954e+01
3.294011972286605783e+01
3.322843449475819710e+01
3.351800554016620026e+01
3.380883285909007441e+01
3.410091645152982665e+01
3.439425631748544276e+01
3.468885245695692277e+01
3.498470486994428796e+01
3.528181355644750283e+01
3.558017851646660290e+01
3.587979975000155974e+01
3.618067725705240179e+01
3.648281103761910771e+01
3.678620109170167751e+01
3.709084741930012541e+01
3.739675002041443719e+01
3.770390889504462706e+01
3.801232404319068081e+01
3.832199546485259845e+01
3.863292316003040128e+01
3.894510712872406799e+01
3.925854737093359148e+01
3.957324388665900017e+01
3.988919667590027984e+01
4.020640573865741629e+01
4.052487107493043084e+01
4.084459268471930926e+01
4.116557056802407288e+01
4.148780472484469328e+01
4.181129515518117756e+01
4.213604185903354704e+01
4.246204483640177330e+01
4.278930408728587764e+01
4.311781961168585298e+01
4.344759140960169219e+01
4.377861948103340239e+01
4.411090382598099069e+01
4.444444444444444287e+01
4.477924133642376603e+01
4.511529450191896018e+01
4.545260394093001111e+01
4.579116965345694723e+01
4.613099163949974013e+01
4.647206989905841823e+01
4.681440443213296021e+01
4.715799523872336607e+01
4.750284231882965003e+01
4.784894567245179786e+01
4.819630529958981668e+01
4.854492120024371360e+01
4.889479337441346729e+01
4.924592182209909907e+01
4.959830654330060895e+01
4.995194753801796850e+01
5.030684480625121324e+01
5.066299834800032897e+01
5.102040816326530148e+01
5.137907425204615208e+01
5.173899661434286656e+01
5.210017525015545914e+01
5.246261015948392270e+01
5.282630134232824304e+01
5.319124879868844857e+01
5.355745252856449667e+01
5.392491253195645129e+01
5.429362880886426268e+01
5.466360135928793085e+01
5.503483018322749132e+01
5.540731528068290856e+01
5.578105665165418969e+01
5.615605429614134891e+01
5.653230821414439333e+01
5.690981840566327321e+01
5.728858487069804539e+01
5.766860760924867435e+01
5.804988662131518851e+01
5.843242190689756654e+01
5.881621346599580846e+01
5.920126129860992847e+01
5.958756540473991237e+01
5.997512578438576725e+01
6.036394243754750022e+01
6.075401536422508997e+01
6.114534456441855781e+01
6.153793003812789664e+01
6.193177178535309935e+01
6.232686980609418015e+01
6.272322410035113194e+01
6.312083466812393340e+01
6.351970150941262716e+01
6.391982462421717059e+01
6.432120401253760633e+01
6.472383967437389174e+01
6.512773160972606945e+01
6.553287981859409683e+01
6.593928430097798810e+01
6.634694505687778587e+01
6.675586208629341911e+01
6.716603538922493044e+01
6.757746496567230565e+01
6.799015081563557317e+01
6.840409293911469035e+01
6.881929133610967142e+01
6.923574600662055900e+01
6.965345695064728204e+01
7.007242416818988318e+01
7.049264765924837661e+01
7.091412742382270551e+01
7.133686346191291250e+01
7.176085577351901179e+01
7.218610435864096075e+01
7.261260921727877360e+01
7.304037034943247875e+01
7.346938775510203357e+01
7.389966143428745227e+01
7.433119138698877748e+01
7.476397761320593816e+01
7.519802011293897692e+01
7.563331888618787957e+01
7.606987393295268873e+01
7.650768525323331914e+01
7.694675284702984186e+01
7.738707671434224267e+01
7.782865685517049315e+01
7.827149326951462172e+01
7.871558595737464259e+01
7.916093491875049892e+01
7.960754015364223335e+01
8.005540166204986008e+01
8.050451944397333648e+01
8.095489349941267676e+01
8.140652382836788092e+01
8.185941043083900581e+01
8.231355330682595195e+01
8.276895245632876197e+01
8.322560787934749271e+01
8.368351957588204471e+01
8.414268754593247479e+01
8.460311178949881139e+01
8.506479230658098345e+01
8.552772909717901939e+01
8.599192216129296185e+01
8.645737149892273976e+01
8.692407711006838156e+01
8.739203899472994408e+01
8.786125715290732785e+01
8.833173158460058971e+01
8.880346228980974388e+01
8.927644926853474772e+01
8.975069252077561544e+01
9.022619204653236125e+01
9.070294784580499936e+01
9.118095991859345872e+01
9.166022826489779618e+01
9.214075288471804015e+01
9.262253377805416221e+01
9.310557094490610552e+01
9.358986438527395535e+01
9.407541409915764063e+01
9.456222008655724665e+01
9.505028234747270233e+01
9.553960088190399347e+01
9.603017568985117691e+01
9.652200677131422424e+01
9.701509412629317808e+01
9.750943775478795317e+01
9.800503765679860635e+01
9.850189383232516604e+01
9.900000628136756120e+01
9.949937500392583445e+01
1.000000000000000000e+02
0.000000000000000000e+00
6.281367579349000137e-04
2.512547031739699802e-03
5.653230821414399580e-03
1.005018812695900043e-02
1.570341894837340088e-02
2.261292328565769894e-02
3.077870113881190153e-02
4.020075250783600174e-02
5.087907739272989893e-02
6.281367579349370067e-02
7.600454771012739308e-02
9.045169314263100391e-02
1.061551120910043944e-01
1.231148045552477033e-01
1.413307705353608890e-01
1.608030100313440069e-01
1.815315230431968907e-01
2.035163095709197068e-01
2.267573696145123996e-01
2.512547031739750247e-01
2.770083102493073879e-01
3.040181908405096833e-01
3.322843449475819111e-01
3.618067725705240156e-01
3.925854737093358859e-01
4.246204483640176885e-01
4.579116965345694790e-01
4.924592182209909796e-01
5.282630134232824126e-01
5.653230821414437779e-01
6.036394243754749089e-01
6.432120401253760278e-01
6.840409293911469124e-01
7.261260921727877848e-01
7.694675284702984230e-01
8.140652382836790490e-01
8.599192216129294408e-01
9.070294784580498204e-01
9.553960088190399658e-01
1.005018812695900099e+00
1.055897890088629776e+00
1.108033240997229774e+00
1.161424865421699648e+00
1.216072763362038955e+00
1.271976934818247917e+00
1.329137379790328088e+00
1.387554098278277248e+00
1.447227090282096063e+00
1.508156355801784754e+00
1.570341894837343766e+00
1.633783707388772877e+00
1.698481793456070976e+00
1.764436153039239175e+00
1.831646786138277916e+00
1.900113692753186312e+00
1.969836872883963919e+00
2.040816326530611846e+00
2.113052053693129650e+00
2.186544054371517998e+00
2.261292328565775112e+00
2.337296876275902324e+00
2.414557697501900080e+00
2.493074792243767490e+00
2.572848160501504111e+00
2.653877802275110831e+00
2.736163717564588094e+00
2.819705906369935011e+00
2.904504368691151139e+00
2.990559104528237366e+00
3.077870113881193692e+00
3.166437396750021005e+00
3.256260953134716196e+00
3.347340783035281042e+00
3.439676886451717763e+00
3.533269263384024139e+00
3.628117913832199282e+00
3.724222837796244079e+00
3.821584035276159863e+00
3.920201506271945746e+00
4.020075250783600396e+00
4.121205268811124256e+00
4.223591560354519103e+00
4.327234125413784938e+00
4.432132963988919094e+00
4.538288076079923350e+00
4.645699461686798593e+00
4.754367120809543046e+00
4.864291053448155822e+00
4.975471259602639584e+00
5.087907739272992558e+00
5.201600492459218295e+00
5.316549519161312354e+00
5.432754819379273847e+00
5.550216393113108992e+00
5.668934240362811572e+00
5.788908361128384250e+00
5.910138755409827027e+00
6.032625423207139015e+00
6.156368364520322878e+00
6.281367579349375063e+00
6.407623067694297347e+00
6.535134829555092395e+00
6.663902864931753101e+00
6.793927173824283905e+00
6.925207756232685696e+00
7.057744612156956698e+00
7.191537741597100464e+00
7.326587144553111663e+00
7.462892821024992074e+00
7.600454771012745248e+00
7.739272994516365856e+00
7.879347491535856562e+00
8.020678262071216480e+00
8.163265306122447384e+00
8.307108623689549276e+00
8.452208214772518602e+00
8.598564079371358915e+00
8.746176217486071991e+00
8.895044629116650725e+00
9.045169314263100446e+00
9.196550272925419378e+00
9.349187505103609297e+00
9.503081010797670203e+00
9.658230790007600319e+00
9.814636842733397870e+00
9.972299168975069961e+00
1.013121776873260771e+01
1.029139264200601644e+01
1.045282378879529439e+01
1.061551120910044332e+01
1.077945490292146324e+01
1.094465487025835060e+01
1.111111111111110716e+01
1.127882362547974004e+01
1.144779241336423681e+01
1.161801747476460456e+01
1.178949880968084152e+01
1.196223641811294947e+01
1.213623030006092840e+01
1.231148045552477654e+01
1.248798688450449212e+01
1.266574958700008224e+01
1.284476856301153802e+01
1.302504381253886478e+01
1.320657533558206076e+01
1.338936313214112594e+01
1.357340720221606567e+01
1.375870754580687283e+01
1.394526416291354742e+01
1.413307705353609656e+01
1.432214621767451135e+01
1.451247165532879535e+01
1.470405336649895212e+01
1.489689135118497632e+01
1.509098560938687683e+01
1.528633614110463945e+01
1.548294294633827661e+01
1.568080602508778476e+01
1.587992537735315679e+01
1.608030100313440158e+01
1.628193290243151736e+01
1.648482107524449702e+01
1.668896552157335478e+01
1.689436624141807641e+01
1.710102323477867259e+01
1.730893650165513975e+01
1.751810604204747079e+01
1.772853185595567638e+01
1.794021394337975295e+01
1.815315230431969340e+01
1.836734693877550839e+01
1.858279784674719437e+01
1.879950502823474423e+01
1.901746848323816863e+01
1.923668821175746046e+01
1.945716421379262329e+01
1.967889648934366065e+01
1.990188503841055834e+01
2.012612986099333057e+01
2.035163095709197023e+01
2.057838832670648799e+01
2.080640196983687673e+01
2.103567188648311870e+01
2.126619807664524942e+01
2.149798054032324046e+01
2.173101927751709184e+01
2.196531428822683196e+01
2.220086557245243952e+01
2.243767313019390386e+01
2.267573696145124629e+01
2.291505706622445260e+01
2.315563344451353700e+01
2.339746609631848884e+01
2.364055502163930811e+01
2.388490022047599837e+01
2.413050169282855961e+01
2.437735943869698829e+01
2.462547345808129151e+01
2.487484375098145861e+01
2.512547031739750025e+01
2.537735315732941288e+01
2.563049227077718939e+01
2.588488765774084044e+01
2.614053931822036958e+01
2.639744725221574839e+01
2.665561145972700885e+01
2.691503194075413319e+01
2.717570869529713562e+01
2.743764172335600904e+01
2.770083102493074279e+01
2.796527660002135462e+01
2.823097844862782679e+01
2.849793657075018061e+01
2.876615096638839830e+01
2.903562163554248343e+01
2.930634857821244665e+01
2.957833179439828086e+01
2.985157128409996830e+01
3.012606704731754093e+01
3.040181908405098099e+01
3.067882739430028138e+01
3.095709197806546342e+01
3.123661283534650224e+01
3.151738996614342270e+01
3.179942337045621770e+01
3.208271304828486592e+01
3.236725899962939934e+01
3.265306122448978954e+01
3.294011972286605783e+01
3.322843449475819710e+01
3.351800554016620026e+01
3.380883285909007441e+01
3.410091645152982665e+01
3.439425631748544276e+01
3.468885245695692277e+01
3.498470486994428796e+01
3.528181355644750283e+01
3.558017851646660290e+01
3.587979975000155974e+01
3.618067725705240179e+01
3.648281103761910771e+01
3.678620109170167751e+01
3.709084741930012541e+01
3.739675002041443719e+01
3.770390889504462706e+01
3.801232404319068081e+01
3.832199546485259845e+01
3.863292316003040128e+01
3.894510712872406799e+01
3.925854737093359148e+01
3.957324388665900017e+01
3.988919667590027984e+01
4.020640573865741629e+01
4.052487107493043084e+01
4.084459268471930926e+01
4.116557056802407288e+01
4.148780472484469328e+01
4.181129515518117756e+01
4.213604185903354704e+01
4.246204483640177330e+01
4.278930408728587764e+01
4.311781961168585298e+01
4.344759140960169219e+01
4.377861948103340239e+01
4.411090382598099069e+01
4.444444444444444287e+01
4.477924133642376603e+01
4.511529450191896018e+01
4.545260394093001111e+01
4.579116965345694723e+01
4.613099163949974013e+01
4.647206989905841823e+01
4.681440443213296021e+01
4.715799523872336607e+01
4.750284231882965003e+01
4.784894567245179786e+01
4.819630529958981668e+01
4.854492120024371360e+01
4.889479337441346729e+01
4.924592182209909907e+01
4.959830654330060895e+01
4.995194753801796850e+01
5.030684480625121324e+01
5.066299834800032897e+01
5.102040816326530148e+01
5.137907425204615208e+01
5.173899661434286656e+01
5.210017525015545914e+01
5.246261015948392270e+01
5.282630134232824304e+01
5.319124879868844857e+01
5.355745252856449667e+01
5.392491253195645129e+01
5.429362880886426268e+01
5.466360135928793085e+01
5.503483018322749132e+01
5.540731528068290856e+01
5.578105665165418969e+01
5.615605429614134891e+01
5.653230821414439333e+01
5.690981840566327321e+01
5.728858487069804539e+01
5.766860760924867435e+01
5.804988662131518851e+01
5.843242190689756654e+01
5.881621346599580846e+01
5.920126129860992847e+01
5.958756540473991237e+01
5.997512578438576725e+01
6.036394243754750022e+01
6.075401536422508997e+01
6.114534456441855781e+01
6.153793003812789664e+01
6.193177178535309935e+01
6.232686980609418015e+01
6.272322410035113194e+01
6.312083466812393340e+01
6.351970150941262716e+01
6.391982462421717059e+01
6.432120401253760633e+01
6.472383967437389174e+01
6.512773160972606945e+01
6.553287981859409683e+01
6.593928430097798810e+01
6.634694505687778587e+01
6.675586208629341911e+01
6.716603538922493044e+01
6.757746496567230565e+01
6.799015081563557317e+01
6.840409293911469035e+01
6.881929133610967142e+01
6.923574600662055900e+01
6.965345695064728204e+01
7.007242416818988318e+01
7.049264765924837661e+01
7.091412742382270551e+01
7.133686346191291250e+01
7.176085577351901179e+01
7.218610435864096075e+01
7.261260921727877360e+01
7.304037034943247875e+01
7.346938775510203357e+01
7.389966143428745227e+01
7.433119138698877748e+01
7.476397761320593816e+01
7.519802011293897692e+01
7.563331888618787957e+01
7.606987393295268873e+01
7.650768525323331914e+01
7.694675284702984186e+01
7.738707671434224267e+01
7.782865685517049315e+01
7.827149326951462172e+01
7.871558595737464259e+01
7.916093491875049892e+01
7.960754015364223335e+01
8.005540166204986008e+01
8.050451944397333648e+01
8.095489349941267676e+01
8.140652382836788092e+01
8.185941043083900581e+01
8.231355330682595195e+01
8.276895245632876197e+01
8.322560787934749271e+01
8.368351957588204471e+01
8.414268754593247479e+01
8.460311178949881139e+01
8.506479230658098345e+01
8.552772909717901939e+01
8.599192216129296185e+01
8.645737149892273976e+01
8.692407711006838156e+01
8.739203899472994408e+01
8.786125715290732785e+01
8.833173158460058971e+01
8.880346228980974388e+01
8.927644926853474772e+01
8.975069252077561544e+01
9.022619204653236125e+01
9.070294784580499936e+01
9.118095991859345872e+01
9.166022826489779618e+01
9.214075288471804015e+01
9.262253377805416221e+01
9.310557094490610552e+01
9.358986438527395535e+01
9.407541409915764063e+01
9.456222008655724665e+01
9.505028234747270233e+01
9.553960088190399347e+01
9.603017568985117691e+01
9.652200677131422424e+01
9.701509412629317808e+01
9.750943775478795317e+01
9.800503765679860635e+01
9.850189383232516604e+01
9.900000628136756120e+01
9.949937500392583445e+01
1.000000000000000000e+02
0.000000000000000000e+00
6.281367579349000137e-04
2.512547031739699802e-03
5.653230821414399580e-03
1.005018812695900043e-02
1.570341894837340088e-02
2.261292328565769894e-02
3.077870113881190153e-02
4.020075250783600174e-02
5.087907739272989893e-02
6.281367579349370067e-02
7.600454771012739308e-02
9.045169314263100391e-02
1.061551120910043944e-01
1.231148045552477033e-01
1.413307705353608890e-01
1.608030100313440069e-01
1.815315230431968907e-01
2.035163095709197068e-01
2.267573696145123996e-01
2.512547031739750247e-01
2.770083102493073879e-01
3.040181908405096833e-01
3.322843449475819111e-01
3.618067725705240156e-01
3.925854737093358859e-01
4.246204483640176885e-01
4.579116965345694790e-01
4.924592182209909796e-01
5.282630134232824126e-01
5.653230821414437779e-01
6.036394243754749089e-01
6.432120401253760278e-01
6.840409293911469124e-01
7.261260921727877848e-01
7.694675284702984230e-01
8.140652382836790490e-01
8.599192216129294408e-01
9.070294784580498204e-01
9.553960088190399658e-01
1.005018812695900099e+00
1.055897890088629776e+00
1.108033240997229774e+00
1.161424865421699648e+00
1.216072763362038955e+00
1.271976934818247917e+00
1.329137379790328088e+00
1.387554098278277248e+00
1.447227090282096063e+00
1.508156355801784754e+00
1.570341894837343766e+00
1.633783707388772877e+00
1.698481793456070976e+00
1.764436153039239175e+00
1.831646786138277916e+00
1.900113692753186312e+00
1.969836872883963919e+00
2.040816326530611846e+00
2.113052053693129650e+00
2.186544054371517998e+00
2.261292328565775112e+00
2.337296876275902324e+00
2.414557697501900080e+00
2.493074792243767490e+00
2.572848160501504111e+00
2.653877802275110831e+00
2.736163717564588094e+00
2.819705906369935011e+00
2.904504368691151139e+00
2.990559104528237366e+00
3.077870113881193692e+00
3.166437396750021005e+00
3.256260953134716196e+00
3.347340783035281042e+00
3.439676886451717763e+00
3.533269263384024139e+00
3.628117913832199282e+00
3.724222837796244079e+00
3.821584035276159863e+00
3.920201506271945746e+00
4.020075250783600396e+00
4.121205268811124256e+00
4.223591560354519103e+00
4.327234125413784938e+00
4.432132963988919094e+00
4.538288076079923350e+00
4.645699461686798593e+00
4.754367120809543046e+00
4.864291053448155822e+00
4.975471259602639584e+00
5.087907739272992558e+00
5.201600492459218295e+00
5.316549519161312354e+00
5.432754819379273847e+00
5.550216393113108992e+00
5.668934240362811572e+00
5.788908361128384250e+00
5.910138755409827027e+00
6.032625423207139015e+00
6.156368364520322878e+00
6.281367579349375063e+00
6.407623067694297347e+00
6.535134829555092395e+00
6.663902864931753101e+00
6.793927173824283905e+00
6.925207756232685696e+00
7.057744612156956698e+00
7.191537741597100464e+00
7.326587144553111663e+00
7.462892821024992074e+00
7.600454771012745248e+00
7.739272994516365856e+00
7.879347491535856562e+00
8.020678262071216480e+00
8.163265306122447384e+00
8.307108623689549276e+00
8.452208214772518602e+00
8.598564079371358915e+00
8.746176217486071991e+00
8.895044629116650725e+00
9.045169314263100446e+00
9.196550272925419378e+00
9.349187505103609297e+00
9.503081010797670203e+00
9.658230790007600319e+00
9.814636842733397870e+00
9.972299168975069961e+00
1.013121776873260771e+01
1.029139264200601644e+01
1.045282378879529439e+01
1.061551120910044332e+01
1.077945490292146324e+01
1.094465487025835060e+01
1.111111111111110716e+01
1.127882362547974004e+01
1.144779241336423681e+01
1.161801747476460456e+01
1.178949880968084152e+01
1.196223641811294947e+01
1.213623030006092840e+01
1.231148045552477654e+01
1.248798688450449212e+01
1.266574958700008224e+01
1.284476856301153802e+01
1.302504381253886478e+01
1.320657533558206076e+01
1.338936313214112594e+01
1.357340720221606567e+01
1.375870754580687283e+01
1.394526416291354742e+01
1.413307705353609656e+01
1.432214621767451135e+01
1.451247165532879535e+01
1.470405336649895212e+01
1.489689135118497632e+01
1.509098560938687683e+01
1.528633614110463945e+01
1.548294294633827661e+01
1.568080602508778476e+01
1.587992537735315679e+01
1.608030100313440158e+01
1.628193290243151736e+01
1.648482107524449702e+01
1.668896552157335478e+01
1.689436624141807641e+01
1.710102323477867259e+01
1.730893650165513975e+01
1.751810604204747079e+01
1.772853185595567638e+01
1.794021394337975295e+01
1.815315230431969340e+01
1.836734693877550839e+01
1.858279784674719437e+01
1.879950502823474423e+01
1.901746848323816863e+01
1.923668821175746046e+01
1.945716421379262329e+01
1.967889648934366065e+01
1.990188503841055834e+01
2.012612986099333057e+01
2.035163095709197023e+01
2.057838832670648799e+01
2.080640196983687673e+01
2.103567188648311870e+01
2.126619807664524942e+01
2.149798054032324046e+01
2.173101927751709184e+01
2.196531428822683196e+01
2.220086557245243952e+01
2.243767313019390386e+01
2.267573696145124629e+01
2.291505706622445260e+01
2.315563344451353700e+01
2.339746609631848884e+01
2.364055502163930811e+01
2.388490022047599837e+01
2.413050169282855961e+01
2.437735943869698829e+01
2.462547345808129151e+01
2.487484375098145861e+01
2.512547031739750025e+01
2.537735315732941288e+01
2.563049227077718939e+01
2.588488765774084044e+01
2.614053931822036958e+01
2.639744725221574839e+01
2.665561145972700885e+01
2.691503194075413319e+01
2.717570869529713562e+01
2.743764172335600904e+01
2.770083102493074279e+01
2.796527660002135462e+01
2.823097844862782679e+01
2.849793657075018061e+01
2.876615096638839830e+01
2.903562163554248343e+01
2.930634857821244665e+01
2.957833179439828086e+01
2.985157128409996830e+01
3.012606704731754093e+01
3.040181908405098099e+01
3.067882739430028138e+01
3.095709197806546342e+01
3.123661283534650224e+01
3.151738996614342270e+01
3.179942337045621770e+01
3.208271304828486592e+01
3.236725899962939934e+01
3.265306122448978954e+01
3.294011972286605783e+01
3.322843449475819710e+01
3.351800554016620026e+01
3.380883285909007441e+01
3.410091645152982665e+01
3.439425631748544276e+01
3.468885245695692277e+01
3.498470486994428796e+01
3.528181355644750283e+01
3.558017851646660290e+01
3.587979975000155974e+01
3.618067725705240179e+01
3.648281103761910771e+01
3.678620109170167751e+01
3.709084741930012541e+01
3.739675002041443719e+01
3.770390889504462706e+01
3.801232404319068081e+01
3.832199546485259845e+01
3.863292316003040128e+01
3.894510712872406799e+01
3.925854737093359148e+01
3.957324388665900017e+01
3.988919667590027984e+01
4.020640573865741629e+01
4.052487107493043084e+01
4.084459268471930926e+01
4.116557056802407288e+01
4.148780472484469328e+01
4.181129515518117756e+01
4.213604185903354704e+01
4.246204483640177330e+01
4.278930408728587764e+01
4.311781961168585298e+01
4.344759140960169219e+01
4.377861948103340239e+01
4.411090382598099069e+01
4.444444444444444287e+01
4.477924133642376603e+01
4.511529450191896018e+01
4.545260394093001111e+01
4.579116965345694723e+01
4.613099163949974013e+01
4.647206989905841823e+01
4.681440443213296021e+01
4.715799523872336607e+01
4.750284231882965003e+01
4.784894567245179786e+01
4.819630529958981668e+01
4.854492120024371360e+01
4.889479337441346729e+01
4.924592182209909907e+01
4.959830654330060895e+01
4.995194753801796850e+01
5.030684480625121324e+01
5.066299834800032897e+01
5.102040816326530148e+01
5.137907425204615208e+01
5.173899661434286656e+01
5.210017525015545914e+01
5.246261015948392270e+01
5.282630134232824304e+01
5.319124879868844857e+01
5.355745252856449667e+01
5.392491253195645129e+01
5.429362880886426268e+01
5.466360135928793085e+01
5.503483018322749132e+01
5.540731528068290856e+01
5.578105665165418969e+01
5.615605429614134891e+01
5.653230821414439333e+01
5.690981840566327321e+01
5.728858487069804539e+01
5.766860760924867435e+01
5.804988662131518851e+01
5.843242190689756654e+01
5.881621346599580846e+01
5.920126129860992847e+01
5.958756540473991237e+01
5.997512578438576725e+01
6.036394243754750022e+01
6.075401536422508997e+01
6.114534456441855781e+01
6.153793003812789664e+01
6.193177178535309935e+01
6.232686980609418015e+01
6.272322410035113194e+01
6.312083466812393340e+01
6.351970150941262716e+01
6.391982462421717059e+01
6.432120401253760633e+01
6.472383967437389174e+01
6.512773160972606945e+01
6.553287981859409683e+01
6.593928430097798810e+01
6.634694505687778587e+01
6.675586208629341911e+01
6.716603538922493044e+01
6.757746496567230565e+01
6.799015081563557317e+01
6.840409293911469035e+01
6.881929133610967142e+01
6.923574600662055900e+01
6.965345695064728204e+01
7.007242416818988318e+01
7.049264765924837661e+01
7.091412742382270551e+01
7.133686346191291250e+01
7.176085577351901179e+01
7.218610435864096075e+01
7.261260921727877360e+01
7.304037034943247875e+01
7.346938775510203357e+01
7.389966143428745227e+01
7.433119138698877748e+01
7.476397761320593816e+01
7.519802011293897692e+01
7.563331888618787957e+01
7.606987393295268873e+01
7.650768525323331914e+01
7.694675284702984186e+01
7.738707671434224267e+01
7.782865685517049315e+01
7.827149326951462172e+01
7.871558595737464259e+01
7.916093491875049892e+01
7.960754015364223335e+01
8.005540166204986008e+01
8.050451944397333648e+01
8.095489349941267676e+01
8.140652382836788092e+01
8.185941043083900581e+01
8.231355330682595195e+01
8.276895245632876197e+01
8.322560787934749271e+01
8.368351957588204471e+01
8.414268754593247479e+01
8.460311178949881139e+01
8.506479230658098345e+01
8.552772909717901939e+01
8.599192216129296185e+01
8.645737149892273976e+01
8.692407711006838156e+01
8.739203899472994408e+01
8.786125715290732785e+01
8.833173158460058971e+01
8.880346228980974388e+01
8.927644926853474772e+01
8.975069252077561544e+01
9.022619204653236125e+01
9.070294784580499936e+01
9.118095991859345872e+01
9.166022826489779618e+01
9.214075288471804015e+01
9.262253377805416221e+01
9.310557094490610552e+01
9.358986438527395535e+01
9.407541409915764063e+01
9.456222008655724665e+01
9.505028234747270233e+01
9.553960088190399347e+01
9.603017568985117691e+01
9.652200677131422424e+01
9.701509412629317808e+01
9.750943775478795317e+01
9.800503765679860635e+01
9.850189383232516604e+01
9.900000628136756120e+01
9.949937500392583445e+01
1.000000000000000000e+02
0.000000000000000000e+00
6.281367579349000137e-04
2.512547031739699802e-03
5.653230821414399580e-03
1.005018812695900043e-02
1.570341894837340088e-02
2.261292328565769894e-02
3.077870113881190153e-02
4.020075250783600174e-02
5.087907739272989893e-02
6.281367579349370067e-02
7.600454771012739308e-02
9.045169314263100391e-02
1.061551120910043944e-01
1.231148045552477033e-01
1.413307705353608890e-01
1.608030100313440069e-01
1.815315230431968907e-01
2.035163095709197068e-01
2.267573696145123996e-01
2.512547031739750247e-01
2.770083102493073879e-01
3.040181908405096833e-01
3.322843449475819111e-01
3.618067725705240156e-01
3.925854737093358859e-01
4.246204483640176885e-01
4.579116965345694790e-01
4.924592182209909796e-01
5.282630134232824126e-01
5.653230821414437779e-01
6.036394243754749089e-01
6.432120401253760278e-01
6.840409293911469124e-01
7.261260921727877848e-01
7.694675284702984230e-01
8.140652382836790490e-01
8.599192216129294408e-01
9.070294784580498204e-01
9.553960088190399658e-01
1.005018812695900099e+00
1.055897890088629776e+00
1.108033240997229774e+00
1.161424865421699648e+00
1.216072763362038955e+00
1.271976934818247917e+00
1.329137379790328088e+00
1.387554098278277248e+00
1.447227090282096063e+00
1.508156355801784754e+00
1.570341894837343766e+00
1.633783707388772877e+00
1.698481793456070976e+00
1.764436153039239175e+00
1.831646786138277916e+00
1.900113692753186312e+00
1.969836872883963919e+00
2.040816326530611846e+00
2.113052053693129650e+00
2.186544054371517998e+00
2.261292328565775112e+00
2.337296876275902324e+00
2.414557697501900080e+00
2.493074792243767490e+00
2.572848160501504111e+00
2.653877802275110831e+00
2.736163717564588094e+00
2.819705906369935011e+00
2.904504368691151139e+00
2.990559104528237366e+00
3.077870113881193692e+00
3.166437396750021005e+00
3.256260953134716196e+00
3.347340783035281042e+00
3.439676886451717763e+00
3.533269263384024139e+00
3.628117913832199282e+00
3.724222837796244079e+00
3.821584035276159863e+00
3.920201506271945746e+00
4.020075250783600396e+00
4.121205268811124256e+00
4.223591560354519103e+00
4.327234125413784938e+00
4.432132963988919094e+00
4.538288076079923350e+00
4.645699461686798593e+00
4.754367120809543046e+00
4.864291053448155822e+00
4.975471259602639584e+00
5.087907739272992558e+00
5.201600492459218295e+00
5.316549519161312354e+00
5.432754819379273847e+00
5.550216393113108992e+00
5.668934240362811572e+00
5.788908361128384250e+00
5.910138755409827027e+00
6.032625423207139015e+00
6.156368364520322878e+00
6.281367579349375063e+00
6.407623067694297347e+00
6.535134829555092395e+00
6.663902864931753101e+00
6.793927173824283905e+00
6.925207756232685696e+00
7.057744612156956698e+00
7.191537741597100464e+00
7.326587144553111663e+00
7.462892821024992074e+00
7.600454771012745248e+00
7.739272994516365856e+00
7.879347491535856562e+00
8.020678262071216480e+00
8.163265306122447384e+00
8.307108623689549276e+00
8.452208214772518602e+00
8.598564079371358915e+00
8.746176217486071991e+00
8.895044629116650725e+00
9.045169314263100446e+00
9.196550272925419378e+00
9.349187505103609297e+00
9.503081010797670203e+00
9.658230790007600319e+00
9.814636842733397870e+00
9.972299168975069961e+00
1.013121776873260771e+01
1.029139264200601644e+01
1.045282378879529439e+01
1.061551120910044332e+01
1.077945490292146324e+01
1.094465487025835060e+01
1.111111111111110716e+01
1.127882362547974004e+01
1.144779241336423681e+01
1.161801747476460456e+01
1.178949880968084152e+01
1.196223641811294947e+01
1.213623030006092840e+01
1.231148045552477654e+01
1.248798688450449212e+01
1.266574958700008224e+01
1.284476856301153802e+01
1.302504381253886478e+01
1.320657533558206076e+01
1.338936313214112594e+01
1.357340720221606567e+01
1.375870754580687283e+01
1.394526416291354742e+01
1.413307705353609656e+01
1.432214621767451135e+01
1.451247165532879535e+01
1.470405336649895212e+01
1.489689135118497632e+01
1.509098560938687683e+01
1.528633614110463945e+01
1.548294294633827661e+01
1.568080602508778476e+01
1.587992537735315679e+01
1.608030100313440158e+01
1.628193290243151736e+01
1.648482107524449702e+01
1.668896552157335478e+01
1.689436624141807641e+01
1.710102323477867259e+01
1.730893650165513975e+01
1.751810604204747079e+01
1.772853185595567638e+01
1.794021394337975295e+01
1.815315230431969340e+01
1.836734693877550839e+01
1.858279784674719437e+01
1.879950502823474423e+01
1.901746848323816863e+01
1.923668821175746046e+01
1.945716421379262329e+01
1.967889648934366065e+01
1.990188503841055834e+01
2.012612986099333057e+01
2.035163095709197023e+01
2.057838832670648799e+01
2.080640196983687673e+01
2.103567188648311870e+01
2.126619807664524942e+01
2.149798054032324046e+01
2.173101927751709184e+01
2.196531428822683196e+01
2.220086557245243952e+01
2.243767313019390386e+01
2.267573696145124629e+01
2.291505706622445260e+01
2.315563344451353700e+01
2.339746609631848884e+01
2.364055502163930811e+01
2.388490022047599837e+01
2.413050169282855961e+01
2.437735943869698829e+01
2.462547345808129151e+01
2.487484375098145861e+01
2.512547031739750025e+01
2.537735315732941288e+01
2.563049227077718939e+01
2.588488765774084044e+01
2.614053931822036958e+01
2.639744725221574839e+01
2.665561145972700885e+01
2.691503194075413319e+01
2.717570869529713562e+01
2.743764172335600904e+01
2.770083102493074279e+01
2.796527660002135462e+01
2.823097844862782679e+01
2.849793657075018061e+01
2.876615096638839830e+01
2.903562163554248343e+01
2.930634857821244665e+01
2.957833179439828086e+01
2.985157128409996830e+01
3.012606704731754093e+01
3.040181908405098099e+01
3.067882739430028138e+01
3.095709197806546342e+01
3.123661283534650224e+01
3.151738996614342270e+01
3.179942337045621770e+01
3.208271304828486592e+01
3.236725899962939934e+01
3.265306122448978954e+01
3.294011972286605783e+01
3.322843449475819710e+01
3.351800554016620026e+01
3.380883285909007441e+01
3.410091645152982665e+01
3.439425631748544276e+01
3.468885245695692277e+01
3.498470486994428796e+01
3.528181355644750283e+01
3.558017851646660290e+01
3.587979975000155974e+01
3.618067725705240179e+01
3.648281103761910771e+01
3.678620109170167751e+01
3.709084741930012541e+01
3.739675002041443719e+01
3.770390889504462706e+01
3.801232404319068081e+01
3.832199546485259845e+01
3.863292316003040128e+01
3.894510712872406799e+01
3.925854737093359148e+01
3.957324388665900017e+01
3.988919667590027984e+01
4.020640573865741629e+01
4.052487107493043084e+01
4.084459268471930926e+01
4.116557056802407288e+01
4.148780472484469328e+01
4.181129515518117756e+01
4.213604185903354704e+01
4.246204483640177330e+01
4.278930408728587764e+01
4.311781961168585298e+01
4.344759140960169219e+01
4.377861948103340239e+01
4.411090382598099069e+01
4.444444444444444287e+01
4.477924133642376603e+01
4.511529450191896018e+01
4.545260394093001111e+01
4.579116965345694723e+01
4.613099163949974013e+01
4.647206989905841823e+01
4.681440443213296021e+01
4.715799523872336607e+01
4.750284231882965003e+01
4.784894567245179786e+01
4.819630529958981668e+01
4.854492120024371360e+01
4.889479337441346729e+01
4.924592182209909907e+01
4.959830654330060895e+01
4.995194753801796850e+01
5.030684480625121324e+01
5.066299834800032897e+01
5.102040816326530148e+01
5.137907425204615208e+01
5.173899661434286656e+01
5.210017525015545914e+01
5.246261015948392270e+01
5.282630134232824304e+01
5.319124879868844857e+01
5.355745252856449667e+01
5.392491253195645129e+01
5.429362880886426268e+01
5.466360135928793085e+01
5.503483018322749132e+01
5.540731528068290856e+01
5.578105665165418969e+01
5.615605429614134891e+01
5.653230821414439333e+01
5.690981840566327321e+01
5.728858487069804539e+01
5.766860760924867435e+01
5.804988662131518851e+01
5.843242190689756654e+01
5.881621346599580846e+01
5.920126129860992847e+01
5.958756540473991237e+01
5.997512578438576725e+01
6.036394243754750022e+01
6.075401536422508997e+01
6.114534456441855781e+01
6.153793003812789664e+01
6.193177178535309935e+01
6.232686980609418015e+01
6.272322410035113194e+01
6.312083466812393340e+01
6.351970150941262716e+01
6.391982462421717059e+01
6.432120401253760633e+01
6.472383967437389174e+01
6.512773160972606945e+01
6.553287981859409683e+01
6.593928430097798810e+01
6.634694505687778587e+01
6.675586208629341911e+01
6.716603538922493044e+01
6.757746496567230565e+01
6.799015081563557317e+01
6.840409293911469035e+01
6.881929133610967142e+01
6.923574600662055900e+01
6.965345695064728204e+01
7.007242416818988318e+01
7.049264765924837661e+01
7.091412742382270551e+01
7.133686346191291250e+01
7.176085577351901179e+01
7.218610435864096075e+01
7.261260921727877360e+01
7.304037034943247875e+01
7.346938775510203357e+01
7.389966143428745227e+01
7.433119138698877748e+01
7.476397761320593816e+01
7.519802011293897692e+01
7.563331888618787957e+01
7.606987393295268873e+01
7.650768525323331914e+01
7.694675284702984186e+01
7.738707671434224267e+01
7.782865685517049315e+01
7.827149326951462172e+01
7.871558595737464259e+01
7.916093491875049892e+01
7.960754015364223335e+01
8.005540166204986008e+01
8.050451944397333648e+01
8.095489349941267676e+01
8.140652382836788092e+01
8.185941043083900581e+01
8.231355330682595195e+01
8.276895245632876197e+01
8.322560787934749271e+01
8.368351957588204471e+01
8.414268754593247479e+01
8.460311178949881139e+01
8.506479230658098345e+01
8.552772909717901939e+01
8.599192216129296185e+01
8.645737149892273976e+01
8.692407711006838156e+01
8.739203899472994408e+01
8.786125715290732785e+01
8.833173158460058971e+01
8.880346228980974388e+01
8.927644926853474772e+01
8.975069252077561544e+01
9.022619204653236125e+01
9.070294784580499936e+01
9.118095991859345872e+01
9.166022826489779618e+01
9.214075288471804015e+01
9.262253377805416221e+01
9.310557094490610552e+01
9.358986438527395535e+01
9.407541409915764063e+01
9.456222008655724665e+01
9.505028234747270233e+01
9.553960088190399347e+01
9.603017568985117691e+01
9.652200677131422424e+01
9.701509412629317808e+01
9.750943775478795317e+01
9.800503765679860635e+01
9.850189383232516604e+01
9.900000628136756120e+01
9.949937500392583445e+01
1.000000000000000000e+02
1.000000000000000000e+02
5.000000000000000000e+01
2.500000000000000000e+01
7.500000000000000000e+01
1.250000000000000000e+01
6.250000000000000000e+01
3.750000000000000000e+01
8.750000000000000000e+01
6.250000000000000000e+00
5.625000000000000000e+01
3.125000000000000000e+01
8.125000000000000000e+01
1.875000000000000000e+01
6.875000000000000000e+01
4.375000000000000000e+01
9.375000000000000000e+01
3.125000000000000000e+00
5.312500000000000000e+01
2.812500000000000000e+01
7.812500000000000000e+01
1.562500000000000000e+01
6.562500000000000000e+01
4.062500000000000000e+01
9.062500000000000000e+01
9.375000000000000000e+00
5.937500000000000000e+01
3.437500000000000000e+01
8.437500000000000000e+01
2.187500000000000000e+01
7.187500000000000000e+01
4.687500000000000000e+01
9.687500000000000000e+01
1.562500000000000000e+00
5.156250000000000000e+01
2.656250000000000000e+01
7.656250000000000000e+01
1.406250000000000000e+01
6.406250000000000000e+01
3.906250000000000000e+01
8.906250000000000000e+01
7.812500000000000000e+00
5.781250000000000000e+01
3.281250000000000000e+01
8.281250000000000000e+01
2.031250000000000000e+01
7.031250000000000000e+01
4.531250000000000000e+01
9.531250000000000000e+01
4.687500000000000000e+00
5.468750000000000000e+01
2.968750000000000000e+01
7.968750000000000000e+01
1.718750000000000000e+01
6.718750000000000000e+01
4.218750000000000000e+01
9.218750000000000000e+01
1.093750000000000000e+01
6.093750000000000000e+01
3.593750000000000000e+01
8.593750000000000000e+01
2.343750000000000000e+01
7.343750000000000000e+01
4.843750000000000000e+01
9.843750000000000000e+01
7.812500000000000000e-01
5.078125000000000000e+01
2.578125000000000000e+01
7.578125000000000000e+01
1.328125000000000000e+01
6.328125000000000000e+01
3.828125000000000000e+01
8.828125000000000000e+01
7.031250000000000000e+00
5.703125000000000000e+01
3.203125000000000000e+01
8.203125000000000000e+01
1.953125000000000000e+01
6.953125000000000000e+01
4.453125000000000000e+01
9.453125000000000000e+01
3.906250000000000000e+00
5.390625000000000000e+01
2.890625000000000000e+01
7.890625000000000000e+01
1.640625000000000000e+01
6.640625000000000000e+01
4.140625000000000000e+01
9.140625000000000000e+01
1.015625000000000000e+01
6.015625000000000000e+01
3.515625000000000000e+01
8.515625000000000000e+01
2.265625000000000000e+01
7.265625000000000000e+01
4.765625000000000000e+01
9.765625000000000000e+01
2.343750000000000000e+00
5.234375000000000000e+01
2.734375000000000000e+01
7.734375000000000000e+01
1.484375000000000000e+01
6.484375000000000000e+01
3.984375000000000000e+01
8.984375000000000000e+01
8.593750000000000000e+00
5.859375000000000000e+01
3.359375000000000000e+01
8.359375000000000000e+01
2.109375000000000000e+01
7.109375000000000000e+01
4.609375000000000000e+01
9.609375000000000000e+01
5.468750000000000000e+00
5.546875000000000000e+01
3.046875000000000000e+01
8.046875000000000000e+01
1.796875000000000000e+01
6.796875000000000000e+01
4.296875000000000000e+01
9.296875000000000000e+01
1.171875000000000000e+01
6.171875000000000000e+01
3.671875000000000000e+01
8.671875000000000000e+01
2.421875000000000000e+01
7.421875000000000000e+01
4.921875000000000000e+01
9.921875000000000000e+01
3.906250000000000000e-01
5.039062500000000000e+01
2.539062500000000000e+01
7.539062500000000000e+01
1.289062500000000000e+01
6.289062500000000000e+01
3.789062500000000000e+01
8.789062500000000000e+01
6.640625000000000000e+00
5.664062500000000000e+01
3.164062500000000000e+01
8.164062500000000000e+01
1.914062500000000000e+01
6.914062500000000000e+01
4.414062500000000000e+01
9.414062500000000000e+01
3.515625000000000000e+00
5.351562500000000000e+01
2.851562500000000000e+01
7.851562500000000000e+01
1.601562500000000000e+01
6.601562500000000000e+01
4.101562500000000000e+01
9.101562500000000000e+01
9.765625000000000000e+00
5.976562500000000000e+01
3.476562500000000000e+01
8.476562500000000000e+01
2.226562500000000000e+01
7.226562500000000000e+01
4.726562500000000000e+01
9.726562500000000000e+01
1.953125000000000000e+00
5.195312500000000000e+01
2.695312500000000000e+01
7.695312500000000000e+01
1.445312500000000000e+01
6.445312500000000000e+01
3.945312500000000000e+01
8.945312500000000000e+01
8.203125000000000000e+00
5.820312500000000000e+01
3.320312500000000000e+01
8.320312500000000000e+01
2.070312500000000000e+01
7.070312500000000000e+01
4.570312500000000000e+01
9.570312500000000000e+01
5.078125000000000000e+00
5.507812500000000000e+01
3.007812500000000000e+01
8.007812500000000000e+01
1.757812500000000000e+01
6.757812500000000000e+01
4.257812500000000000e+01
9.257812500000000000e+01
1.132812500000000000e+01
6.132812500000000000e+01
3.632812500000000000e+01
8.632812500000000000e+01
2.382812500000000000e+01
7.382812500000000000e+01
4.882812500000000000e+01
9.882812500000000000e+01
1.171875000000000000e+00
5.117187500000000000e+01
2.617187500000000000e+01
7.617187500000000000e+01
1.367187500000000000e+01
6.367187500000000000e+01
3.867187500000000000e+01
8.867187500000000000e+01
7.421875000000000000e+00
5.742187500000000000e+01
3.242187500000000000e+01
8.242187500000000000e+01
1.992187500000000000e+01
6.992187500000000000e+01
4.492187500000000000e+01
9.492187500000000000e+01
4.296875000000000000e+00
5.429687500000000000e+01
2.929687500000000000e+01
7.929687500000000000e+01
1.679687500000000000e+01
6.679687500000000000e+01
4.179687500000000000e+01
9.179687500000000000e+01
1.054687500000000000e+01
6.054687500000000000e+01
3.554687500000000000e+01
8.554687500000000000e+01
2.304687500000000000e+01
7.304687500000000000e+01
4.804687500000000000e+01
9.804687500000000000e+01
2.734375000000000000e+00
5.273437500000000000e+01
2.773437500000000000e+01
7.773437500000000000e+01
1.523437500000000000e+01
6.523437500000000000e+01
4.023437500000000000e+01
9.023437500000000000e+01
8.984375000000000000e+00
5.898437500000000000e+01
3.398437500000000000e+01
8.398437500000000000e+01
2.148437500000000000e+01
7.148437500000000000e+01
4.648437500000000000e+01
9.648437500000000000e+01
5.859375000000000000e+00
5.585937500000000000e+01
3.085937500000000000e+01
8.085937500000000000e+01
1.835937500000000000e+01
6.835937500000000000e+01
4.335937500000000000e+01
9.335937500000000000e+01
1.210937500000000000e+01
6.210937500000000000e+01
3.710937500000000000e+01
8.710937500000000000e+01
2.460937500000000000e+01
7.460937500000000000e+01
4.960937500000000000e+01
9.960937500000000000e+01
1.953125000000000000e-01
5.019531250000000000e+01
2.519531250000000000e+01
7.519531250000000000e+01
1.269531250000000000e+01
6.269531250000000000e+01
3.769531250000000000e+01
8.769531250000000000e+01
6.445312500000000000e+00
5.644531250000000000e+01
3.144531250000000000e+01
8.144531250000000000e+01
1.894531250000000000e+01
6.894531250000000000e+01
4.394531250000000000e+01
9.394531250000000000e+01
3.320312500000000000e+00
5.332031250000000000e+01
2.832031250000000000e+01
7.832031250000000000e+01
1.582031250000000000e+01
6.582031250000000000e+01
4.082031250000000000e+01
9.082031250000000000e+01
9.570312500000000000e+00
5.957031250000000000e+01
3.457031250000000000e+01
8.457031250000000000e+01
2.207031250000000000e+01
7.207031250000000000e+01
4.707031250000000000e+01
9.707031250000000000e+01
1.757812500000000000e+00
5.175781250000000000e+01
2.675781250000000000e+01
7.675781250000000000e+01
1.425781250000000000e+01
6.425781250000000000e+01
3.925781250000000000e+01
8.925781250000000000e+01
8.007812500000000000e+00
5.800781250000000000e+01
3.300781250000000000e+01
8.300781250000000000e+01
2.050781250000000000e+01
7.050781250000000000e+01
4.550781250000000000e+01
9.550781250000000000e+01
4.882812500000000000e+00
5.488281250000000000e+01
2.988281250000000000e+01
7.988281250000000000e+01
1.738281250000000000e+01
6.738281250000000000e+01
4.238281250000000000e+01
9.238281250000000000e+01
1.113281250000000000e+01
6.113281250000000000e+01
3.613281250000000000e+01
8.613281250000000000e+01
2.363281250000000000e+01
7.363281250000000000e+01
4.863281250000000000e+01
9.863281250000000000e+01
9.765625000000000000e-01
5.097656250000000000e+01
2.597656250000000000e+01
7.597656250000000000e+01
1.347656250000000000e+01
6.347656250000000000e+01
3.847656250000000000e+01
8.847656250000000000e+01
7.226562500000000000e+00
5.722656250000000000e+01
3.222656250000000000e+01
8.222656250000000000e+01
1.972656250000000000e+01
6.972656250000000000e+01
4.472656250000000000e+01
9.472656250000000000e+01
4.101562500000000000e+00
5.410156250000000000e+01
2.910156250000000000e+01
7.910156250000000000e+01
1.660156250000000000e+01
6.660156250000000000e+01
4.160156250000000000e+01
9.160156250000000000e+01
1.035156250000000000e+01
6.035156250000000000e+01
3.535156250000000000e+01
8.535156250000000000e+01
2.285156250000000000e+01
7.285156250000000000e+01
4.785156250000000000e+01
9.785156250000000000e+01
2.539062500000000000e+00
5.253906250000000000e+01
2.753906250000000000e+01
7.753906250000000000e+01
1.503906250000000000e+01
6.503906250000000000e+01
4.003906250000000000e+01
9.003906250000000000e+01
8.789062500000000000e+00
5.878906250000000000e+01
3.378906250000000000e+01
8.378906250000000000e+01
2.128906250000000000e+01
7.128906250000000000e+01
4.628906250000000000e+01
9.628906250000000000e+01
5.664062500000000000e+00
5.566406250000000000e+01
3.066406250000000000e+01
8.066406250000000000e+01
1.816406250000000000e+01
6.816406250000000000e+01
4.316406250000000000e+01
9.316406250000000000e+01
1.191406250000000000e+01
6.191406250000000000e+01
3.691406250000000000e+01
8.691406250000000000e+01
2.441406250000000000e+01
7.441406250000000000e+01
4.941406250000000000e+01
9.941406250000000000e+01
5.859375000000000000e-01
5.058593750000000000e+01
2.558593750000000000e+01
7.558593750000000000e+01
1.308593750000000000e+01
6.308593750000000000e+01
3.808593750000000000e+01
8.808593750000000000e+01
6.835937500000000000e+00
5.683593750000000000e+01
3.183593750000000000e+01
8.183593750000000000e+01
1.933593750000000000e+01
6.933593750000000000e+01
4.433593750000000000e+01
9.433593750000000000e+01
3.710937500000000000e+00
5.371093750000000000e+01
2.871093750000000000e+01
7.871093750000000000e+01
1.621093750000000000e+01
6.621093750000000000e+01
4.121093750000000000e+01
9.121093750000000000e+01
9.960937500000000000e+00
5.996093750000000000e+01
3.496093750000000000e+01
8.496093750000000000e+01
2.246093750000000000e+01
7.246093750000000000e+01
4.746093750000000000e+01
9.746093750000000000e+01
2.148437500000000000e+00
5.214843750000000000e+01
2.714843750000000000e+01
7.714843750000000000e+01
1.464843750000000000e+01
6.464843750000000000e+01
3.964843750000000000e+01
8.964843750000000000e+01
8.398437500000000000e+00
5.839843750000000000e+01
3.339843750000000000e+01
8.339843750000000000e+01
2.089843750000000000e+01
7.089843750000000000e+01
4.589843750000000000e+01
9.589843750000000000e+01
5.273437500000000000e+00
5.527343750000000000e+01
3.027343750000000000e+01
8.027343750000000000e+01
1.777343750000000000e+01
6.777343750000000000e+01
4.277343750000000000e+01
9.277343750000000000e+01
1.152343750000000000e+01
6.152343750000000000e+01
3.652343750000000000e+01
8.652343750000000000e+01
2.402343750000000000e+01
7.402343750000000000e+01
4.902343750000000000e+01
9.902343750000000000e+01
1.367187500000000000e+00
5.136718750000000000e+01
2.636718750000000000e+01
7.636718750000000000e+01
1.386718750000000000e+01
6.386718750000000000e+01
3.886718750000000000e+01
8.886718750000000000e+01
7.617187500000000000e+00
5.761718750000000000e+01
3.261718750000000000e+01
8.261718750000000000e+01
2.011718750000000000e+01
7.011718750000000000e+01
4.511718750000000000e+01
9.511718750000000000e+01
4.492187500000000000e+00
5.449218750000000000e+01
2.949218750000000000e+01
7.949218750000000000e+01
1.699218750000000000e+01
6.699218750000000000e+01
4.199218750000000000e+01
9.199218750000000000e+01
1.074218750000000000e+01
6.074218750000000000e+01
3.574218750000000000e+01
8.574218750000000000e+01
2.324218750000000000e+01
7.324218750000000000e+01
4.824218750000000000e+01
9.824218750000000000e+01
2.929687500000000000e+00
5.292968750000000000e+01
2.792968750000000000e+01
7.792968750000000000e+01
1.542968750000000000e+01
6.542968750000000000e+01
4.042968750000000000e+01
9.042968750000000000e+01
9.179687500000000000e+00
5.917968750000000000e+01
3.417968750000000000e+01
8.417968750000000000e+01
2.167968750000000000e+01
7.167968750000000000e+01
4.667968750000000000e+01
9.667968750000000000e+01
6.054687500000000000e+00
5.605468750000000000e+01
3.105468750000000000e+01
8.105468750000000000e+01
1.855468750000000000e+01
6.855468750000000000e+01
4.355468750000000000e+01
9.355468750000000000e+01
1.230468750000000000e+01
6.230468750000000000e+01
3.730468750000000000e+01
8.730468750000000000e+01
2.480468750000000000e+01
7.480468750000000000e+01
4.980468750000000000e+01
9.980468750000000000e+01
9.765625000000000000e-02
5.009765625000000000e+01
2.509765625000000000e+01
7.509765625000000000e+01
1.259765625000000000e+01
6.259765625000000000e+01
3.759765625000000000e+01
8.759765625000000000e+01
6.347656250000000000e+00
5.634765625000000000e+01
3.134765625000000000e+01
8.134765625000000000e+01
1.884765625000000000e+01
6.884765625000000000e+01
4.384765625000000000e+01
9.384765625000000000e+01
3.222656250000000000e+00
5.322265625000000000e+01
2.822265625000000000e+01
7.822265625000000000e+01
1.572265625000000000e+01
6.572265625000000000e+01
4.072265625000000000e+01
9.072265625000000000e+01
9.472656250000000000e+00
5.947265625000000000e+01
3.447265625000000000e+01
8.447265625000000000e+01
2.197265625000000000e+01
7.197265625000000000e+01
4.697265625000000000e+01
9.697265625000000000e+01
1.660156250000000000e+00
5.166015625000000000e+01
2.666015625000000000e+01
7.666015625000000000e+01
1.416015625000000000e+01
6.416015625000000000e+01
3.916015625000000000e+01
8.916015625000000000e+01
7.910156250000000000e+00
5.791015625000000000e+01
3.291015625000000000e+01
8.291015625000000000e+01
2.041015625000000000e+01
7.041015625000000000e+01
4.541015625000000000e+01
9.541015625000000000e+01
4.785156250000000000e+00
5.478515625000000000e+01
2.978515625000000000e+01
7.978515625000000000e+01
1.728515625000000000e+01
6.728515625000000000e+01
4.228515625000000000e+01
9.228515625000000000e+01
1.103515625000000000e+01
6.103515625000000000e+01
3.603515625000000000e+01
8.603515625000000000e+01
2.353515625000000000e+01
7.353515625000000000e+01
4.853515625000000000e+01
9.853515625000000000e+01
8.789062500000000000e-01
5.087890625000000000e+01
2.587890625000000000e+01
7.587890625000000000e+01
1.337890625000000000e+01
6.337890625000000000e+01
3.837890625000000000e+01
8.837890625000000000e+01
7.128906250000000000e+00
5.712890625000000000e+01
3.212890625000000000e+01
8.212890625000000000e+01
1.962890625000000000e+01
6.962890625000000000e+01
4.462890625000000000e+01
9.462890625000000000e+01
4.003906250000000000e+00
5.400390625000000000e+01
2.900390625000000000e+01
7.900390625000000000e+01
1.650390625000000000e+01
6.650390625000000000e+01
4.150390625000000000e+01
9.150390625000000000e+01
1.025390625000000000e+01
6.025390625000000000e+01
3.525390625000000000e+01
8.525390625000000000e+01
2.275390625000000000e+01
7.275390625000000000e+01
4.775390625000000000e+01
9.775390625000000000e+01
2.441406250000000000e+00
5.244140625000000000e+01
2.744140625000000000e+01
7.744140625000000000e+01
1.494140625000000000e+01
6.494140625000000000e+01
3.994140625000000000e+01
8.994140625000000000e+01
8.691406250000000000e+00
5.869140625000000000e+01
3.369140625000000000e+01
8.369140625000000000e+01
2.119140625000000000e+01
7.119140625000000000e+01
4.619140625000000000e+01
9.619140625000000000e+01
5.566406250000000000e+00
5.556640625000000000e+01
3.056640625000000000e+01
8.056640625000000000e+01
1.806640625000000000e+01
6.806640625000000000e+01
4.306640625000000000e+01
9.306640625000000000e+01
1.181640625000000000e+01
6.181640625000000000e+01
3.681640625000000000e+01
8.681640625000000000e+01
2.431640625000000000e+01
7.431640625000000000e+01
4.931640625000000000e+01
9.931640625000000000e+01
4.882812500000000000e-01
5.048828125000000000e+01
2.548828125000000000e+01
7.548828125000000000e+01
1.298828125000000000e+01
6.298828125000000000e+01
3.798828125000000000e+01
8.798828125000000000e+01
6.738281250000000000e+00
5.673828125000000000e+01
3.173828125000000000e+01
8.173828125000000000e+01
1.923828125000000000e+01
6.923828125000000000e+01
4.423828125000000000e+01
9.423828125000000000e+01
3.613281250000000000e+00
5.361328125000000000e+01
2.861328125000000000e+01
7.861328125000000000e+01
1.611328125000000000e+01
6.611328125000000000e+01
4.111328125000000000e+01
9.111328125000000000e+01
9.863281250000000000e+00
5.986328125000000000e+01
3.486328125000000000e+01
8.486328125000000000e+01
2.236328125000000000e+01
7.236328125000000000e+01
4.736328125000000000e+01
9.736328125000000000e+01
2.050781250000000000e+00
5.205078125000000000e+01
2.705078125000000000e+01
7.705078125000000000e+01
1.455078125000000000e+01
6.455078125000000000e+01
3.955078125000000000e+01
8.955078125000000000e+01
8.300781250000000000e+00
5.830078125000000000e+01
3.330078125000000000e+01
8.330078125000000000e+01
2.080078125000000000e+01
7.080078125000000000e+01
4.580078125000000000e+01
9.580078125000000000e+01
5.175781250000000000e+00
5.517578125000000000e+01
3.017578125000000000e+01
8.017578125000000000e+01
1.767578125000000000e+01
6.767578125000000000e+01
4.267578125000000000e+01
9.267578125000000000e+01
1.142578125000000000e+01
6.142578125000000000e+01
3.642578125000000000e+01
8.642578125000000000e+01
2.392578125000000000e+01
7.392578125000000000e+01
4.892578125000000000e+01
9.892578125000000000e+01
1.269531250000000000e+00
5.126953125000000000e+01
2.626953125000000000e+01
7.626953125000000000e+01
1.376953125000000000e+01
6.376953125000000000e+01
3.876953125000000000e+01
8.876953125000000000e+01
7.519531250000000000e+00
5.751953125000000000e+01
3.251953125000000000e+01
8.251953125000000000e+01
2.001953125000000000e+01
7.001953125000000000e+01
4.501953125000000000e+01
9.501953125000000000e+01
4.394531250000000000e+00
5.439453125000000000e+01
2.939453125000000000e+01
7.939453125000000000e+01
1.689453125000000000e+01
6.689453125000000000e+01
4.189453125000000000e+01
9.189453125000000000e+01
1.064453125000000000e+01
6.064453125000000000e+01
3.564453125000000000e+01
8.564453125000000000e+01
2.314453125000000000e+01
7.314453125000000000e+01
4.814453125000000000e+01
9.814453125000000000e+01
2.832031250000000000e+00
5.283203125000000000e+01
2.783203125000000000e+01
7.783203125000000000e+01
1.533203125000000000e+01
6.533203125000000000e+01
4.033203125000000000e+01
9.033203125000000000e+01
9.082031250000000000e+00
5.908203125000000000e+01
3.408203125000000000e+01
8.408203125000000000e+01
2.158203125000000000e+01
7.158203125000000000e+01
4.658203125000000000e+01
9.658203125000000000e+01
5.957031250000000000e+00
5.595703125000000000e+01
3.095703125000000000e+01
8.095703125000000000e+01
1.845703125000000000e+01
6.845703125000000000e+01
4.345703125000000000e+01
9.345703125000000000e+01
1.220703125000000000e+01
6.220703125000000000e+01
3.720703125000000000e+01
8.720703125000000000e+01
2.470703125000000000e+01
7.470703125000000000e+01
4.970703125000000000e+01
9.970703125000000000e+01
2.929687500000000000e-01
5.029296875000000000e+01
2.529296875000000000e+01
7.529296875000000000e+01
1.279296875000000000e+01
6.279296875000000000e+01
3.779296875000000000e+01
8.779296875000000000e+01
6.542968750000000000e+00
5.654296875000000000e+01
3.154296875000000000e+01
8.154296875000000000e+01
1.904296875000000000e+01
6.904296875000000000e+01
4.404296875000000000e+01
9.404296875000000000e+01
3.417968750000000000e+00
5.341796875000000000e+01
2.841796875000000000e+01
7.841796875000000000e+01
1.591796875000000000e+01
6.591796875000000000e+01
4.091796875000000000e+01
9.091796875000000000e+01
9.667968750000000000e+00
5.966796875000000000e+01
3.466796875000000000e+01
8.466796875000000000e+01
2.216796875000000000e+01
7.216796875000000000e+01
4.716796875000000000e+01
9.716796875000000000e+01
1.855468750000000000e+00
5.185546875000000000e+01
2.685546875000000000e+01
7.685546875000000000e+01
1.435546875000000000e+01
6.435546875000000000e+01
3.935546875000000000e+01
8.935546875000000000e+01
8.105468750000000000e+00
5.810546875000000000e+01
3.310546875000000000e+01
8.310546875000000000e+01
2.060546875000000000e+01
7.060546875000000000e+01
4.560546875000000000e+01
9.560546875000000000e+01
4.980468750000000000e+00
5.498046875000000000e+01
2.998046875000000000e+01
7.998046875000000000e+01
1.748046875000000000e+01
6.748046875000000000e+01
4.248046875000000000e+01
9.248046875000000000e+01
1.123046875000000000e+01
6.123046875000000000e+01
3.623046875000000000e+01
8.623046875000000000e+01
2.373046875000000000e+01
7.373046875000000000e+01
4.873046875000000000e+01
9.873046875000000000e+01
1.074218750000000000e+00
5.107421875000000000e+01
2.607421875000000000e+01
7.607421875000000000e+01
1.357421875000000000e+01
6.357421875000000000e+01
3.857421875000000000e+01
8.857421875000000000e+01
7.324218750000000000e+00
5.732421875000000000e+01
3.232421875000000000e+01
8.232421875000000000e+01
1.982421875000000000e+01
6.982421875000000000e+01
4.482421875000000000e+01
9.482421875000000000e+01
4.199218750000000000e+00
5.419921875000000000e+01
2.919921875000000000e+01
7.919921875000000000e+01
1.669921875000000000e+01
6.669921875000000000e+01
4.169921875000000000e+01
9.169921875000000000e+01
1.044921875000000000e+01
6.044921875000000000e+01
3.544921875000000000e+01
8.544921875000000000e+01
2.294921875000000000e+01
7.294921875000000000e+01
4.794921875000000000e+01
9.794921875000000000e+01
2.636718750000000000e+00
5.263671875000000000e+01
2.763671875000000000e+01
7.763671875000000000e+01
1.513671875000000000e+01
6.513671875000000000e+01
4.013671875000000000e+01
9.013671875000000000e+01
8.886718750000000000e+00
5.888671875000000000e+01
3.388671875000000000e+01
8.388671875000000000e+01
2.138671875000000000e+01
7.138671875000000000e+01
4.638671875000000000e+01
9.638671875000000000e+01
5.761718750000000000e+00
5.576171875000000000e+01
3.076171875000000000e+01
8.076171875000000000e+01
1.826171875000000000e+01
6.826171875000000000e+01
4.326171875000000000e+01
9.326171875000000000e+01
1.201171875000000000e+01
6.201171875000000000e+01
3.701171875000000000e+01
8.701171875000000000e+01
2.451171875000000000e+01
7.451171875000000000e+01
4.951171875000000000e+01
9.951171875000000000e+01
6.835937500000000000e-01
5.068359375000000000e+01
2.568359375000000000e+01
7.568359375000000000e+01
1.318359375000000000e+01
6.318359375000000000e+01
3.818359375000000000e+01
8.818359375000000000e+01
6.933593750000000000e+00
5.693359375000000000e+01
3.193359375000000000e+01
8.193359375000000000e+01
1.943359375000000000e+01
6.943359375000000000e+01
4.443359375000000000e+01
9.443359375000000000e+01
3.808593750000000000e+00
5.380859375000000000e+01
2.880859375000000000e+01
7.880859375000000000e+01
1.630859375000000000e+01
6.630859375000000000e+01
4.130859375000000000e+01
9.130859375000000000e+01
1.005859375000000000e+01
6.005859375000000000e+01
3.505859375000000000e+01
8.505859375000000000e+01
2.255859375000000000e+01
7.255859375000000000e+01
4.755859375000000000e+01
9.755859375000000000e+01
2.246093750000000000e+00
5.224609375000000000e+01
2.724609375000000000e+01
7.724609375000000000e+01
1.474609375000000000e+01
6.474609375000000000e+01
3.974609375000000000e+01
8.974609375000000000e+01
8.496093750000000000e+00
5.849609375000000000e+01
3.349609375000000000e+01
8.349609375000000000e+01
2.099609375000000000e+01
7.099609375000000000e+01
4.599609375000000000e+01
9.599609375000000000e+01
5.371093750000000000e+00
5.537109375000000000e+01
3.037109375000000000e+01
8.037109375000000000e+01
1.787109375000000000e+01
6.787109375000000000e+01
4.287109375000000000e+01
9.287109375000000000e+01
1.162109375000000000e+01
6.162109375000000000e+01
3.662109375000000000e+01
8.662109375000000000e+01
2.412109375000000000e+01
7.412109375000000000e+01
4.912109375000000000e+01
9.912109375000000000e+01
1.464843750000000000e+00
5.146484375000000000e+01
2.646484375000000000e+01
7.646484375000000000e+01
1.396484375000000000e+01
6.396484375000000000e+01
3.896484375000000000e+01
8.896484375000000000e+01
7.714843750000000000e+00
5.771484375000000000e+01
3.271484375000000000e+01
8.271484375000000000e+01
2.021484375000000000e+01
7.021484375000000000e+01
4.521484375000000000e+01
9.521484375000000000e+01
4.589843750000000000e+00
5.458984375000000000e+01
2.958984375000000000e+01
7.958984375000000000e+01
1.708984375000000000e+01
6.708984375000000000e+01
4.208984375000000000e+01
9.208984375000000000e+01
1.083984375000000000e+01
6.083984375000000000e+01
3.583984375000000000e+01
8.583984375000000000e+01
2.333984375000000000e+01
7.333984375000000000e+01
4.833984375000000000e+01
9.833984375000000000e+01
3.027343750000000000e+00
5.302734375000000000e+01
2.802734375000000000e+01
7.802734375000000000e+01
1.552734375000000000e+01
6.552734375000000000e+01
4.052734375000000000e+01
9.052734375000000000e+01
9.277343750000000000e+00
5.927734375000000000e+01
3.427734375000000000e+01
8.427734375000000000e+01
2.177734375000000000e+01
7.177734375000000000e+01
4.677734375000000000e+01
9.677734375000000000e+01
6.152343750000000000e+00
5.615234375000000000e+01
3.115234375000000000e+01
8.115234375000000000e+01
1.865234375000000000e+01
6.865234375000000000e+01
4.365234375000000000e+01
9.365234375000000000e+01
1.240234375000000000e+01
6.240234375000000000e+01
3.740234375000000000e+01
8.740234375000000000e+01
2.490234375000000000e+01
7.490234375000000000e+01
4.990234375000000000e+01
9.990234375000000000e+01
4.882812500000000000e-02
5.004882812500000000e+01
2.504882812500000000e+01
7.504882812500000000e+01
1.254882812500000000e+01
6.254882812500000000e+01
3.754882812500000000e+01
8.754882812500000000e+01
6.298828125000000000e+00
5.629882812500000000e+01
3.129882812500000000e+01
8.129882812500000000e+01
1.879882812500000000e+01
6.879882812500000000e+01
4.379882812500000000e+01
9.379882812500000000e+01
3.173828125000000000e+00
5.317382812500000000e+01
2.817382812500000000e+01
7.817382812500000000e+01
1.567382812500000000e+01
6.567382812500000000e+01
4.067382812500000000e+01
9.067382812500000000e+01
9.423828125000000000e+00
5.942382812500000000e+01
3.442382812500000000e+01
8.442382812500000000e+01
2.192382812500000000e+01
7.192382812500000000e+01
4.692382812500000000e+01
9.692382812500000000e+01
1.611328125000000000e+00
5.161132812500000000e+01
2.661132812500000000e+01
7.661132812500000000e+01
1.411132812500000000e+01
6.411132812500000000e+01
3.911132812500000000e+01
8.911132812500000000e+01
7.861328125000000000e+00
5.786132812500000000e+01
3.286132812500000000e+01
8.286132812500000000e+01
2.036132812500000000e+01
7.036132812500000000e+01
4.536132812500000000e+01
9.536132812500000000e+01
4.736328125000000000e+00
5.473632812500000000e+01
2.973632812500000000e+01
7.973632812500000000e+01
1.723632812500000000e+01
6.723632812500000000e+01
4.223632812500000000e+01
9.223632812500000000e+01
1.098632812500000000e+01
6.098632812500000000e+01
3.598632812500000000e+01
8.598632812500000000e+01
2.348632812500000000e+01
7.348632812500000000e+01
4.848632812500000000e+01
9.848632812500000000e+01
8.300781250000000000e-01
5.083007812500000000e+01
2.583007812500000000e+01
7.583007812500000000e+01
1.333007812500000000e+01
6.333007812500000000e+01
3.833007812500000000e+01
8.833007812500000000e+01
7.080078125000000000e+00
5.708007812500000000e+01
3.208007812500000000e+01
8.208007812500000000e+01
1.958007812500000000e+01
6.958007812500000000e+01
4.458007812500000000e+01
9.458007812500000000e+01
3.955078125000000000e+00
5.395507812500000000e+01
2.895507812500000000e+01
7.895507812500000000e+01
1.645507812500000000e+01
6.645507812500000000e+01
4.145507812500000000e+01
9.145507812500000000e+01
1.020507812500000000e+01
6.020507812500000000e+01
3.520507812500000000e+01
8.520507812500000000e+01
2.270507812500000000e+01
7.270507812500000000e+01
4.770507812500000000e+01
9.770507812500000000e+01
2.392578125000000000e+00
5.239257812500000000e+01
2.739257812500000000e+01
7.739257812500000000e+01
1.489257812500000000e+01
6.489257812500000000e+01
3.989257812500000000e+01
8.989257812500000000e+01
8.642578125000000000e+00
5.864257812500000000e+01
3.364257812500000000e+01
8.364257812500000000e+01
2.114257812500000000e+01
7.114257812500000000e+01
4.614257812500000000e+01
9.614257812500000000e+01
5.517578125000000000e+00
5.551757812500000000e+01
3.051757812500000000e+01
8.051757812500000000e+01
1.801757812500000000e+01
6.801757812500000000e+01
4.301757812500000000e+01
9.301757812500000000e+01
1.176757812500000000e+01
6.176757812500000000e+01
3.676757812500000000e+01
8.676757812500000000e+01
2.426757812500000000e+01
7.426757812500000000e+01
