0 [1.00e+00, 1.00e+00, 1.00e+00, 1.00e+00, 1.00e+00, 1.00e+00]
700 [9.55e-01, 9.84e-01, 1.05e+00, 9.03e-01, 4.76e-02, 1.05e+00]
1400 [9.36e-01, 9.83e-01, 1.06e+00, 8.55e-01, 3.86e-04, 1.05e+00]
2100 [9.01e-01, 9.83e-01, 1.08e+00, 7.51e-01, 4.63e-04, 1.04e+00]
2800 [8.50e-01, 9.84e-01, 1.12e+00, 5.64e-01, 4.47e-04, 1.01e+00]
3500 [7.93e-01, 9.85e-01, 1.18e+00, 2.16e-01, 3.69e-04, 7.73e-01]
4200 [7.00e-01, 9.85e-01, 1.25e+00, 1.80e-04, 4.21e-04, 3.15e-01]
4900 [5.72e-01, 9.83e-01, 1.32e+00, 2.74e-04, 4.26e-04, 1.63e-01]
5600 [4.41e-01, 9.82e-01, 1.39e+00, 1.51e-01, 9.10e-05, 1.03e-01]
6300 [3.39e-01, 9.81e-01, 1.43e+00, 4.19e-01, 7.02e-05, 5.10e-02]
7000 [2.50e-01, 9.80e-01, 1.45e+00, 6.51e-01, 5.61e-04, 2.47e-02]
7700 [1.70e-01, 9.78e-01, 1.49e+00, 8.87e-01, 6.20e-04, 1.29e-04]
8400 [1.38e-01, 9.74e-01, 1.54e+00, 1.05e+00, 8.75e-05, 6.13e-06]
9100 [1.34e-01, 9.67e-01, 1.58e+00, 1.12e+00, 2.01e-04, 3.12e-02]
9800 [1.34e-01, 9.58e-01, 1.65e+00, 1.14e+00, 3.09e-04, 7.78e-02]
10500 [1.40e-01, 9.44e-01, 1.74e+00, 1.17e+00, 3.65e-04, 1.21e-01]
11200 [1.52e-01, 9.23e-01, 1.86e+00, 1.21e+00, 4.15e-04, 1.59e-01]
11900 [1.77e-01, 8.95e-01, 2.04e+00, 1.27e+00, 4.16e-04, 1.94e-01]
12600 [2.26e-01, 8.56e-01, 2.30e+00, 1.38e+00, 3.80e-04, 2.16e-01]
13300 [3.08e-01, 8.09e-01, 2.60e+00, 1.57e+00, 4.26e-04, 2.26e-01]
14000 [3.77e-01, 7.59e-01, 2.90e+00, 1.72e+00, 3.86e-04, 2.76e-01]
14700 [4.04e-01, 7.02e-01, 3.21e+00, 1.67e+00, 3.09e-04, 3.88e-01]
15400 [4.08e-01, 6.25e-01, 3.54e+00, 1.47e+00, 1.25e-04, 5.35e-01]
16100 [3.97e-01, 5.15e-01, 3.88e+00, 1.21e+00, 1.60e-04, 6.93e-01]
16800 [3.67e-01, 3.66e-01, 4.21e+00, 9.61e-01, 3.35e-04, 8.44e-01]
17500 [3.10e-01, 2.05e-01, 4.43e+00, 7.66e-01, 3.73e-04, 9.59e-01]
18200 [2.57e-01, 1.13e-01, 4.48e+00, 6.41e-01, 2.82e-04, 1.00e+00]
18900 [2.36e-01, 8.79e-02, 4.46e+00, 6.28e-01, 2.05e-04, 9.92e-01]
19600 [2.25e-01, 8.00e-02, 4.41e+00, 6.32e-01, 2.04e-04, 9.90e-01]
20300 [2.15e-01, 7.55e-02, 4.32e+00, 6.38e-01, 2.05e-04, 9.90e-01]
21000 [2.04e-01, 7.13e-02, 4.19e+00, 6.50e-01, 1.98e-04, 9.89e-01]
21700 [1.90e-01, 6.68e-02, 4.00e+00, 6.67e-01, 1.93e-04, 9.89e-01]
22400 [1.72e-01, 6.11e-02, 3.76e+00, 6.90e-01, 1.84e-04, 9.89e-01]
23100 [1.49e-01, 5.43e-02, 3.44e+00, 7.24e-01, 1.75e-04, 9.88e-01]
23800 [1.17e-01, 4.49e-02, 3.00e+00, 7.70e-01, 1.58e-04, 9.88e-01]
24500 [7.48e-02, 3.23e-02, 2.41e+00, 8.29e-01, 1.10e-04, 9.88e-01]
25200 [2.17e-02, 1.76e-02, 1.71e+00, 9.15e-01, 4.95e-05, 9.92e-01]
25900 [4.05e-04, 2.26e-02, 1.39e+00, 9.60e-01, 3.89e-05, 9.93e-01]
26600 [6.41e-04, 3.06e-02, 1.38e+00, 9.61e-01, 9.11e-05, 9.95e-01]
27300 [5.49e-04, 3.56e-02, 1.37e+00, 9.64e-01, 5.49e-05, 9.96e-01]
28000 [5.33e-04, 3.88e-02, 1.36e+00, 9.64e-01, 5.74e-05, 9.97e-01]
28700 [5.36e-04, 4.13e-02, 1.36e+00, 9.62e-01, 8.04e-06, 9.99e-01]
29400 [4.94e-04, 4.34e-02, 1.35e+00, 9.63e-01, 3.12e-06, 1.00e+00]
30100 [4.15e-04, 4.52e-02, 1.35e+00, 9.64e-01, 1.44e-04, 1.00e+00]
30800 [4.80e-04, 4.69e-02, 1.34e+00, 9.65e-01, 2.16e-05, 1.00e+00]
31500 [4.75e-04, 4.82e-02, 1.34e+00, 9.65e-01, 7.97e-05, 1.00e+00]
32200 [4.88e-04, 4.97e-02, 1.34e+00, 9.66e-01, 5.98e-05, 1.00e+00]
32900 [4.95e-04, 5.09e-02, 1.34e+00, 9.68e-01, 6.97e-05, 1.00e+00]
33600 [4.90e-04, 5.20e-02, 1.34e+00, 9.68e-01, 7.18e-05, 1.00e+00]
34300 [4.95e-04, 5.32e-02, 1.33e+00, 9.67e-01, 3.42e-05, 1.00e+00]
35000 [5.06e-04, 5.41e-02, 1.33e+00, 9.68e-01, 8.57e-05, 1.00e+00]
35700 [4.95e-04, 5.50e-02, 1.33e+00, 9.68e-01, 7.52e-05, 1.00e+00]
36400 [4.65e-04, 5.60e-02, 1.33e+00, 9.70e-01, 8.93e-05, 1.00e+00]
37100 [4.81e-04, 5.70e-02, 1.33e+00, 9.69e-01, 7.40e-05, 1.00e+00]
37800 [4.80e-04, 5.80e-02, 1.33e+00, 9.70e-01, 7.57e-05, 1.00e+00]
38500 [4.76e-04, 5.90e-02, 1.33e+00, 9.69e-01, 7.61e-05, 1.00e+00]
39200 [4.75e-04, 6.01e-02, 1.33e+00, 9.70e-01, 7.74e-05, 1.01e+00]
39900 [4.74e-04, 6.13e-02, 1.32e+00, 9.70e-01, 8.10e-05, 1.01e+00]
40600 [1.50e-04, 6.28e-02, 1.32e+00, 9.70e-01, 1.47e-04, 1.01e+00]
41300 [5.09e-04, 6.39e-02, 1.32e+00, 9.70e-01, 8.71e-05, 1.01e+00]
42000 [6.50e-04, 6.54e-02, 1.32e+00, 9.70e-01, 6.97e-05, 1.01e+00]
42700 [3.63e-04, 6.66e-02, 1.32e+00, 9.70e-01, 1.12e-04, 1.01e+00]
43400 [4.36e-04, 6.79e-02, 1.32e+00, 9.70e-01, 1.00e-04, 1.01e+00]
44100 [2.39e-04, 6.94e-02, 1.31e+00, 9.71e-01, 1.25e-04, 1.01e+00]
44800 [5.03e-04, 7.06e-02, 1.31e+00, 9.71e-01, 6.72e-05, 1.01e+00]
45500 [5.46e-04, 7.19e-02, 1.31e+00, 9.71e-01, 7.75e-05, 1.01e+00]
46200 [5.43e-04, 7.32e-02, 1.31e+00, 9.71e-01, 8.52e-05, 1.01e+00]
46900 [4.27e-04, 7.46e-02, 1.31e+00, 9.71e-01, 7.99e-05, 1.01e+00]
47600 [4.83e-04, 7.59e-02, 1.31e+00, 9.71e-01, 1.09e-04, 1.01e+00]
48300 [4.30e-04, 7.72e-02, 1.30e+00, 9.71e-01, 1.10e-04, 1.01e+00]
49000 [5.54e-04, 7.85e-02, 1.30e+00, 9.72e-01, 5.08e-05, 1.01e+00]
49700 [4.64e-04, 7.97e-02, 1.30e+00, 9.72e-01, 7.44e-05, 1.01e+00]
50400 [4.33e-04, 8.12e-02, 1.30e+00, 9.72e-01, 7.97e-05, 1.01e+00]
51100 [4.96e-04, 8.25e-02, 1.30e+00, 9.73e-01, 9.92e-05, 1.01e+00]
51800 [5.16e-04, 8.40e-02, 1.30e+00, 9.73e-01, 7.71e-05, 1.01e+00]
52500 [4.72e-04, 8.53e-02, 1.30e+00, 9.73e-01, 9.59e-05, 1.01e+00]
53200 [4.05e-04, 8.68e-02, 1.29e+00, 9.73e-01, 1.31e-04, 1.01e+00]
53900 [6.57e-04, 8.83e-02, 1.29e+00, 9.74e-01, 7.47e-05, 1.01e+00]
54600 [4.49e-04, 8.97e-02, 1.29e+00, 9.74e-01, 9.31e-05, 1.01e+00]
55300 [3.58e-04, 9.11e-02, 1.29e+00, 9.74e-01, 1.84e-04, 1.01e+00]
56000 [5.07e-04, 9.26e-02, 1.29e+00, 9.75e-01, 9.96e-05, 1.01e+00]
56700 [3.16e-04, 9.44e-02, 1.28e+00, 9.75e-01, 1.06e-04, 1.01e+00]
57400 [5.00e-04, 9.56e-02, 1.28e+00, 9.75e-01, 6.40e-05, 1.01e+00]
58100 [3.96e-04, 9.71e-02, 1.28e+00, 9.76e-01, 5.30e-05, 1.01e+00]
58800 [4.01e-04, 9.87e-02, 1.28e+00, 9.76e-01, 1.06e-04, 1.01e+00]
59500 [5.29e-04, 1.00e-01, 1.28e+00, 9.76e-01, 9.76e-05, 1.01e+00]
60200 [4.56e-04, 1.02e-01, 1.28e+00, 9.76e-01, 1.03e-04, 1.01e+00]
60900 [5.07e-04, 1.03e-01, 1.28e+00, 9.77e-01, 1.06e-04, 1.01e+00]
61600 [4.59e-04, 1.05e-01, 1.27e+00, 9.77e-01, 1.19e-04, 1.01e+00]
62300 [4.53e-04, 1.07e-01, 1.27e+00, 9.77e-01, 1.15e-04, 1.01e+00]
63000 [4.67e-04, 1.08e-01, 1.27e+00, 9.78e-01, 9.90e-05, 1.01e+00]
63700 [5.73e-04, 1.10e-01, 1.27e+00, 9.79e-01, 9.58e-05, 1.01e+00]
64400 [4.30e-04, 1.12e-01, 1.27e+00, 9.79e-01, 1.06e-04, 1.01e+00]
65100 [4.59e-04, 1.14e-01, 1.27e+00, 9.79e-01, 1.03e-04, 1.01e+00]
65800 [4.66e-04, 1.16e-01, 1.26e+00, 9.79e-01, 1.09e-04, 1.01e+00]
66500 [4.55e-04, 1.18e-01, 1.26e+00, 9.80e-01, 1.10e-04, 1.01e+00]
67200 [4.62e-04, 1.20e-01, 1.26e+00, 9.80e-01, 1.04e-04, 1.01e+00]
67900 [5.06e-04, 1.22e-01, 1.26e+00, 9.80e-01, 1.07e-04, 1.01e+00]
68600 [5.77e-04, 1.25e-01, 1.26e+00, 9.81e-01, 9.96e-05, 1.01e+00]
69300 [5.42e-04, 1.28e-01, 1.25e+00, 9.81e-01, 1.86e-05, 1.01e+00]
70000 [4.45e-04, 1.30e-01, 1.25e+00, 9.82e-01, 1.07e-04, 1.01e+00]
