0 [0.00e+00, 0.00e+00, 0.00e+00, 0.00e+00]
350 [6.12e-02, 1.83e-02, 1.29e-01, 1.82e-01]
700 [6.87e-02, 3.34e-02, 1.26e-01, 3.02e-01]
1050 [6.97e-02, 3.57e-02, 1.28e-01, 3.31e-01]
1400 [6.98e-02, 3.64e-02, 1.30e-01, 3.37e-01]
1750 [7.05e-02, 3.82e-02, 1.34e-01, 3.48e-01]
2100 [7.03e-02, 3.79e-02, 1.36e-01, 3.45e-01]
2450 [7.08e-02, 3.92e-02, 1.40e-01, 3.53e-01]
2800 [7.05e-02, 3.86e-02, 1.45e-01, 3.57e-01]
3150 [7.08e-02, 3.96e-02, 1.51e-01, 3.59e-01]
3500 [7.08e-02, 3.99e-02, 1.56e-01, 3.61e-01]
3850 [7.07e-02, 3.95e-02, 1.62e-01, 3.61e-01]
4200 [7.07e-02, 4.00e-02, 1.70e-01, 3.65e-01]
4550 [7.02e-02, 3.91e-02, 1.78e-01, 3.71e-01]
4900 [7.07e-02, 4.05e-02, 1.87e-01, 3.74e-01]
5250 [7.08e-02, 4.09e-02, 1.98e-01, 3.79e-01]
5600 [7.07e-02, 4.11e-02, 2.10e-01, 3.84e-01]
5950 [7.08e-02, 4.15e-02, 2.23e-01, 3.90e-01]
6300 [7.09e-02, 4.19e-02, 2.39e-01, 3.96e-01]
6650 [7.09e-02, 4.22e-02, 2.56e-01, 4.02e-01]
7000 [7.09e-02, 4.27e-02, 2.76e-01, 4.10e-01]
7350 [7.09e-02, 4.30e-02, 2.95e-01, 4.16e-01]
7700 [7.11e-02, 4.34e-02, 3.18e-01, 4.26e-01]
8050 [7.11e-02, 4.39e-02, 3.43e-01, 4.35e-01]
8400 [7.11e-02, 4.42e-02, 3.71e-01, 4.44e-01]
8750 [7.13e-02, 4.48e-02, 4.00e-01, 4.56e-01]
9100 [7.15e-02, 4.52e-02, 4.31e-01, 4.67e-01]
9450 [7.08e-02, 4.40e-02, 4.31e-01, 4.49e-01]
9800 [7.11e-02, 4.47e-02, 4.43e-01, 4.59e-01]
10150 [7.13e-02, 4.50e-02, 4.58e-01, 4.69e-01]
10500 [7.14e-02, 4.53e-02, 4.77e-01, 4.79e-01]
10850 [7.16e-02, 4.56e-02, 4.99e-01, 4.90e-01]
11200 [7.17e-02, 4.59e-02, 5.26e-01, 5.02e-01]
11550 [7.11e-02, 4.37e-02, 5.55e-01, 5.14e-01]
11900 [7.19e-02, 4.64e-02, 5.80e-01, 5.25e-01]
12250 [7.20e-02, 4.67e-02, 6.13e-01, 5.39e-01]
12600 [7.21e-02, 4.68e-02, 6.43e-01, 5.52e-01]
12950 [7.22e-02, 4.71e-02, 6.78e-01, 5.67e-01]
13300 [7.20e-02, 4.70e-02, 7.09e-01, 5.81e-01]
13650 [7.15e-02, 4.60e-02, 7.41e-01, 5.95e-01]
14000 [7.24e-02, 4.75e-02, 7.74e-01, 6.09e-01]
14350 [7.25e-02, 4.78e-02, 8.06e-01, 6.24e-01]
14700 [7.26e-02, 4.82e-02, 8.38e-01, 6.39e-01]
15050 [7.28e-02, 4.83e-02, 8.72e-01, 6.55e-01]
15400 [7.25e-02, 4.78e-02, 9.05e-01, 6.71e-01]
15750 [7.30e-02, 4.72e-02, 8.79e-01, 6.80e-01]
16100 [7.30e-02, 4.87e-02, 8.89e-01, 6.82e-01]
16450 [7.31e-02, 4.91e-02, 9.02e-01, 6.85e-01]
16800 [7.32e-02, 4.92e-02, 9.16e-01, 6.89e-01]
17150 [7.31e-02, 4.92e-02, 9.33e-01, 6.94e-01]
17500 [7.31e-02, 4.91e-02, 9.52e-01, 7.01e-01]
17850 [7.30e-02, 4.88e-02, 9.73e-01, 7.08e-01]
18200 [7.27e-02, 4.80e-02, 9.97e-01, 7.16e-01]
18550 [7.31e-02, 4.90e-02, 1.02e+00, 7.29e-01]
18900 [7.31e-02, 4.89e-02, 1.05e+00, 7.41e-01]
19250 [7.31e-02, 4.89e-02, 1.08e+00, 7.54e-01]
19600 [7.33e-02, 4.92e-02, 1.10e+00, 7.68e-01]
19950 [7.33e-02, 4.92e-02, 1.13e+00, 7.82e-01]
20300 [7.34e-02, 4.93e-02, 1.16e+00, 7.96e-01]
20650 [7.34e-02, 4.94e-02, 1.19e+00, 8.10e-01]
21000 [7.35e-02, 4.94e-02, 1.21e+00, 8.24e-01]
21350 [7.34e-02, 4.98e-02, 1.24e+00, 8.37e-01]
21700 [7.36e-02, 4.96e-02, 1.26e+00, 8.50e-01]
22050 [7.36e-02, 4.97e-02, 1.29e+00, 8.64e-01]
22400 [7.37e-02, 4.98e-02, 1.31e+00, 8.77e-01]
22750 [7.37e-02, 4.99e-02, 1.33e+00, 8.91e-01]
23100 [7.37e-02, 4.99e-02, 1.36e+00, 9.04e-01]
23450 [7.26e-02, 4.78e-02, 1.37e+00, 9.10e-01]
23800 [7.39e-02, 5.04e-02, 1.38e+00, 9.17e-01]
24150 [7.39e-02, 5.03e-02, 1.39e+00, 9.24e-01]
24500 [7.39e-02, 5.03e-02, 1.41e+00, 9.33e-01]
24850 [7.39e-02, 5.03e-02, 1.43e+00, 9.44e-01]
25200 [7.40e-02, 5.04e-02, 1.45e+00, 9.54e-01]
25550 [7.40e-02, 5.04e-02, 1.47e+00, 9.67e-01]
25900 [7.40e-02, 5.04e-02, 1.49e+00, 9.77e-01]
26250 [7.41e-02, 5.05e-02, 1.51e+00, 9.89e-01]
26600 [7.38e-02, 5.01e-02, 1.53e+00, 1.00e+00]
26950 [7.42e-02, 5.05e-02, 1.55e+00, 1.01e+00]
27300 [7.41e-02, 5.05e-02, 1.57e+00, 1.03e+00]
27650 [7.42e-02, 5.07e-02, 1.59e+00, 1.04e+00]
28000 [7.42e-02, 5.08e-02, 1.61e+00, 1.05e+00]
28350 [7.43e-02, 5.08e-02, 1.63e+00, 1.06e+00]
28700 [7.42e-02, 5.05e-02, 1.65e+00, 1.07e+00]
29050 [7.03e-02, 4.17e-02, 1.64e+00, 1.08e+00]
29400 [7.38e-02, 4.96e-02, 1.65e+00, 1.08e+00]
29750 [7.45e-02, 5.15e-02, 1.65e+00, 1.09e+00]
30100 [7.47e-02, 5.19e-02, 1.66e+00, 1.09e+00]
30450 [7.47e-02, 5.20e-02, 1.67e+00, 1.09e+00]
30800 [7.47e-02, 5.20e-02, 1.68e+00, 1.10e+00]
31150 [7.46e-02, 5.10e-02, 1.69e+00, 1.10e+00]
31500 [7.46e-02, 5.17e-02, 1.70e+00, 1.11e+00]
31850 [7.46e-02, 5.17e-02, 1.71e+00, 1.12e+00]
32200 [7.46e-02, 5.16e-02, 1.73e+00, 1.12e+00]
32550 [7.46e-02, 5.16e-02, 1.74e+00, 1.13e+00]
32900 [7.46e-02, 5.16e-02, 1.76e+00, 1.14e+00]
33250 [7.40e-02, 5.04e-02, 1.77e+00, 1.14e+00]
33600 [7.46e-02, 5.16e-02, 1.79e+00, 1.15e+00]
33950 [7.47e-02, 5.16e-02, 1.80e+00, 1.16e+00]
34300 [7.43e-02, 5.07e-02, 1.82e+00, 1.17e+00]
34650 [7.47e-02, 5.16e-02, 1.84e+00, 1.18e+00]
35000 [7.47e-02, 5.16e-02, 1.85e+00, 1.19e+00]
