0 [1.00e+00, 1.00e+00, 1.00e+00, 1.00e+00, 1.00e+00, 1.00e+00, 1.00e+00, 1.00e+00, 1.00e+00, 1.00e+00, 1.00e+00]
250 [9.84e-01, 8.96e-01, 9.78e-01, 9.97e-01, 1.07e+00, 9.18e-01, 9.94e-01, 1.01e+00, 1.01e+00, 9.79e-01, 9.86e-01]
500 [9.85e-01, 8.33e-01, 9.43e-01, 9.97e-01, 1.10e+00, 8.86e-01, 9.94e-01, 1.01e+00, 1.01e+00, 9.79e-01, 9.86e-01]
750 [9.86e-01, 7.76e-01, 8.95e-01, 9.96e-01, 1.12e+00, 8.67e-01, 9.94e-01, 1.01e+00, 1.01e+00, 9.79e-01, 9.86e-01]
1000 [9.87e-01, 7.16e-01, 8.37e-01, 9.96e-01, 1.13e+00, 8.54e-01, 9.94e-01, 1.01e+00, 1.01e+00, 9.79e-01, 9.87e-01]
1250 [9.88e-01, 6.48e-01, 7.73e-01, 9.95e-01, 1.14e+00, 8.44e-01, 9.94e-01, 1.01e+00, 1.01e+00, 9.79e-01, 9.87e-01]
1500 [9.89e-01, 5.69e-01, 7.04e-01, 9.94e-01, 1.15e+00, 8.37e-01, 9.94e-01, 1.01e+00, 1.01e+00, 9.79e-01, 9.87e-01]
1750 [9.89e-01, 4.77e-01, 6.33e-01, 9.92e-01, 1.16e+00, 8.31e-01, 9.94e-01, 1.01e+00, 1.00e+00, 9.79e-01, 9.87e-01]
2000 [9.90e-01, 3.66e-01, 5.62e-01, 9.92e-01, 1.16e+00, 8.27e-01, 9.94e-01, 1.01e+00, 1.00e+00, 9.79e-01, 9.88e-01]
2250 [9.90e-01, 2.34e-01, 4.94e-01, 9.90e-01, 1.16e+00, 8.24e-01, 9.94e-01, 1.01e+00, 9.98e-01, 9.79e-01, 9.88e-01]
2500 [9.89e-01, 9.28e-02, 4.37e-01, 9.88e-01, 1.16e+00, 8.22e-01, 9.94e-01, 1.01e+00, 9.95e-01, 9.79e-01, 9.88e-01]
2750 [9.88e-01, 4.21e-02, 4.06e-01, 9.88e-01, 1.16e+00, 8.22e-01, 9.94e-01, 1.01e+00, 9.94e-01, 9.79e-01, 9.88e-01]
3000 [9.85e-01, 3.91e-02, 3.81e-01, 9.84e-01, 1.16e+00, 8.21e-01, 9.94e-01, 1.01e+00, 9.91e-01, 9.79e-01, 9.88e-01]
3250 [9.83e-01, 4.06e-02, 3.61e-01, 9.83e-01, 1.16e+00, 8.21e-01, 9.94e-01, 1.01e+00, 9.90e-01, 9.79e-01, 9.88e-01]
3500 [9.84e-01, 4.19e-02, 3.44e-01, 9.82e-01, 1.16e+00, 8.22e-01, 9.94e-01, 1.01e+00, 9.91e-01, 9.79e-01, 9.88e-01]
3750 [9.71e-01, 4.43e-02, 3.20e-01, 9.74e-01, 1.15e+00, 8.19e-01, 9.94e-01, 1.01e+00, 9.84e-01, 9.78e-01, 9.88e-01]
4000 [9.71e-01, 4.55e-02, 3.07e-01, 9.73e-01, 1.15e+00, 8.20e-01, 9.94e-01, 1.01e+00, 9.84e-01, 9.78e-01, 9.88e-01]
4250 [9.66e-01, 4.73e-02, 2.95e-01, 9.72e-01, 1.15e+00, 8.13e-01, 9.94e-01, 1.01e+00, 9.82e-01, 9.78e-01, 9.88e-01]
4500 [9.67e-01, 4.86e-02, 2.85e-01, 9.71e-01, 1.15e+00, 8.14e-01, 9.94e-01, 1.01e+00, 9.82e-01, 9.78e-01, 9.88e-01]
4750 [9.45e-01, 5.11e-02, 2.61e-01, 9.61e-01, 1.15e+00, 8.14e-01, 9.94e-01, 1.01e+00, 9.85e-01, 9.78e-01, 9.88e-01]
5000 [9.46e-01, 5.15e-02, 2.63e-01, 9.59e-01, 1.14e+00, 8.06e-01, 9.94e-01, 1.01e+00, 9.76e-01, 9.77e-01, 9.89e-01]
5250 [9.48e-01, 5.24e-02, 2.59e-01, 9.57e-01, 1.14e+00, 8.07e-01, 9.94e-01, 1.01e+00, 9.77e-01, 9.77e-01, 9.89e-01]
5500 [9.44e-01, 5.33e-02, 2.54e-01, 9.54e-01, 1.14e+00, 7.93e-01, 9.94e-01, 1.01e+00, 9.61e-01, 9.77e-01, 9.89e-01]
5750 [9.39e-01, 5.45e-02, 2.46e-01, 9.48e-01, 1.14e+00, 7.94e-01, 9.94e-01, 1.01e+00, 9.63e-01, 9.77e-01, 9.89e-01]
6000 [9.20e-01, 5.61e-02, 2.33e-01, 9.36e-01, 1.13e+00, 7.94e-01, 9.94e-01, 1.01e+00, 9.66e-01, 9.76e-01, 9.89e-01]
6250 [9.22e-01, 5.60e-02, 2.41e-01, 9.33e-01, 1.13e+00, 7.82e-01, 9.94e-01, 1.01e+00, 9.51e-01, 9.76e-01, 9.89e-01]
6500 [8.95e-01, 5.84e-02, 2.17e-01, 9.17e-01, 1.13e+00, 7.82e-01, 9.94e-01, 1.01e+00, 9.57e-01, 9.76e-01, 9.89e-01]
6750 [8.98e-01, 5.75e-02, 2.36e-01, 9.11e-01, 1.12e+00, 7.69e-01, 9.94e-01, 1.01e+00, 9.39e-01, 9.75e-01, 9.89e-01]
7000 [9.01e-01, 5.78e-02, 2.34e-01, 9.06e-01, 1.12e+00, 7.70e-01, 9.94e-01, 1.01e+00, 9.41e-01, 9.75e-01, 9.89e-01]
7250 [8.94e-01, 5.85e-02, 2.29e-01, 8.93e-01, 1.10e+00, 7.45e-01, 9.94e-01, 1.02e+00, 9.06e-01, 9.73e-01, 9.89e-01]
7500 [8.78e-01, 5.99e-02, 2.18e-01, 8.78e-01, 1.10e+00, 7.45e-01, 9.94e-01, 1.02e+00, 9.12e-01, 9.73e-01, 9.89e-01]
7750 [8.84e-01, 5.96e-02, 2.23e-01, 8.71e-01, 1.10e+00, 7.47e-01, 9.94e-01, 1.02e+00, 9.15e-01, 9.73e-01, 9.89e-01]
8000 [8.51e-01, 5.99e-02, 2.26e-01, 8.44e-01, 1.09e+00, 7.31e-01, 9.94e-01, 1.02e+00, 9.00e-01, 9.72e-01, 9.89e-01]
8250 [8.59e-01, 6.01e-02, 2.23e-01, 8.34e-01, 1.08e+00, 7.33e-01, 9.94e-01, 1.02e+00, 9.03e-01, 9.71e-01, 9.90e-01]
8500 [8.46e-01, 6.10e-02, 2.14e-01, 8.12e-01, 1.07e+00, 7.02e-01, 9.94e-01, 1.02e+00, 8.63e-01, 9.69e-01, 9.90e-01]
8750 [8.18e-01, 6.25e-02, 2.00e-01, 7.82e-01, 1.06e+00, 7.04e-01, 9.94e-01, 1.03e+00, 8.71e-01, 9.69e-01, 9.90e-01]
9000 [8.29e-01, 6.12e-02, 2.14e-01, 7.68e-01, 1.06e+00, 7.08e-01, 9.94e-01, 1.03e+00, 8.76e-01, 9.69e-01, 9.90e-01]
9250 [8.03e-01, 6.25e-02, 1.96e-01, 7.32e-01, 1.04e+00, 6.69e-01, 9.94e-01, 1.03e+00, 8.30e-01, 9.66e-01, 9.90e-01]
9500 [8.15e-01, 6.20e-02, 2.05e-01, 7.13e-01, 1.04e+00, 6.73e-01, 9.94e-01, 1.04e+00, 8.34e-01, 9.66e-01, 9.90e-01]
9750 [7.60e-01, 6.34e-02, 1.97e-01, 6.52e-01, 1.02e+00, 6.77e-01, 9.94e-01, 1.04e+00, 8.40e-01, 9.64e-01, 9.90e-01]
10000 [7.75e-01, 6.18e-02, 2.09e-01, 6.33e-01, 1.01e+00, 6.49e-01, 9.94e-01, 1.05e+00, 8.08e-01, 9.63e-01, 9.90e-01]
10250 [7.92e-01, 6.21e-02, 2.03e-01, 6.12e-01, 1.01e+00, 6.55e-01, 9.94e-01, 1.05e+00, 8.14e-01, 9.62e-01, 9.91e-01]
10500 [7.82e-01, 6.35e-02, 1.87e-01, 5.72e-01, 9.85e-01, 5.96e-01, 9.94e-01, 1.06e+00, 7.46e-01, 9.57e-01, 9.90e-01]
10750 [7.51e-01, 6.44e-02, 1.81e-01, 5.16e-01, 9.82e-01, 6.02e-01, 9.94e-01, 1.06e+00, 7.52e-01, 9.56e-01, 9.91e-01]
11000 [7.74e-01, 6.33e-02, 1.87e-01, 4.89e-01, 9.89e-01, 6.09e-01, 9.94e-01, 1.07e+00, 7.58e-01, 9.56e-01, 9.91e-01]
11250 [7.10e-01, 6.44e-02, 1.83e-01, 4.05e-01, 9.69e-01, 6.15e-01, 9.94e-01, 1.08e+00, 7.63e-01, 9.52e-01, 9.91e-01]
11500 [7.30e-01, 6.30e-02, 1.91e-01, 3.80e-01, 9.59e-01, 5.78e-01, 9.94e-01, 1.08e+00, 7.22e-01, 9.49e-01, 9.91e-01]
11750 [7.52e-01, 6.36e-02, 1.83e-01, 3.55e-01, 9.70e-01, 5.89e-01, 9.94e-01, 1.09e+00, 7.29e-01, 9.49e-01, 9.92e-01]
12000 [7.59e-01, 6.43e-02, 1.73e-01, 3.09e-01, 9.12e-01, 5.10e-01, 9.94e-01, 1.10e+00, 6.40e-01, 9.35e-01, 9.89e-01]
12250 [7.38e-01, 6.55e-02, 1.62e-01, 2.59e-01, 9.31e-01, 5.17e-01, 9.94e-01, 1.11e+00, 6.45e-01, 9.34e-01, 9.90e-01]
12500 [7.65e-01, 6.55e-02, 1.61e-01, 2.30e-01, 9.52e-01, 5.26e-01, 9.94e-01, 1.12e+00, 6.50e-01, 9.33e-01, 9.90e-01]
12750 [7.15e-01, 6.52e-02, 1.66e-01, 1.56e-01, 9.26e-01, 5.29e-01, 9.94e-01, 1.12e+00, 6.51e-01, 9.18e-01, 9.91e-01]
13000 [7.42e-01, 6.52e-02, 1.67e-01, 1.34e-01, 9.52e-01, 5.40e-01, 9.94e-01, 1.13e+00, 6.55e-01, 9.17e-01, 9.91e-01]
13250 [7.23e-01, 6.56e-02, 1.65e-01, 8.48e-02, 9.34e-01, 5.19e-01, 9.94e-01, 1.14e+00, 6.26e-01, 9.06e-01, 9.91e-01]
13500 [7.52e-01, 6.59e-02, 1.62e-01, 6.15e-02, 9.60e-01, 5.23e-01, 9.94e-01, 1.15e+00, 6.20e-01, 9.02e-01, 9.91e-01]
13750 [7.58e-01, 6.77e-02, 1.44e-01, 2.73e-02, 8.95e-01, 4.52e-01, 9.94e-01, 1.16e+00, 5.40e-01, 8.81e-01, 9.91e-01]
14000 [7.27e-01, 6.77e-02, 1.48e-01, 6.70e-07, 9.28e-01, 4.62e-01, 9.94e-01, 1.16e+00, 5.43e-01, 8.78e-01, 9.91e-01]
14250 [7.04e-01, 6.93e-02, 1.37e-01, 3.13e-04, 9.47e-01, 4.70e-01, 9.94e-01, 1.17e+00, 5.41e-01, 8.75e-01, 9.92e-01]
14500 [7.32e-01, 6.86e-02, 1.52e-01, 6.58e-05, 9.79e-01, 4.81e-01, 9.94e-01, 1.18e+00, 5.43e-01, 8.72e-01, 9.93e-01]
14750 [7.39e-01, 7.05e-02, 1.46e-01, 3.14e-06, 9.34e-01, 4.47e-01, 9.94e-01, 1.18e+00, 4.91e-01, 8.21e-01, 9.90e-01]
15000 [7.18e-01, 7.18e-02, 1.46e-01, 1.47e-06, 9.67e-01, 4.57e-01, 9.94e-01, 1.19e+00, 4.94e-01, 8.17e-01, 9.91e-01]
15250 [7.45e-01, 7.29e-02, 1.50e-01, 1.20e-04, 9.52e-01, 4.29e-01, 9.94e-01, 1.20e+00, 4.55e-01, 8.09e-01, 9.90e-01]
15500 [7.47e-01, 7.61e-02, 1.42e-01, 8.91e-09, 9.95e-01, 4.43e-01, 9.94e-01, 1.20e+00, 4.56e-01, 8.04e-01, 9.91e-01]
15750 [7.21e-01, 7.88e-02, 1.46e-01, 7.06e-05, 9.80e-01, 4.53e-01, 9.94e-01, 1.21e+00, 4.49e-01, 7.89e-01, 9.92e-01]
16000 [7.62e-01, 8.35e-02, 1.40e-01, 2.81e-05, 9.66e-01, 4.14e-01, 9.94e-01, 1.21e+00, 4.00e-01, 7.70e-01, 9.91e-01]
16250 [7.59e-01, 8.90e-02, 1.40e-01, 2.67e-09, 1.02e+00, 4.31e-01, 9.94e-01, 1.21e+00, 4.03e-01, 7.57e-01, 9.92e-01]
16500 [7.40e-01, 9.57e-02, 1.43e-01, 6.91e-05, 9.03e-01, 4.40e-01, 9.94e-01, 1.22e+00, 3.96e-01, 7.02e-01, 9.92e-01]
16750 [7.47e-01, 1.07e-01, 1.31e-01, 3.05e-06, 9.25e-01, 3.96e-01, 9.94e-01, 1.22e+00, 3.51e-01, 6.84e-01, 9.91e-01]
17000 [7.23e-01, 1.21e-01, 1.31e-01, 2.40e-06, 9.51e-01, 4.03e-01, 9.94e-01, 1.22e+00, 3.42e-01, 6.71e-01, 9.93e-01]
17250 [7.63e-01, 1.40e-01, 1.37e-01, 5.57e-08, 9.96e-01, 4.24e-01, 9.94e-01, 1.22e+00, 3.51e-01, 6.60e-01, 9.96e-01]
17500 [7.55e-01, 1.63e-01, 1.19e-01, 9.83e-04, 9.51e-01, 3.62e-01, 9.94e-01, 1.23e+00, 2.83e-01, 6.09e-01, 9.95e-01]
17750 [7.53e-01, 1.86e-01, 1.25e-01, 6.01e-05, 9.78e-01, 3.79e-01, 9.94e-01, 1.24e+00, 2.85e-01, 5.75e-01, 9.99e-01]
18000 [7.36e-01, 2.08e-01, 1.19e-01, 5.87e-08, 9.20e-01, 3.80e-01, 9.94e-01, 1.27e+00, 2.77e-01, 5.34e-01, 1.00e+00]
18250 [7.23e-01, 2.18e-01, 1.05e-01, 8.58e-04, 9.04e-01, 3.49e-01, 9.94e-01, 1.31e+00, 2.58e-01, 4.57e-01, 1.01e+00]
18500 [7.36e-01, 2.38e-01, 1.06e-01, 5.94e-04, 9.34e-01, 3.46e-01, 9.94e-01, 1.36e+00, 2.40e-01, 4.32e-01, 1.01e+00]
18750 [7.50e-01, 2.53e-01, 9.94e-02, 4.54e-06, 9.72e-01, 3.54e-01, 9.94e-01, 1.40e+00, 2.32e-01, 4.00e-01, 1.02e+00]
19000 [7.24e-01, 2.61e-01, 9.54e-02, 8.28e-06, 8.67e-01, 3.35e-01, 9.94e-01, 1.45e+00, 2.07e-01, 3.49e-01, 1.02e+00]
19250 [7.14e-01, 2.70e-01, 9.17e-02, 2.41e-04, 8.77e-01, 3.13e-01, 9.94e-01, 1.49e+00, 1.72e-01, 3.09e-01, 1.02e+00]
19500 [7.51e-01, 2.82e-01, 8.99e-02, 1.02e-04, 9.12e-01, 3.25e-01, 9.94e-01, 1.51e+00, 1.72e-01, 2.66e-01, 1.03e+00]
19750 [7.26e-01, 2.83e-01, 9.00e-02, 6.36e-05, 8.40e-01, 3.25e-01, 9.94e-01, 1.54e+00, 1.59e-01, 1.95e-01, 1.03e+00]
20000 [7.30e-01, 2.90e-01, 9.16e-02, 1.68e-06, 8.45e-01, 2.67e-01, 9.94e-01, 1.56e+00, 9.66e-02, 1.67e-01, 1.03e+00]
20250 [7.04e-01, 2.99e-01, 8.25e-02, 1.42e-04, 8.66e-01, 2.77e-01, 9.94e-01, 1.57e+00, 7.06e-02, 1.40e-01, 1.03e+00]
20500 [7.46e-01, 3.08e-01, 8.60e-02, 1.12e-04, 9.09e-01, 2.94e-01, 9.94e-01, 1.57e+00, 5.90e-02, 1.19e-01, 1.03e+00]
20750 [7.15e-01, 2.96e-01, 8.78e-02, 2.76e-07, 7.90e-01, 1.80e-01, 9.94e-01, 1.58e+00, 4.62e-03, 5.14e-02, 1.00e+00]
21000 [7.54e-01, 3.08e-01, 8.36e-02, 2.13e-06, 8.07e-01, 1.85e-01, 9.94e-01, 1.56e+00, 7.51e-05, 6.26e-02, 9.99e-01]
21250 [7.38e-01, 3.17e-01, 8.24e-02, 9.23e-05, 8.26e-01, 1.89e-01, 9.94e-01, 1.54e+00, 4.44e-06, 6.78e-02, 9.95e-01]
21500 [7.15e-01, 3.13e-01, 7.79e-02, 7.04e-05, 8.16e-01, 1.82e-01, 9.94e-01, 1.52e+00, 3.28e-05, 6.37e-02, 9.90e-01]
21750 [7.55e-01, 3.22e-01, 8.29e-02, 6.43e-05, 8.36e-01, 1.85e-01, 9.94e-01, 1.49e+00, 4.21e-06, 6.95e-02, 9.87e-01]
22000 [7.38e-01, 3.25e-01, 8.32e-02, 9.71e-05, 8.47e-01, 1.86e-01, 9.94e-01, 1.47e+00, 1.35e-04, 7.06e-02, 9.82e-01]
22250 [7.38e-01, 3.32e-01, 7.69e-02, 3.62e-04, 8.66e-01, 1.88e-01, 9.94e-01, 1.45e+00, 1.06e-04, 7.17e-02, 9.77e-01]
22500 [7.64e-01, 3.38e-01, 8.16e-02, 1.22e-06, 8.88e-01, 1.94e-01, 9.94e-01, 1.42e+00, 1.17e-05, 7.33e-02, 9.72e-01]
22750 [7.51e-01, 3.43e-01, 8.20e-02, 8.66e-05, 8.67e-01, 1.71e-01, 9.94e-01, 1.39e+00, 1.23e-04, 6.95e-02, 9.63e-01]
23000 [7.68e-01, 3.46e-01, 8.00e-02, 8.97e-07, 8.92e-01, 1.76e-01, 9.94e-01, 1.36e+00, 4.25e-05, 7.14e-02, 9.62e-01]
23250 [7.80e-01, 3.48e-01, 7.97e-02, 8.96e-06, 9.12e-01, 1.78e-01, 9.94e-01, 1.33e+00, 4.23e-06, 7.03e-02, 9.58e-01]
23500 [7.84e-01, 3.50e-01, 7.96e-02, 9.91e-06, 9.08e-01, 1.74e-01, 9.94e-01, 1.29e+00, 9.09e-05, 6.78e-02, 9.51e-01]
23750 [7.89e-01, 3.53e-01, 8.32e-02, 5.81e-05, 8.94e-01, 1.46e-01, 9.94e-01, 1.26e+00, 1.30e-04, 6.66e-02, 9.51e-01]
24000 [7.90e-01, 3.58e-01, 8.50e-02, 3.48e-07, 9.12e-01, 1.29e-01, 9.94e-01, 1.21e+00, 5.66e-05, 6.38e-02, 9.76e-01]
24250 [7.93e-01, 3.59e-01, 8.44e-02, 1.05e-05, 9.15e-01, 1.21e-01, 9.94e-01, 1.15e+00, 2.39e-04, 5.98e-02, 1.02e+00]
24500 [7.82e-01, 3.60e-01, 9.28e-02, 4.31e-08, 8.36e-01, 8.85e-02, 9.94e-01, 1.11e+00, 7.62e-05, 4.92e-02, 1.10e+00]
24750 [7.90e-01, 3.64e-01, 1.04e-01, 6.12e-05, 8.51e-01, 4.36e-02, 9.94e-01, 1.04e+00, 1.65e-04, 3.23e-02, 1.30e+00]
25000 [7.89e-01, 3.63e-01, 1.36e-01, 1.58e-04, 8.90e-01, 5.53e-04, 9.94e-01, 9.76e-01, 2.31e-04, 4.33e-03, 1.76e+00]
25000 [7.89e-01, 3.63e-01, 1.36e-01, 1.58e-04, 8.90e-01, 5.53e-04, 9.94e-01, 9.76e-01, 2.31e-04, 4.33e-03, 1.76e+00]
25250 [7.75e-01, 3.62e-01, 1.34e-01, 7.58e-07, 8.74e-01, 2.67e-02, 9.94e-01, 9.71e-01, 2.72e-06, 8.43e-03, 1.74e+00]
25500 [7.78e-01, 3.65e-01, 1.36e-01, 1.46e-06, 8.78e-01, 1.06e-02, 9.94e-01, 9.70e-01, 4.52e-06, 9.55e-03, 1.75e+00]
25750 [7.82e-01, 3.69e-01, 1.44e-01, 1.98e-06, 8.84e-01, 8.26e-05, 9.94e-01, 9.69e-01, 6.15e-06, 6.17e-03, 1.77e+00]
26000 [7.87e-01, 3.72e-01, 1.50e-01, 2.09e-06, 8.91e-01, 1.06e-04, 9.94e-01, 9.67e-01, 7.75e-06, 4.50e-03, 1.79e+00]
26250 [7.92e-01, 3.73e-01, 1.52e-01, 2.64e-06, 8.99e-01, 1.21e-04, 9.94e-01, 9.65e-01, 1.06e-05, 4.19e-03, 1.82e+00]
26500 [7.99e-01, 3.74e-01, 1.52e-01, 2.90e-06, 9.09e-01, 1.44e-04, 9.94e-01, 9.63e-01, 1.14e-05, 4.35e-03, 1.85e+00]
26750 [8.07e-01, 3.74e-01, 1.52e-01, 2.99e-06, 9.20e-01, 1.64e-04, 9.94e-01, 9.60e-01, 1.10e-05, 4.50e-03, 1.88e+00]
27000 [8.10e-01, 3.75e-01, 1.49e-01, 1.21e-05, 9.32e-01, 1.79e-04, 9.94e-01, 9.57e-01, 3.17e-05, 4.30e-03, 1.93e+00]
27250 [8.12e-01, 3.78e-01, 1.50e-01, 9.73e-07, 9.38e-01, 2.23e-04, 9.94e-01, 9.54e-01, 1.98e-06, 4.64e-03, 1.97e+00]
27500 [8.10e-01, 3.80e-01, 1.49e-01, 5.75e-07, 9.32e-01, 2.60e-04, 9.94e-01, 9.51e-01, 6.23e-06, 4.99e-03, 2.02e+00]
27750 [8.11e-01, 3.81e-01, 1.47e-01, 1.65e-05, 9.29e-01, 2.10e-04, 9.94e-01, 9.48e-01, 3.07e-05, 4.86e-03, 2.08e+00]
28000 [8.15e-01, 3.84e-01, 1.48e-01, 1.70e-05, 9.42e-01, 2.33e-04, 9.94e-01, 9.44e-01, 4.51e-05, 5.41e-03, 2.14e+00]
28250 [8.12e-01, 3.85e-01, 1.46e-01, 6.37e-05, 9.47e-01, 2.94e-04, 9.94e-01, 9.40e-01, 8.39e-05, 4.63e-03, 2.20e+00]
28500 [8.12e-01, 3.88e-01, 1.46e-01, 6.26e-06, 9.11e-01, 4.51e-04, 9.94e-01, 9.36e-01, 1.13e-05, 6.21e-03, 2.28e+00]
28750 [8.15e-01, 3.91e-01, 1.48e-01, 5.03e-06, 9.08e-01, 5.28e-04, 9.94e-01, 9.32e-01, 7.27e-06, 6.53e-03, 2.35e+00]
29000 [8.18e-01, 3.93e-01, 1.45e-01, 1.27e-04, 9.30e-01, 3.35e-04, 9.94e-01, 9.29e-01, 1.50e-04, 6.92e-03, 2.43e+00]
29250 [8.22e-01, 3.96e-01, 1.46e-01, 3.46e-06, 9.21e-01, 5.29e-04, 9.94e-01, 9.26e-01, 5.66e-06, 7.30e-03, 2.52e+00]
29500 [8.24e-01, 3.99e-01, 1.44e-01, 3.34e-06, 9.42e-01, 6.92e-04, 9.94e-01, 9.23e-01, 2.48e-05, 7.95e-03, 2.62e+00]
29750 [8.26e-01, 4.02e-01, 1.45e-01, 1.36e-05, 9.34e-01, 6.13e-04, 9.94e-01, 9.20e-01, 3.09e-05, 1.10e-02, 2.72e+00]
30000 [8.24e-01, 4.04e-01, 1.44e-01, 2.08e-04, 9.17e-01, 4.19e-04, 9.94e-01, 9.18e-01, 2.48e-04, 8.54e-03, 2.83e+00]
30250 [8.29e-01, 4.10e-01, 1.44e-01, 3.77e-06, 9.05e-01, 6.07e-04, 9.94e-01, 9.14e-01, 3.61e-05, 9.77e-03, 2.95e+00]
30500 [8.39e-01, 4.14e-01, 1.43e-01, 6.87e-04, 9.39e-01, 7.72e-04, 9.94e-01, 9.10e-01, 1.44e-04, 1.29e-02, 3.07e+00]
30750 [8.23e-01, 4.18e-01, 1.42e-01, 1.66e-04, 8.57e-01, 4.29e-04, 9.94e-01, 9.06e-01, 1.67e-04, 7.81e-03, 3.21e+00]
31000 [8.48e-01, 4.22e-01, 1.41e-01, 2.01e-04, 8.98e-01, 2.30e-04, 9.94e-01, 9.01e-01, 2.06e-04, 1.08e-02, 3.35e+00]
31250 [8.51e-01, 4.26e-01, 1.41e-01, 1.40e-04, 9.26e-01, 2.70e-04, 9.94e-01, 8.95e-01, 1.53e-04, 1.10e-02, 3.49e+00]
31500 [8.36e-01, 4.31e-01, 1.41e-01, 4.39e-06, 9.22e-01, 5.92e-04, 9.94e-01, 8.88e-01, 4.49e-05, 1.18e-02, 3.63e+00]
31750 [8.61e-01, 4.35e-01, 1.40e-01, 1.31e-04, 9.59e-01, 3.58e-04, 9.94e-01, 8.79e-01, 2.31e-05, 1.26e-02, 3.79e+00]
32000 [8.46e-01, 4.40e-01, 1.39e-01, 2.40e-04, 9.25e-01, 3.44e-04, 9.94e-01, 8.70e-01, 3.35e-04, 1.18e-02, 3.94e+00]
32250 [8.64e-01, 4.44e-01, 1.38e-01, 3.63e-05, 9.66e-01, 2.74e-04, 9.94e-01, 8.59e-01, 9.84e-05, 1.20e-02, 4.09e+00]
32500 [8.73e-01, 4.48e-01, 1.39e-01, 2.97e-04, 8.87e-01, 3.82e-04, 9.94e-01, 8.47e-01, 3.59e-04, 1.10e-02, 4.24e+00]
32750 [8.51e-01, 4.52e-01, 1.37e-01, 2.05e-05, 9.07e-01, 8.27e-04, 9.94e-01, 8.38e-01, 1.68e-05, 1.22e-02, 4.38e+00]
33000 [8.85e-01, 4.57e-01, 1.36e-01, 3.75e-06, 9.39e-01, 8.67e-04, 9.94e-01, 8.24e-01, 1.94e-05, 1.23e-02, 4.52e+00]
33250 [8.56e-01, 4.61e-01, 1.35e-01, 4.00e-04, 9.50e-01, 2.79e-04, 9.94e-01, 8.13e-01, 4.22e-04, 1.13e-02, 4.66e+00]
33500 [8.80e-01, 4.65e-01, 1.36e-01, 3.96e-04, 9.67e-01, 1.32e-04, 9.94e-01, 7.96e-01, 4.06e-04, 1.12e-02, 4.80e+00]
33750 [8.96e-01, 4.69e-01, 1.35e-01, 2.37e-04, 9.38e-01, 4.34e-04, 9.94e-01, 7.80e-01, 3.53e-04, 1.13e-02, 4.94e+00]
34000 [8.45e-01, 4.52e-01, 1.39e-01, 2.22e-04, 8.69e-01, 3.63e-04, 9.94e-01, 7.78e-01, 3.52e-02, 4.16e-02, 4.92e+00]
34250 [9.09e-01, 4.61e-01, 1.38e-01, 2.23e-04, 9.14e-01, 3.43e-04, 9.94e-01, 7.54e-01, 9.47e-05, 2.14e-02, 4.93e+00]
34500 [8.96e-01, 4.71e-01, 1.36e-01, 7.18e-06, 9.52e-01, 4.89e-04, 9.94e-01, 7.36e-01, 1.42e-05, 1.35e-02, 4.94e+00]
34750 [8.87e-01, 4.79e-01, 1.35e-01, 2.41e-04, 9.66e-01, 2.91e-04, 9.94e-01, 7.21e-01, 2.37e-04, 1.22e-02, 4.96e+00]
35000 [9.03e-01, 4.83e-01, 1.33e-01, 2.61e-04, 9.98e-01, 1.88e-04, 9.94e-01, 7.05e-01, 2.48e-04, 1.15e-02, 4.98e+00]
35250 [9.08e-01, 4.88e-01, 1.31e-01, 7.30e-04, 1.01e+00, 2.68e-04, 9.94e-01, 6.90e-01, 2.93e-04, 1.12e-02, 5.00e+00]
35500 [8.99e-01, 4.92e-01, 1.32e-01, 3.11e-04, 9.62e-01, 5.05e-04, 9.94e-01, 6.78e-01, 2.71e-04, 1.13e-02, 5.03e+00]
35750 [9.20e-01, 4.96e-01, 1.31e-01, 2.82e-04, 1.00e+00, 4.26e-04, 9.94e-01, 6.65e-01, 3.23e-04, 1.08e-02, 5.06e+00]
36000 [9.29e-01, 4.99e-01, 1.31e-01, 5.85e-04, 1.02e+00, 5.72e-04, 9.94e-01, 6.53e-01, 4.63e-04, 1.08e-02, 5.09e+00]
36250 [9.30e-01, 5.03e-01, 1.30e-01, 2.61e-04, 1.03e+00, 2.51e-04, 9.94e-01, 6.43e-01, 1.90e-04, 1.08e-02, 5.12e+00]
36500 [8.97e-01, 5.05e-01, 1.28e-01, 8.13e-05, 1.01e+00, 6.39e-04, 9.94e-01, 6.40e-01, 4.08e-05, 1.01e-02, 5.16e+00]
36750 [9.43e-01, 5.10e-01, 1.30e-01, 4.03e-06, 1.01e+00, 7.75e-04, 9.94e-01, 6.27e-01, 2.42e-05, 1.06e-02, 5.20e+00]
37000 [9.19e-01, 5.14e-01, 1.31e-01, 2.22e-05, 9.80e-01, 6.04e-04, 9.94e-01, 6.28e-01, 2.28e-05, 1.07e-02, 5.21e+00]
37250 [9.21e-01, 5.17e-01, 1.28e-01, 3.39e-04, 1.02e+00, 6.29e-04, 9.94e-01, 6.30e-01, 3.50e-05, 1.22e-02, 5.26e+00]
37500 [9.27e-01, 5.20e-01, 1.28e-01, 1.70e-05, 1.03e+00, 6.75e-04, 9.94e-01, 6.28e-01, 3.95e-05, 1.10e-02, 5.31e+00]
37750 [9.26e-01, 5.23e-01, 1.28e-01, 2.61e-06, 9.72e-01, 6.82e-04, 9.94e-01, 6.30e-01, 1.52e-05, 1.24e-02, 5.36e+00]
38000 [9.19e-01, 5.28e-01, 1.29e-01, 2.75e-04, 9.91e-01, 3.03e-04, 9.94e-01, 6.37e-01, 3.15e-04, 1.04e-02, 5.40e+00]
38250 [9.36e-01, 5.29e-01, 1.27e-01, 3.71e-04, 1.03e+00, 6.60e-04, 9.94e-01, 6.41e-01, 2.88e-04, 1.21e-02, 5.46e+00]
38500 [9.49e-01, 5.32e-01, 1.27e-01, 3.06e-04, 1.06e+00, 4.71e-04, 9.94e-01, 6.44e-01, 3.37e-04, 1.04e-02, 5.53e+00]
38750 [9.59e-01, 5.36e-01, 1.27e-01, 1.42e-04, 1.03e+00, 6.67e-04, 9.94e-01, 6.52e-01, 2.33e-04, 1.20e-02, 5.59e+00]
39000 [9.43e-01, 5.40e-01, 1.26e-01, 3.10e-04, 1.04e+00, 2.88e-04, 9.94e-01, 6.65e-01, 3.30e-04, 1.10e-02, 5.66e+00]
39250 [9.61e-01, 5.42e-01, 1.26e-01, 7.63e-04, 1.07e+00, 7.66e-05, 9.94e-01, 6.73e-01, 4.78e-04, 1.29e-02, 5.73e+00]
39500 [9.36e-01, 5.46e-01, 1.25e-01, 3.45e-05, 1.01e+00, 4.36e-04, 9.94e-01, 6.85e-01, 1.13e-05, 1.01e-02, 5.80e+00]
39750 [9.36e-01, 5.49e-01, 1.26e-01, 2.99e-04, 1.03e+00, 3.45e-04, 9.94e-01, 6.97e-01, 4.70e-05, 1.04e-02, 5.85e+00]
40000 [9.69e-01, 5.51e-01, 1.25e-01, 3.13e-04, 1.08e+00, 1.31e-04, 9.94e-01, 7.04e-01, 3.11e-04, 1.07e-02, 5.92e+00]
40250 [9.71e-01, 5.54e-01, 1.24e-01, 2.33e-05, 1.09e+00, 4.65e-04, 9.94e-01, 7.16e-01, 7.69e-05, 1.28e-02, 5.99e+00]
40500 [9.77e-01, 5.57e-01, 1.24e-01, 5.83e-05, 1.04e+00, 5.51e-04, 9.94e-01, 7.31e-01, 1.13e-04, 1.09e-02, 6.05e+00]
40750 [9.76e-01, 5.61e-01, 1.23e-01, 5.13e-06, 1.08e+00, 6.41e-04, 9.94e-01, 7.52e-01, 9.99e-08, 1.14e-02, 6.12e+00]
41000 [9.46e-01, 5.64e-01, 1.22e-01, 9.15e-04, 1.05e+00, 8.34e-05, 9.94e-01, 7.78e-01, 9.18e-04, 1.94e-02, 6.18e+00]
41250 [9.62e-01, 5.64e-01, 1.23e-01, 4.91e-04, 1.06e+00, 1.42e-04, 9.94e-01, 7.91e-01, 4.92e-04, 1.62e-02, 6.23e+00]
41500 [9.56e-01, 5.70e-01, 1.23e-01, 2.95e-04, 1.05e+00, 4.52e-04, 9.94e-01, 8.05e-01, 2.47e-04, 1.11e-02, 6.28e+00]
41750 [9.88e-01, 5.71e-01, 1.22e-01, 3.09e-04, 1.10e+00, 2.79e-04, 9.94e-01, 8.15e-01, 3.20e-04, 1.12e-02, 6.34e+00]
42000 [9.95e-01, 5.73e-01, 1.22e-01, 1.43e-05, 1.07e+00, 5.65e-04, 9.94e-01, 8.32e-01, 1.76e-05, 1.19e-02, 6.38e+00]
42250 [9.97e-01, 5.77e-01, 1.22e-01, 9.04e-04, 1.10e+00, 1.13e-04, 9.94e-01, 8.47e-01, 8.01e-04, 1.18e-02, 6.43e+00]
42500 [9.84e-01, 5.79e-01, 1.21e-01, 3.12e-04, 1.09e+00, 1.95e-04, 9.94e-01, 8.66e-01, 3.08e-04, 1.27e-02, 6.48e+00]
42750 [9.88e-01, 5.83e-01, 1.20e-01, 3.87e-04, 1.09e+00, 2.41e-04, 9.94e-01, 8.83e-01, 3.60e-04, 1.22e-02, 6.53e+00]
43000 [9.85e-01, 5.85e-01, 1.20e-01, 4.87e-05, 1.09e+00, 5.58e-04, 9.94e-01, 9.05e-01, 2.03e-04, 1.56e-02, 6.58e+00]
43250 [9.95e-01, 5.88e-01, 1.19e-01, 1.71e-05, 1.08e+00, 7.25e-04, 9.94e-01, 9.22e-01, 2.03e-07, 1.19e-02, 6.63e+00]
43500 [1.01e+00, 5.90e-01, 1.20e-01, 9.02e-05, 1.10e+00, 4.51e-04, 9.94e-01, 9.36e-01, 2.97e-04, 1.17e-02, 6.64e+00]
43750 [9.98e-01, 5.93e-01, 1.20e-01, 3.42e-04, 1.09e+00, 1.61e-04, 9.94e-01, 9.58e-01, 3.45e-04, 1.14e-02, 6.69e+00]
44000 [9.78e-01, 5.96e-01, 1.19e-01, 2.51e-05, 1.05e+00, 5.45e-04, 9.94e-01, 9.80e-01, 9.13e-06, 1.11e-02, 6.72e+00]
44250 [1.01e+00, 5.98e-01, 1.19e-01, 4.33e-04, 1.10e+00, 5.65e-04, 9.94e-01, 9.94e-01, 3.78e-04, 1.30e-02, 6.76e+00]
44500 [1.01e+00, 5.99e-01, 1.19e-01, 3.12e-04, 1.12e+00, 3.02e-04, 9.94e-01, 1.01e+00, 3.16e-04, 1.35e-02, 6.80e+00]
44750 [1.01e+00, 6.03e-01, 1.19e-01, 2.96e-04, 1.11e+00, 3.88e-04, 9.94e-01, 1.02e+00, 2.89e-04, 1.18e-02, 6.78e+00]
45000 [1.01e+00, 6.05e-01, 1.18e-01, 7.69e-04, 1.10e+00, 3.60e-04, 9.94e-01, 1.04e+00, 5.44e-04, 1.70e-02, 6.82e+00]
45250 [1.03e+00, 6.09e-01, 1.18e-01, 4.00e-04, 1.12e+00, 9.80e-05, 9.94e-01, 1.05e+00, 4.01e-04, 1.20e-02, 6.86e+00]
45500 [1.00e+00, 6.10e-01, 1.18e-01, 3.95e-04, 1.07e+00, 1.17e-04, 9.94e-01, 1.07e+00, 5.70e-04, 2.00e-02, 6.90e+00]
45750 [1.03e+00, 6.13e-01, 1.17e-01, 9.01e-05, 1.11e+00, 3.95e-04, 9.94e-01, 1.08e+00, 7.51e-05, 1.17e-02, 6.94e+00]
46000 [1.03e+00, 6.15e-01, 1.17e-01, 3.69e-04, 1.12e+00, 1.48e-04, 9.94e-01, 1.10e+00, 3.54e-04, 1.22e-02, 6.98e+00]
46250 [1.04e+00, 6.18e-01, 1.16e-01, 3.57e-04, 1.13e+00, 2.01e-04, 9.94e-01, 1.12e+00, 5.73e-04, 1.32e-02, 7.02e+00]
46500 [1.04e+00, 6.19e-01, 1.16e-01, 2.24e-04, 1.13e+00, 4.34e-04, 9.94e-01, 1.14e+00, 7.45e-05, 1.59e-02, 7.06e+00]
46750 [1.03e+00, 6.23e-01, 1.16e-01, 3.28e-04, 1.09e+00, 4.61e-04, 9.94e-01, 1.15e+00, 2.96e-04, 1.21e-02, 7.07e+00]
47000 [1.04e+00, 6.24e-01, 1.15e-01, 2.66e-07, 1.12e+00, 6.90e-04, 9.94e-01, 1.17e+00, 1.70e-05, 1.19e-02, 7.12e+00]
47250 [1.02e+00, 6.27e-01, 1.17e-01, 3.38e-05, 1.08e+00, 1.21e-04, 9.94e-01, 1.18e+00, 3.27e-05, 2.02e-02, 7.05e+00]
47500 [1.04e+00, 6.29e-01, 1.15e-01, 3.00e-04, 1.11e+00, 5.04e-05, 9.94e-01, 1.19e+00, 2.54e-04, 1.21e-02, 7.06e+00]
47750 [1.02e+00, 6.32e-01, 1.15e-01, 2.97e-04, 1.10e+00, 1.34e-04, 9.94e-01, 1.21e+00, 2.83e-04, 1.18e-02, 7.07e+00]
48000 [1.05e+00, 6.33e-01, 1.15e-01, 1.66e-05, 1.14e+00, 2.17e-04, 9.94e-01, 1.22e+00, 1.16e-05, 1.26e-02, 7.09e+00]
48250 [1.06e+00, 6.35e-01, 1.15e-01, 7.25e-06, 1.13e+00, 4.36e-04, 9.94e-01, 1.23e+00, 1.95e-06, 1.26e-02, 7.10e+00]
48500 [1.04e+00, 6.38e-01, 1.14e-01, 3.10e-04, 1.13e+00, 2.29e-04, 9.94e-01, 1.25e+00, 2.92e-04, 1.13e-02, 7.12e+00]
48750 [1.04e+00, 6.40e-01, 1.13e-01, 2.59e-05, 1.11e+00, 5.22e-04, 9.94e-01, 1.26e+00, 3.12e-05, 1.47e-02, 7.13e+00]
49000 [1.06e+00, 6.42e-01, 1.13e-01, 4.25e-05, 1.13e+00, 6.03e-04, 9.94e-01, 1.28e+00, 7.78e-05, 1.22e-02, 7.15e+00]
49250 [1.06e+00, 6.42e-01, 1.13e-01, 3.29e-04, 1.13e+00, 3.54e-04, 9.94e-01, 1.29e+00, 3.10e-04, 1.41e-02, 7.17e+00]
49500 [1.06e+00, 6.45e-01, 1.13e-01, 3.63e-04, 1.13e+00, 8.42e-04, 9.94e-01, 1.31e+00, 1.13e-04, 1.37e-02, 7.19e+00]
49750 [1.05e+00, 6.47e-01, 1.12e-01, 1.37e-03, 1.11e+00, 4.31e-05, 9.94e-01, 1.33e+00, 1.49e-03, 1.71e-02, 7.21e+00]
50000 [1.04e+00, 6.49e-01, 1.12e-01, 4.53e-06, 1.10e+00, 7.37e-04, 9.94e-01, 1.35e+00, 1.33e-05, 1.63e-02, 7.22e+00]
50000 [1.04e+00, 6.49e-01, 1.12e-01, 4.53e-06, 1.10e+00, 7.37e-04, 9.94e-01, 1.35e+00, 1.33e-05, 1.63e-02, 7.22e+00]
50250 [1.03e+00, 6.42e-01, 1.06e-01, 7.87e-03, 1.07e+00, 2.19e-02, 9.94e-01, 1.35e+00, 3.88e-06, 2.25e-02, 7.20e+00]
50500 [1.04e+00, 6.46e-01, 1.06e-01, 3.90e-05, 1.07e+00, 3.27e-03, 9.94e-01, 1.35e+00, 7.56e-06, 2.23e-02, 7.20e+00]
50750 [1.04e+00, 6.50e-01, 1.10e-01, 4.96e-05, 1.08e+00, 3.65e-05, 9.94e-01, 1.35e+00, 1.18e-05, 1.95e-02, 7.20e+00]
51000 [1.05e+00, 6.56e-01, 1.12e-01, 5.92e-05, 1.09e+00, 6.99e-05, 9.94e-01, 1.35e+00, 1.61e-05, 1.70e-02, 7.20e+00]
51250 [1.06e+00, 6.59e-01, 1.13e-01, 6.97e-05, 1.10e+00, 9.78e-05, 9.94e-01, 1.35e+00, 2.09e-05, 1.50e-02, 7.20e+00]
51500 [1.07e+00, 6.61e-01, 1.13e-01, 7.94e-05, 1.11e+00, 1.38e-04, 9.94e-01, 1.35e+00, 2.67e-05, 1.37e-02, 7.20e+00]
51750 [1.07e+00, 6.63e-01, 1.13e-01, 2.60e-04, 1.11e+00, 9.67e-06, 9.94e-01, 1.35e+00, 1.02e-04, 1.34e-02, 7.20e+00]
52000 [1.07e+00, 6.64e-01, 1.13e-01, 4.07e-06, 1.11e+00, 3.74e-04, 9.94e-01, 1.36e+00, 2.71e-05, 1.28e-02, 7.20e+00]
52250 [1.07e+00, 6.66e-01, 1.12e-01, 7.13e-05, 1.11e+00, 4.23e-04, 9.94e-01, 1.36e+00, 5.56e-05, 1.20e-02, 7.20e+00]
52500 [1.07e+00, 6.67e-01, 1.12e-01, 1.04e-06, 1.11e+00, 2.73e-04, 9.94e-01, 1.36e+00, 1.07e-05, 1.17e-02, 7.21e+00]
52750 [1.08e+00, 6.68e-01, 1.12e-01, 2.00e-04, 1.12e+00, 1.62e-04, 9.94e-01, 1.37e+00, 6.20e-05, 1.15e-02, 7.21e+00]
53000 [1.08e+00, 6.70e-01, 1.11e-01, 2.06e-04, 1.12e+00, 2.13e-04, 9.94e-01, 1.37e+00, 8.69e-05, 1.14e-02, 7.21e+00]
53250 [1.08e+00, 6.71e-01, 1.11e-01, 3.42e-05, 1.12e+00, 3.68e-04, 9.94e-01, 1.38e+00, 4.87e-05, 1.18e-02, 7.21e+00]
53500 [1.08e+00, 6.74e-01, 1.11e-01, 2.92e-04, 1.12e+00, 3.19e-04, 9.94e-01, 1.38e+00, 1.58e-04, 1.17e-02, 7.21e+00]
53750 [1.08e+00, 6.75e-01, 1.11e-01, 8.08e-04, 1.13e+00, 2.14e-04, 9.94e-01, 1.39e+00, 4.04e-04, 1.19e-02, 7.22e+00]
54000 [1.09e+00, 6.77e-01, 1.10e-01, 7.78e-04, 1.13e+00, 3.27e-04, 9.94e-01, 1.40e+00, 3.50e-04, 1.20e-02, 7.22e+00]
54250 [1.09e+00, 6.78e-01, 1.10e-01, 5.72e-04, 1.14e+00, 1.85e-05, 9.94e-01, 1.41e+00, 4.10e-04, 1.19e-02, 7.22e+00]
54500 [1.09e+00, 6.80e-01, 1.10e-01, 6.57e-05, 1.13e+00, 4.58e-04, 9.94e-01, 1.42e+00, 1.19e-04, 1.32e-02, 7.23e+00]
54750 [1.10e+00, 6.81e-01, 1.10e-01, 3.57e-04, 1.14e+00, 3.38e-04, 9.94e-01, 1.43e+00, 2.26e-04, 1.18e-02, 7.23e+00]
55000 [1.10e+00, 6.83e-01, 1.09e-01, 7.71e-04, 1.12e+00, 5.48e-05, 9.94e-01, 1.44e+00, 4.84e-04, 1.30e-02, 7.24e+00]
55250 [1.10e+00, 6.85e-01, 1.09e-01, 1.87e-05, 1.12e+00, 4.02e-04, 9.94e-01, 1.46e+00, 1.71e-05, 1.39e-02, 7.24e+00]
55500 [1.09e+00, 6.86e-01, 1.09e-01, 1.27e-05, 1.11e+00, 6.19e-04, 9.94e-01, 1.48e+00, 1.73e-05, 1.18e-02, 7.24e+00]
55750 [1.11e+00, 6.87e-01, 1.09e-01, 3.42e-06, 1.14e+00, 2.76e-04, 9.94e-01, 1.50e+00, 4.59e-05, 1.34e-02, 7.25e+00]
56000 [1.10e+00, 6.89e-01, 1.09e-01, 1.97e-05, 1.12e+00, 4.57e-04, 9.94e-01, 1.52e+00, 5.06e-06, 1.39e-02, 7.25e+00]
56250 [1.10e+00, 6.92e-01, 1.08e-01, 2.55e-05, 1.12e+00, 7.92e-04, 9.94e-01, 1.54e+00, 7.89e-05, 1.13e-02, 7.26e+00]
56500 [1.11e+00, 6.93e-01, 1.08e-01, 4.29e-04, 1.12e+00, 3.50e-05, 9.94e-01, 1.57e+00, 9.89e-05, 1.06e-02, 7.27e+00]
56750 [1.12e+00, 6.94e-01, 1.08e-01, 3.34e-04, 1.14e+00, 2.30e-04, 9.94e-01, 1.59e+00, 2.51e-04, 1.17e-02, 7.28e+00]
57000 [1.10e+00, 6.96e-01, 1.07e-01, 1.32e-03, 1.12e+00, 2.93e-04, 9.94e-01, 1.62e+00, 6.95e-04, 1.51e-02, 7.29e+00]
57250 [1.12e+00, 6.96e-01, 1.07e-01, 1.77e-06, 1.13e+00, 7.26e-04, 9.94e-01, 1.65e+00, 5.62e-05, 1.28e-02, 7.30e+00]
57500 [1.13e+00, 6.99e-01, 1.07e-01, 4.68e-04, 1.11e+00, 1.37e-04, 9.94e-01, 1.68e+00, 5.24e-04, 1.31e-02, 7.32e+00]
57750 [1.13e+00, 7.00e-01, 9.85e-02, 3.64e-04, 1.10e+00, 1.09e-02, 9.94e-01, 1.69e+00, 3.11e-05, 6.98e-02, 7.21e+00]
58000 [1.12e+00, 7.01e-01, 1.04e-01, 5.06e-04, 1.11e+00, 2.17e-04, 9.94e-01, 1.74e+00, 6.96e-05, 4.75e-02, 7.21e+00]
58250 [1.14e+00, 7.04e-01, 1.06e-01, 4.25e-04, 1.13e+00, 2.04e-04, 9.94e-01, 1.77e+00, 1.13e-04, 3.17e-02, 7.21e+00]
58500 [1.11e+00, 7.05e-01, 1.06e-01, 3.35e-04, 1.11e+00, 2.94e-04, 9.94e-01, 1.81e+00, 1.13e-04, 2.20e-02, 7.21e+00]
58750 [1.12e+00, 7.06e-01, 1.06e-01, 7.33e-04, 1.11e+00, 2.81e-04, 9.94e-01, 1.84e+00, 1.81e-04, 1.65e-02, 7.21e+00]
59000 [1.13e+00, 7.07e-01, 1.06e-01, 2.22e-05, 1.12e+00, 2.84e-04, 9.94e-01, 1.87e+00, 2.90e-05, 1.36e-02, 7.22e+00]
59250 [1.15e+00, 7.08e-01, 1.06e-01, 1.22e-05, 1.14e+00, 3.37e-04, 9.94e-01, 1.89e+00, 1.82e-05, 1.20e-02, 7.22e+00]
59500 [1.16e+00, 7.09e-01, 1.06e-01, 1.94e-05, 1.06e+00, 4.01e-04, 9.94e-01, 1.93e+00, 8.30e-05, 9.99e-03, 7.22e+00]
59750 [1.14e+00, 7.12e-01, 1.05e-01, 3.48e-04, 1.07e+00, 4.08e-04, 9.94e-01, 1.97e+00, 2.13e-04, 1.13e-02, 7.22e+00]
60000 [1.16e+00, 7.14e-01, 1.05e-01, 3.94e-04, 1.10e+00, 2.35e-04, 9.94e-01, 2.00e+00, 2.49e-04, 1.17e-02, 7.23e+00]
60250 [1.14e+00, 7.14e-01, 1.05e-01, 3.59e-04, 1.09e+00, 1.61e-04, 9.94e-01, 2.03e+00, 2.47e-04, 1.18e-02, 7.23e+00]
60500 [1.16e+00, 7.16e-01, 1.05e-01, 1.92e-04, 1.11e+00, 1.74e-04, 9.94e-01, 2.06e+00, 5.53e-05, 1.12e-02, 7.23e+00]
60750 [1.15e+00, 7.18e-01, 1.04e-01, 2.13e-03, 1.10e+00, 3.74e-04, 9.94e-01, 2.10e+00, 7.47e-04, 1.20e-02, 7.23e+00]
61000 [1.17e+00, 7.19e-01, 1.05e-01, 1.93e-04, 1.10e+00, 1.24e-04, 9.94e-01, 2.13e+00, 1.46e-05, 1.17e-02, 7.23e+00]
61250 [1.17e+00, 7.19e-01, 1.04e-01, 2.05e-04, 1.11e+00, 3.48e-04, 9.94e-01, 2.16e+00, 2.14e-04, 1.32e-02, 7.24e+00]
61500 [1.17e+00, 7.21e-01, 1.04e-01, 4.45e-04, 1.11e+00, 1.92e-04, 9.94e-01, 2.19e+00, 4.53e-04, 1.20e-02, 7.24e+00]
61750 [1.15e+00, 7.23e-01, 1.04e-01, 9.97e-06, 1.08e+00, 3.79e-04, 9.94e-01, 2.23e+00, 1.93e-05, 1.34e-02, 7.25e+00]
62000 [1.16e+00, 7.24e-01, 1.03e-01, 4.05e-04, 1.09e+00, 4.12e-04, 9.94e-01, 2.26e+00, 3.15e-04, 1.19e-02, 7.25e+00]
62250 [1.17e+00, 7.24e-01, 1.03e-01, 1.11e-06, 1.10e+00, 6.53e-04, 9.94e-01, 2.29e+00, 3.32e-05, 1.19e-02, 7.26e+00]
62500 [1.16e+00, 7.28e-01, 1.04e-01, 3.45e-04, 1.08e+00, 3.12e-04, 9.94e-01, 2.32e+00, 9.07e-05, 1.21e-02, 7.25e+00]
62750 [1.18e+00, 7.29e-01, 1.03e-01, 3.52e-04, 1.11e+00, 2.96e-04, 9.94e-01, 2.35e+00, 3.40e-04, 1.11e-02, 7.26e+00]
63000 [1.17e+00, 7.30e-01, 1.03e-01, 4.40e-05, 1.09e+00, 1.57e-04, 9.94e-01, 2.38e+00, 7.61e-05, 1.16e-02, 7.27e+00]
63250 [1.18e+00, 7.30e-01, 1.03e-01, 3.54e-04, 1.09e+00, 2.58e-04, 9.94e-01, 2.41e+00, 3.22e-04, 1.15e-02, 7.27e+00]
63500 [1.19e+00, 7.33e-01, 1.02e-01, 3.02e-05, 1.10e+00, 3.78e-04, 9.94e-01, 2.44e+00, 9.68e-07, 1.18e-02, 7.28e+00]
63750 [1.18e+00, 7.34e-01, 1.02e-01, 4.99e-05, 1.10e+00, 7.74e-03, 9.94e-01, 2.47e+00, 4.10e-04, 1.22e-02, 7.29e+00]
64000 [1.17e+00, 7.35e-01, 1.02e-01, 1.74e-06, 1.09e+00, 2.93e-04, 9.94e-01, 2.51e+00, 9.34e-05, 1.61e-02, 7.30e+00]
64250 [1.20e+00, 7.34e-01, 1.02e-01, 2.18e-04, 1.11e+00, 3.25e-04, 9.94e-01, 2.53e+00, 3.48e-04, 2.00e-02, 7.31e+00]
64500 [1.19e+00, 7.38e-01, 1.03e-01, 3.44e-04, 1.09e+00, 1.07e-04, 9.94e-01, 2.57e+00, 2.34e-04, 1.13e-02, 7.28e+00]
64750 [1.18e+00, 7.39e-01, 1.02e-01, 3.44e-04, 1.08e+00, 1.51e-04, 9.94e-01, 2.60e+00, 2.58e-04, 8.56e-03, 7.30e+00]
65000 [1.20e+00, 7.40e-01, 1.02e-01, 3.47e-04, 1.10e+00, 3.58e-04, 9.94e-01, 2.62e+00, 2.73e-04, 1.10e-02, 7.31e+00]
65250 [1.21e+00, 7.41e-01, 1.02e-01, 4.13e-05, 1.10e+00, 2.69e-04, 9.94e-01, 2.65e+00, 1.78e-04, 1.25e-02, 7.32e+00]
65500 [1.20e+00, 7.43e-01, 1.02e-01, 3.15e-04, 1.10e+00, 2.94e-04, 9.94e-01, 2.68e+00, 2.33e-04, 1.14e-02, 7.34e+00]
65750 [1.21e+00, 7.45e-01, 1.01e-01, 2.10e-04, 1.10e+00, 4.04e-04, 9.94e-01, 2.71e+00, 3.31e-05, 1.11e-02, 7.36e+00]
66000 [1.20e+00, 7.44e-01, 1.01e-01, 3.19e-04, 1.09e+00, 1.56e-04, 9.94e-01, 2.74e+00, 6.60e-05, 2.41e-02, 7.36e+00]
66250 [1.18e+00, 7.46e-01, 1.00e-01, 2.03e-05, 1.06e+00, 2.93e-02, 9.94e-01, 2.77e+00, 2.53e-04, 3.85e-02, 7.35e+00]
66500 [1.17e+00, 7.48e-01, 9.52e-02, 3.50e-04, 1.05e+00, 2.69e-04, 9.94e-01, 2.80e+00, 4.84e-05, 1.20e-02, 7.39e+00]
66750 [1.16e+00, 7.50e-01, 9.88e-02, 2.71e-05, 1.04e+00, 1.55e-04, 9.94e-01, 2.84e+00, 2.78e-04, 2.44e-02, 7.41e+00]
67000 [1.22e+00, 7.51e-01, 1.01e-01, 3.30e-04, 1.10e+00, 2.62e-04, 9.94e-01, 2.85e+00, 5.23e-04, 1.12e-02, 7.45e+00]
67250 [1.21e+00, 7.52e-01, 1.01e-01, 3.27e-04, 1.09e+00, 3.43e-04, 9.94e-01, 2.88e+00, 6.07e-05, 1.14e-02, 7.44e+00]
67500 [1.21e+00, 7.53e-01, 1.01e-01, 3.03e-05, 1.09e+00, 3.94e-04, 9.94e-01, 2.90e+00, 1.12e-04, 1.19e-02, 7.47e+00]
67750 [1.19e+00, 7.55e-01, 1.00e-01, 1.91e-06, 1.04e+00, 7.06e-06, 9.94e-01, 2.94e+00, 5.39e-07, 5.08e-02, 7.41e+00]
68000 [1.21e+00, 7.57e-01, 1.00e-01, 3.02e-04, 1.07e+00, 2.36e-04, 9.94e-01, 2.96e+00, 1.65e-05, 3.20e-02, 7.41e+00]
68250 [1.21e+00, 7.58e-01, 1.00e-01, 6.51e-04, 1.08e+00, 4.17e-04, 9.94e-01, 2.98e+00, 8.61e-05, 2.09e-02, 7.41e+00]
68500 [1.22e+00, 7.60e-01, 1.00e-01, 5.82e-05, 1.08e+00, 2.50e-04, 9.94e-01, 3.01e+00, 3.12e-05, 1.51e-02, 7.41e+00]
68750 [1.21e+00, 7.61e-01, 1.00e-01, 3.47e-04, 1.08e+00, 2.32e-04, 9.94e-01, 3.03e+00, 5.77e-05, 1.23e-02, 7.41e+00]
69000 [1.21e+00, 7.62e-01, 9.98e-02, 1.08e-05, 1.08e+00, 2.33e-04, 9.94e-01, 3.06e+00, 3.49e-05, 1.12e-02, 7.41e+00]
69250 [1.23e+00, 7.63e-01, 1.00e-01, 4.16e-04, 1.08e+00, 3.77e-04, 9.94e-01, 3.08e+00, 1.24e-04, 1.06e-02, 7.41e+00]
69500 [1.23e+00, 7.63e-01, 1.00e-01, 3.31e-04, 1.07e+00, 2.58e-04, 9.94e-01, 3.11e+00, 1.02e-04, 1.13e-02, 7.42e+00]
69750 [1.22e+00, 7.65e-01, 1.00e-01, 5.79e-05, 1.07e+00, 2.94e-04, 9.94e-01, 3.13e+00, 2.82e-05, 1.09e-02, 7.42e+00]
70000 [1.20e+00, 7.65e-01, 9.96e-02, 1.11e-05, 1.02e+00, 3.59e-04, 9.94e-01, 3.17e+00, 1.86e-05, 1.06e-02, 7.42e+00]
70250 [1.21e+00, 7.67e-01, 1.00e-01, 4.95e-06, 1.04e+00, 3.69e-04, 9.94e-01, 3.19e+00, 1.55e-04, 1.17e-02, 7.42e+00]
70500 [1.22e+00, 7.70e-01, 9.95e-02, 3.69e-06, 1.05e+00, 3.19e-04, 9.94e-01, 3.21e+00, 9.12e-05, 1.13e-02, 7.42e+00]
70750 [1.21e+00, 7.71e-01, 9.88e-02, 1.02e-05, 1.05e+00, 7.24e-05, 9.94e-01, 3.24e+00, 5.18e-05, 1.04e-02, 7.42e+00]
71000 [1.22e+00, 7.71e-01, 9.88e-02, 5.19e-04, 1.05e+00, 3.93e-04, 9.94e-01, 3.27e+00, 2.37e-04, 1.24e-02, 7.42e+00]
71250 [1.23e+00, 7.73e-01, 9.87e-02, 1.91e-04, 1.06e+00, 1.76e-04, 9.94e-01, 3.30e+00, 2.24e-06, 1.16e-02, 7.42e+00]
71500 [1.23e+00, 7.75e-01, 8.77e-02, 3.11e-04, 1.06e+00, 3.44e-02, 9.94e-01, 3.31e+00, 3.28e-04, 3.81e-02, 7.42e+00]
71750 [1.23e+00, 7.76e-01, 8.42e-02, 1.03e-06, 1.03e+00, 2.89e-02, 9.94e-01, 3.35e+00, 1.08e-04, 3.24e-02, 7.42e+00]
72000 [1.24e+00, 7.78e-01, 7.03e-02, 4.90e-04, 1.05e+00, 7.64e-02, 9.94e-01, 3.39e+00, 9.24e-04, 7.53e-02, 7.42e+00]
72250 [1.18e+00, 7.78e-01, 6.62e-02, 3.91e-04, 9.42e-01, 2.60e-02, 9.94e-01, 3.48e+00, 2.52e-05, 8.93e-02, 7.39e+00]
72500 [1.24e+00, 7.80e-01, 6.86e-02, 2.87e-04, 9.83e-01, 7.85e-02, 9.94e-01, 3.53e+00, 5.15e-05, 7.50e-02, 7.40e+00]
72750 [1.24e+00, 7.82e-01, 5.63e-02, 2.32e-04, 1.01e+00, 1.20e-01, 9.94e-01, 3.59e+00, 9.17e-05, 1.04e-01, 7.40e+00]
73000 [1.25e+00, 7.83e-01, 5.34e-02, 2.90e-04, 9.98e-01, 1.26e-01, 9.94e-01, 3.69e+00, 1.48e-04, 1.04e-01, 7.39e+00]
73250 [1.25e+00, 7.86e-01, 4.93e-02, 2.65e-04, 1.02e+00, 1.41e-01, 9.94e-01, 3.79e+00, 5.47e-05, 1.11e-01, 7.38e+00]
73500 [1.22e+00, 7.86e-01, 4.99e-02, 2.03e-06, 9.79e-01, 1.27e-01, 9.94e-01, 3.91e+00, 2.33e-05, 9.52e-02, 7.37e+00]
73750 [1.26e+00, 7.88e-01, 4.84e-02, 1.30e-05, 1.02e+00, 1.47e-01, 9.94e-01, 3.99e+00, 1.63e-05, 1.13e-01, 7.36e+00]
74000 [1.26e+00, 7.89e-01, 4.88e-02, 5.96e-06, 1.00e+00, 1.36e-01, 9.94e-01, 4.10e+00, 5.61e-05, 1.02e-01, 7.34e+00]
74250 [1.26e+00, 7.92e-01, 4.68e-02, 3.54e-04, 1.02e+00, 1.66e-01, 9.94e-01, 4.20e+00, 4.10e-04, 1.12e-01, 7.34e+00]
74500 [1.27e+00, 7.92e-01, 4.70e-02, 5.67e-06, 9.96e-01, 1.53e-01, 9.94e-01, 4.30e+00, 8.79e-06, 1.10e-01, 7.33e+00]
74750 [1.23e+00, 7.95e-01, 5.15e-02, 8.18e-06, 9.16e-01, 1.23e-01, 9.94e-01, 4.39e+00, 8.18e-05, 7.02e-02, 7.27e+00]
75000 [1.27e+00, 7.96e-01, 4.72e-02, 6.41e-04, 9.57e-01, 1.56e-01, 9.94e-01, 4.46e+00, 2.58e-04, 1.03e-01, 7.27e+00]
75000 [1.27e+00, 7.96e-01, 4.72e-02, 6.41e-04, 9.57e-01, 1.56e-01, 9.94e-01, 4.46e+00, 2.58e-04, 1.03e-01, 7.27e+00]
75250 [1.26e+00, 7.87e-01, 4.64e-02, 1.29e-05, 9.41e-01, 1.34e-01, 9.94e-01, 4.46e+00, 1.66e-05, 1.11e-01, 7.25e+00]
75500 [1.26e+00, 7.88e-01, 4.71e-02, 1.76e-05, 9.45e-01, 1.43e-01, 9.94e-01, 4.46e+00, 2.11e-05, 1.11e-01, 7.25e+00]
75750 [1.27e+00, 7.91e-01, 4.67e-02, 2.22e-05, 9.51e-01, 1.54e-01, 9.94e-01, 4.47e+00, 2.51e-05, 1.11e-01, 7.25e+00]
76000 [1.27e+00, 7.94e-01, 4.57e-02, 2.69e-05, 9.59e-01, 1.65e-01, 9.94e-01, 4.47e+00, 2.87e-05, 1.12e-01, 7.25e+00]
76250 [1.28e+00, 7.97e-01, 4.45e-02, 3.19e-05, 9.68e-01, 1.78e-01, 9.94e-01, 4.48e+00, 3.20e-05, 1.12e-01, 7.24e+00]
76500 [1.29e+00, 8.01e-01, 4.33e-02, 3.73e-05, 9.79e-01, 1.90e-01, 9.94e-01, 4.48e+00, 3.52e-05, 1.12e-01, 7.24e+00]
76750 [1.29e+00, 8.05e-01, 4.36e-02, 2.08e-05, 9.84e-01, 1.83e-01, 9.94e-01, 4.49e+00, 6.72e-05, 1.06e-01, 7.23e+00]
77000 [1.29e+00, 8.07e-01, 4.29e-02, 8.63e-05, 9.83e-01, 1.84e-01, 9.94e-01, 4.50e+00, 6.53e-05, 1.11e-01, 7.22e+00]
77250 [1.29e+00, 8.08e-01, 4.25e-02, 1.60e-04, 9.84e-01, 1.83e-01, 9.94e-01, 4.51e+00, 1.64e-04, 1.06e-01, 7.22e+00]
77500 [1.29e+00, 8.09e-01, 4.23e-02, 1.92e-05, 9.84e-01, 1.82e-01, 9.94e-01, 4.53e+00, 6.28e-05, 1.09e-01, 7.21e+00]
77750 [1.30e+00, 8.11e-01, 4.29e-02, 1.27e-04, 9.89e-01, 1.83e-01, 9.94e-01, 4.54e+00, 9.88e-05, 1.07e-01, 7.19e+00]
78000 [1.29e+00, 8.13e-01, 4.27e-02, 1.70e-04, 9.85e-01, 1.80e-01, 9.94e-01, 4.56e+00, 8.67e-05, 1.06e-01, 7.18e+00]
78250 [1.30e+00, 8.13e-01, 4.27e-02, 3.11e-04, 9.94e-01, 1.86e-01, 9.94e-01, 4.58e+00, 2.81e-04, 1.08e-01, 7.17e+00]
78500 [1.29e+00, 8.15e-01, 4.21e-02, 2.73e-05, 9.90e-01, 1.82e-01, 9.94e-01, 4.60e+00, 9.15e-05, 1.12e-01, 7.15e+00]
78750 [1.30e+00, 8.16e-01, 4.27e-02, 1.19e-04, 9.96e-01, 1.85e-01, 9.94e-01, 4.63e+00, 4.43e-05, 1.11e-01, 7.13e+00]
79000 [1.30e+00, 8.18e-01, 4.36e-02, 7.28e-06, 9.81e-01, 1.68e-01, 9.94e-01, 4.66e+00, 6.53e-05, 1.08e-01, 7.10e+00]
79250 [1.30e+00, 8.19e-01, 4.24e-02, 6.34e-04, 9.92e-01, 1.86e-01, 9.94e-01, 4.69e+00, 4.93e-04, 1.13e-01, 7.09e+00]
79500 [1.30e+00, 8.19e-01, 4.24e-02, 5.83e-06, 9.87e-01, 1.80e-01, 9.94e-01, 4.72e+00, 7.25e-05, 1.09e-01, 7.06e+00]
79750 [1.30e+00, 8.21e-01, 4.23e-02, 6.47e-05, 9.93e-01, 1.82e-01, 9.94e-01, 4.76e+00, 1.21e-04, 9.58e-02, 7.03e+00]
80000 [1.30e+00, 8.22e-01, 4.26e-02, 4.19e-05, 9.89e-01, 1.78e-01, 9.94e-01, 4.81e+00, 6.28e-05, 1.02e-01, 6.99e+00]
80250 [1.30e+00, 8.24e-01, 4.23e-02, 1.76e-04, 9.94e-01, 1.83e-01, 9.94e-01, 4.85e+00, 1.67e-04, 1.09e-01, 6.96e+00]
80500 [1.30e+00, 8.25e-01, 4.21e-02, 4.48e-05, 9.98e-01, 1.91e-01, 9.94e-01, 4.91e+00, 9.11e-05, 1.10e-01, 6.92e+00]
80750 [1.31e+00, 8.26e-01, 4.25e-02, 1.68e-04, 9.75e-01, 1.88e-01, 9.94e-01, 4.96e+00, 4.07e-05, 1.10e-01, 6.87e+00]
81000 [1.31e+00, 8.28e-01, 4.28e-02, 2.12e-04, 9.82e-01, 1.75e-01, 9.94e-01, 5.03e+00, 6.55e-05, 8.86e-02, 6.80e+00]
81250 [1.28e+00, 8.28e-01, 4.22e-02, 1.32e-05, 9.47e-01, 1.76e-01, 9.94e-01, 5.10e+00, 4.71e-05, 1.08e-01, 6.75e+00]
81500 [1.31e+00, 8.30e-01, 4.16e-02, 1.14e-04, 9.87e-01, 1.94e-01, 9.94e-01, 5.17e+00, 3.19e-06, 1.10e-01, 6.72e+00]
81750 [1.30e+00, 8.31e-01, 4.20e-02, 3.22e-04, 9.74e-01, 1.91e-01, 9.94e-01, 5.24e+00, 2.06e-04, 1.04e-01, 6.68e+00]
82000 [1.30e+00, 8.32e-01, 4.24e-02, 3.51e-04, 9.70e-01, 1.84e-01, 9.94e-01, 5.32e+00, 1.12e-04, 1.05e-01, 6.59e+00]
82250 [1.30e+00, 8.34e-01, 4.13e-02, 5.29e-04, 9.81e-01, 1.91e-01, 9.94e-01, 5.40e+00, 1.58e-04, 1.10e-01, 6.55e+00]
82500 [1.29e+00, 8.35e-01, 4.19e-02, 3.76e-04, 9.29e-01, 1.75e-01, 9.94e-01, 5.49e+00, 1.65e-04, 8.07e-02, 6.49e+00]
82750 [1.29e+00, 8.36e-01, 4.16e-02, 1.31e-05, 9.47e-01, 1.84e-01, 9.94e-01, 5.59e+00, 2.90e-05, 1.06e-01, 6.43e+00]
83000 [1.27e+00, 8.37e-01, 4.11e-02, 9.22e-04, 9.38e-01, 1.79e-01, 9.94e-01, 5.68e+00, 3.00e-04, 1.07e-01, 6.37e+00]
83250 [1.30e+00, 8.37e-01, 4.15e-02, 7.47e-04, 9.56e-01, 1.86e-01, 9.94e-01, 5.76e+00, 1.68e-04, 1.07e-01, 6.32e+00]
83500 [1.31e+00, 8.40e-01, 4.15e-02, 3.14e-04, 9.57e-01, 1.95e-01, 9.94e-01, 5.85e+00, 1.58e-04, 1.04e-01, 6.26e+00]
83750 [1.28e+00, 8.40e-01, 4.12e-02, 1.06e-05, 8.98e-01, 1.72e-01, 9.94e-01, 5.95e+00, 2.39e-04, 6.00e-02, 6.14e+00]
84000 [1.31e+00, 8.42e-01, 4.10e-02, 3.72e-04, 9.45e-01, 1.99e-01, 9.94e-01, 6.03e+00, 2.36e-04, 1.05e-01, 6.08e+00]
84250 [1.31e+00, 8.42e-01, 4.23e-02, 3.16e-04, 9.16e-01, 1.86e-01, 9.94e-01, 6.11e+00, 1.73e-04, 1.05e-01, 6.00e+00]
84500 [1.31e+00, 8.43e-01, 4.17e-02, 2.76e-04, 9.35e-01, 1.93e-01, 9.94e-01, 6.20e+00, 1.19e-04, 1.06e-01, 5.95e+00]
84750 [1.30e+00, 8.46e-01, 4.09e-02, 3.11e-04, 9.28e-01, 1.83e-01, 9.94e-01, 6.29e+00, 1.72e-04, 1.04e-01, 5.90e+00]
85000 [1.30e+00, 8.47e-01, 4.10e-02, 2.38e-05, 9.41e-01, 1.98e-01, 9.94e-01, 6.37e+00, 2.20e-05, 9.99e-02, 5.84e+00]
85250 [1.30e+00, 8.48e-01, 4.08e-02, 3.40e-04, 9.38e-01, 1.91e-01, 9.94e-01, 6.45e+00, 2.27e-04, 9.95e-02, 5.77e+00]
85500 [1.30e+00, 8.50e-01, 4.16e-02, 3.17e-04, 9.02e-01, 1.88e-01, 9.94e-01, 6.52e+00, 2.52e-04, 8.99e-02, 5.64e+00]
85750 [1.30e+00, 8.51e-01, 4.07e-02, 3.41e-04, 9.16e-01, 1.93e-01, 9.94e-01, 6.61e+00, 2.17e-04, 1.04e-01, 5.59e+00]
86000 [1.30e+00, 8.52e-01, 4.02e-02, 4.27e-04, 9.30e-01, 1.92e-01, 9.94e-01, 6.69e+00, 2.56e-04, 1.05e-01, 5.54e+00]
86250 [1.30e+00, 8.53e-01, 4.06e-02, 1.93e-05, 9.24e-01, 2.01e-01, 9.94e-01, 6.76e+00, 3.55e-05, 1.01e-01, 5.48e+00]
86500 [1.31e+00, 8.55e-01, 4.04e-02, 9.63e-05, 9.27e-01, 1.90e-01, 9.94e-01, 6.83e+00, 2.45e-04, 1.03e-01, 5.42e+00]
86750 [1.31e+00, 8.56e-01, 4.02e-02, 8.39e-04, 9.34e-01, 1.97e-01, 9.94e-01, 6.91e+00, 5.65e-04, 1.00e-01, 5.36e+00]
87000 [1.29e+00, 8.57e-01, 3.98e-02, 6.22e-04, 8.97e-01, 1.81e-01, 9.94e-01, 6.99e+00, 5.01e-04, 6.02e-02, 5.29e+00]
87250 [1.29e+00, 8.57e-01, 4.07e-02, 3.25e-05, 9.04e-01, 1.90e-01, 9.94e-01, 7.06e+00, 2.57e-05, 9.95e-02, 5.20e+00]
87500 [1.31e+00, 8.60e-01, 4.11e-02, 3.38e-04, 8.87e-01, 1.86e-01, 9.94e-01, 7.12e+00, 2.34e-04, 1.01e-01, 5.14e+00]
87750 [1.32e+00, 8.61e-01, 3.97e-02, 7.40e-06, 9.21e-01, 2.05e-01, 9.94e-01, 7.19e+00, 1.59e-05, 1.00e-01, 5.09e+00]
88000 [1.27e+00, 8.62e-01, 4.02e-02, 3.57e-04, 8.63e-01, 1.78e-01, 9.94e-01, 7.27e+00, 3.04e-04, 6.55e-02, 4.96e+00]
88250 [1.30e+00, 8.63e-01, 3.94e-02, 1.74e-04, 8.99e-01, 1.84e-01, 9.94e-01, 7.32e+00, 4.90e-04, 1.05e-01, 4.88e+00]
88500 [1.32e+00, 8.63e-01, 4.10e-02, 1.83e-04, 8.92e-01, 1.88e-01, 9.94e-01, 7.36e+00, 2.45e-04, 1.00e-01, 4.83e+00]
88750 [1.30e+00, 8.66e-01, 4.02e-02, 1.22e-05, 8.91e-01, 1.96e-01, 9.94e-01, 7.43e+00, 3.68e-05, 9.91e-02, 4.79e+00]
89000 [1.31e+00, 8.67e-01, 4.00e-02, 4.87e-05, 9.08e-01, 2.04e-01, 9.94e-01, 7.48e+00, 1.07e-04, 9.04e-02, 4.73e+00]
89250 [1.31e+00, 8.67e-01, 3.98e-02, 1.44e-06, 9.05e-01, 2.01e-01, 9.94e-01, 7.54e+00, 6.55e-09, 9.85e-02, 4.67e+00]
89500 [1.31e+00, 8.69e-01, 4.03e-02, 3.17e-04, 8.76e-01, 2.00e-01, 9.94e-01, 7.59e+00, 1.09e-04, 9.74e-02, 4.58e+00]
89750 [1.32e+00, 8.70e-01, 3.94e-02, 2.81e-04, 9.00e-01, 2.03e-01, 9.94e-01, 7.65e+00, 1.26e-04, 9.30e-02, 4.52e+00]
90000 [1.32e+00, 8.71e-01, 3.96e-02, 3.87e-04, 9.04e-01, 2.00e-01, 9.94e-01, 7.71e+00, 2.00e-04, 8.93e-02, 4.44e+00]
90250 [1.31e+00, 8.72e-01, 4.05e-02, 1.05e-04, 8.74e-01, 1.96e-01, 9.94e-01, 7.76e+00, 2.07e-04, 9.72e-02, 4.36e+00]
90500 [1.32e+00, 8.74e-01, 3.98e-02, 3.49e-04, 8.90e-01, 2.05e-01, 9.94e-01, 7.80e+00, 2.42e-04, 9.54e-02, 4.27e+00]
90750 [1.31e+00, 8.75e-01, 3.88e-02, 5.35e-04, 8.93e-01, 1.98e-01, 9.94e-01, 7.86e+00, 3.59e-04, 9.63e-02, 4.21e+00]
91000 [1.32e+00, 8.75e-01, 3.94e-02, 1.36e-05, 8.92e-01, 1.95e-01, 9.94e-01, 7.91e+00, 1.21e-04, 8.33e-02, 4.13e+00]
91250 [1.30e+00, 8.77e-01, 3.94e-02, 3.94e-04, 8.40e-01, 1.81e-01, 9.94e-01, 7.96e+00, 7.56e-05, 6.98e-02, 4.03e+00]
91500 [1.29e+00, 8.78e-01, 3.88e-02, 2.32e-05, 8.54e-01, 1.88e-01, 9.94e-01, 8.01e+00, 8.91e-05, 9.42e-02, 3.95e+00]
91750 [1.31e+00, 8.79e-01, 3.88e-02, 6.79e-04, 8.73e-01, 1.93e-01, 9.94e-01, 8.06e+00, 3.49e-04, 9.42e-02, 3.87e+00]
92000 [1.32e+00, 8.81e-01, 3.92e-02, 1.61e-06, 8.91e-01, 2.04e-01, 9.94e-01, 8.10e+00, 9.08e-06, 9.33e-02, 3.79e+00]
92250 [1.33e+00, 8.82e-01, 3.89e-02, 1.44e-03, 8.95e-01, 2.01e-01, 9.94e-01, 8.14e+00, 1.10e-03, 8.83e-02, 3.70e+00]
92500 [1.31e+00, 8.83e-01, 4.00e-02, 4.32e-04, 8.32e-01, 1.71e-01, 9.94e-01, 8.18e+00, 4.34e-04, 9.69e-02, 3.56e+00]
92750 [1.32e+00, 8.85e-01, 3.95e-02, 3.76e-04, 8.63e-01, 2.04e-01, 9.94e-01, 8.22e+00, 2.34e-04, 9.28e-02, 3.52e+00]
93000 [1.31e+00, 8.85e-01, 3.87e-02, 4.21e-04, 8.63e-01, 1.96e-01, 9.94e-01, 8.27e+00, 2.78e-04, 9.11e-02, 3.45e+00]
93250 [1.29e+00, 8.86e-01, 3.83e-02, 5.35e-05, 8.41e-01, 1.87e-01, 9.94e-01, 8.32e+00, 1.11e-04, 9.02e-02, 3.35e+00]
93500 [1.32e+00, 8.87e-01, 3.86e-02, 1.33e-04, 8.62e-01, 1.95e-01, 9.94e-01, 8.35e+00, 1.99e-04, 9.09e-02, 3.28e+00]
93750 [1.33e+00, 8.87e-01, 3.94e-02, 3.80e-04, 8.61e-01, 1.92e-01, 9.94e-01, 8.38e+00, 2.20e-04, 8.18e-02, 3.20e+00]
94000 [1.31e+00, 8.90e-01, 3.82e-02, 1.86e-05, 8.68e-01, 1.91e-01, 9.94e-01, 8.41e+00, 5.41e-05, 9.48e-02, 3.11e+00]
94250 [1.33e+00, 8.90e-01, 3.93e-02, 3.60e-04, 8.57e-01, 2.03e-01, 9.94e-01, 8.44e+00, 1.70e-04, 9.09e-02, 3.04e+00]
94500 [1.31e+00, 8.92e-01, 3.93e-02, 2.04e-05, 8.41e-01, 1.89e-01, 9.94e-01, 8.48e+00, 3.16e-05, 7.55e-02, 2.96e+00]
94750 [1.32e+00, 8.93e-01, 3.84e-02, 1.87e-05, 8.69e-01, 2.05e-01, 9.94e-01, 8.51e+00, 1.02e-04, 8.72e-02, 2.89e+00]
95000 [1.27e+00, 8.93e-01, 3.80e-02, 3.74e-05, 8.14e-01, 1.74e-01, 9.94e-01, 8.56e+00, 1.70e-05, 8.00e-02, 2.76e+00]
95250 [1.32e+00, 8.96e-01, 3.85e-02, 1.76e-03, 8.64e-01, 2.07e-01, 9.94e-01, 8.56e+00, 1.71e-03, 9.18e-02, 2.71e+00]
95500 [1.32e+00, 8.97e-01, 3.87e-02, 3.51e-04, 8.53e-01, 2.02e-01, 9.94e-01, 8.59e+00, 2.45e-04, 8.78e-02, 2.62e+00]
95750 [1.32e+00, 8.97e-01, 3.84e-02, 6.48e-06, 8.56e-01, 2.01e-01, 9.94e-01, 8.62e+00, 1.14e-05, 8.70e-02, 2.56e+00]
96000 [1.33e+00, 9.00e-01, 3.85e-02, 1.82e-04, 8.69e-01, 2.07e-01, 9.94e-01, 8.65e+00, 1.22e-04, 8.98e-02, 2.49e+00]
96250 [1.33e+00, 9.01e-01, 3.85e-02, 7.29e-07, 8.72e-01, 2.05e-01, 9.94e-01, 8.67e+00, 1.74e-05, 9.01e-02, 2.41e+00]
96500 [1.33e+00, 9.01e-01, 3.86e-02, 3.71e-04, 8.74e-01, 2.03e-01, 9.94e-01, 8.70e+00, 1.08e-04, 8.31e-02, 2.32e+00]
96750 [1.30e+00, 9.02e-01, 3.82e-02, 1.49e-07, 8.19e-01, 1.81e-01, 9.94e-01, 8.74e+00, 4.70e-06, 8.66e-02, 2.22e+00]
97000 [1.32e+00, 9.04e-01, 3.80e-02, 1.95e-04, 8.58e-01, 2.02e-01, 9.94e-01, 8.75e+00, 3.90e-04, 8.57e-02, 2.15e+00]
97250 [1.32e+00, 9.05e-01, 3.86e-02, 3.53e-04, 8.60e-01, 2.07e-01, 9.94e-01, 8.78e+00, 2.34e-04, 8.62e-02, 2.07e+00]
97500 [1.31e+00, 9.07e-01, 3.77e-02, 1.82e-03, 8.45e-01, 1.92e-01, 9.94e-01, 8.80e+00, 1.09e-03, 8.31e-02, 1.98e+00]
97750 [1.31e+00, 9.08e-01, 3.87e-02, 1.12e-04, 8.34e-01, 1.89e-01, 9.94e-01, 8.82e+00, 1.88e-04, 8.40e-02, 1.87e+00]
98000 [1.33e+00, 9.08e-01, 3.79e-02, 6.04e-04, 8.68e-01, 2.09e-01, 9.94e-01, 8.84e+00, 4.80e-04, 8.50e-02, 1.81e+00]
98250 [1.31e+00, 9.10e-01, 3.76e-02, 1.45e-03, 8.51e-01, 1.96e-01, 9.94e-01, 8.87e+00, 8.42e-04, 7.15e-02, 1.73e+00]
98500 [1.32e+00, 9.10e-01, 3.86e-02, 3.52e-04, 8.38e-01, 1.92e-01, 9.94e-01, 8.89e+00, 2.09e-04, 8.26e-02, 1.64e+00]
98750 [1.34e+00, 9.12e-01, 3.83e-02, 3.89e-04, 8.72e-01, 2.12e-01, 9.94e-01, 8.91e+00, 2.26e-04, 8.46e-02, 1.58e+00]
99000 [1.33e+00, 9.13e-01, 3.81e-02, 4.17e-04, 8.46e-01, 2.07e-01, 9.94e-01, 8.93e+00, 1.73e-04, 8.25e-02, 1.49e+00]
99250 [1.33e+00, 9.14e-01, 3.78e-02, 2.12e-04, 8.57e-01, 2.06e-01, 9.94e-01, 8.95e+00, 1.13e-04, 8.44e-02, 1.42e+00]
99500 [1.31e+00, 9.15e-01, 3.81e-02, 3.55e-04, 8.38e-01, 1.96e-01, 9.94e-01, 8.98e+00, 2.51e-04, 8.01e-02, 1.31e+00]
99750 [1.33e+00, 9.15e-01, 3.77e-02, 6.30e-04, 8.48e-01, 2.02e-01, 9.94e-01, 9.00e+00, 3.58e-04, 8.30e-02, 1.24e+00]
100000 [1.32e+00, 9.18e-01, 3.85e-02, 1.05e-04, 8.36e-01, 2.00e-01, 9.94e-01, 9.01e+00, 1.59e-04, 8.09e-02, 1.16e+00]
100000 [1.32e+00, 9.18e-01, 3.85e-02, 1.05e-04, 8.36e-01, 2.00e-01, 9.94e-01, 9.01e+00, 1.59e-04, 8.09e-02, 1.16e+00]
100250 [1.31e+00, 9.08e-01, 4.12e-02, 8.06e-06, 8.20e-01, 1.88e-01, 9.94e-01, 9.01e+00, 3.27e-06, 8.07e-02, 1.14e+00]
100500 [1.31e+00, 9.09e-01, 4.01e-02, 1.30e-05, 8.23e-01, 1.91e-01, 9.94e-01, 9.01e+00, 6.89e-06, 7.94e-02, 1.14e+00]
100750 [1.32e+00, 9.11e-01, 3.93e-02, 1.71e-05, 8.27e-01, 1.96e-01, 9.94e-01, 9.01e+00, 9.85e-06, 8.03e-02, 1.14e+00]
101000 [1.32e+00, 9.13e-01, 3.88e-02, 2.12e-05, 8.33e-01, 2.01e-01, 9.94e-01, 9.01e+00, 1.26e-05, 8.12e-02, 1.14e+00]
101250 [1.33e+00, 9.16e-01, 3.84e-02, 2.57e-05, 8.39e-01, 2.06e-01, 9.94e-01, 9.01e+00, 1.54e-05, 8.20e-02, 1.14e+00]
101500 [1.34e+00, 9.19e-01, 3.80e-02, 3.05e-05, 8.47e-01, 2.13e-01, 9.94e-01, 9.01e+00, 1.83e-05, 8.26e-02, 1.13e+00]
101750 [1.34e+00, 9.22e-01, 3.51e-02, 1.64e-04, 8.53e-01, 2.15e-01, 9.94e-01, 9.01e+00, 9.62e-05, 6.93e-02, 1.13e+00]
102000 [1.34e+00, 9.24e-01, 3.66e-02, 7.97e-05, 8.54e-01, 2.10e-01, 9.94e-01, 9.01e+00, 5.55e-05, 8.08e-02, 1.12e+00]
102250 [1.34e+00, 9.27e-01, 3.68e-02, 2.52e-05, 8.60e-01, 2.14e-01, 9.94e-01, 9.01e+00, 5.44e-05, 8.24e-02, 1.11e+00]
102500 [1.34e+00, 9.28e-01, 3.70e-02, 1.06e-04, 8.62e-01, 2.14e-01, 9.94e-01, 9.01e+00, 5.95e-05, 8.06e-02, 1.10e+00]
102750 [1.34e+00, 9.29e-01, 3.65e-02, 1.10e-04, 8.62e-01, 2.11e-01, 9.94e-01, 9.02e+00, 1.45e-04, 8.34e-02, 1.08e+00]
103000 [1.34e+00, 9.31e-01, 3.71e-02, 1.55e-05, 8.60e-01, 2.09e-01, 9.94e-01, 9.02e+00, 3.83e-05, 8.18e-02, 1.07e+00]
103250 [1.34e+00, 9.32e-01, 3.72e-02, 1.79e-06, 8.63e-01, 2.10e-01, 9.94e-01, 9.02e+00, 1.23e-05, 8.07e-02, 1.05e+00]
103500 [1.34e+00, 9.33e-01, 3.71e-02, 1.64e-05, 8.65e-01, 2.09e-01, 9.94e-01, 9.03e+00, 3.08e-05, 8.26e-02, 1.04e+00]
103750 [1.34e+00, 9.35e-01, 3.70e-02, 3.98e-06, 8.68e-01, 2.11e-01, 9.94e-01, 9.03e+00, 6.72e-06, 8.19e-02, 1.02e+00]
104000 [1.34e+00, 9.36e-01, 3.70e-02, 2.03e-04, 8.61e-01, 2.06e-01, 9.94e-01, 9.03e+00, 1.31e-04, 8.14e-02, 9.94e-01]
104250 [1.34e+00, 9.37e-01, 3.70e-02, 2.46e-04, 8.65e-01, 2.08e-01, 9.94e-01, 9.04e+00, 1.83e-04, 7.20e-02, 9.68e-01]
104500 [1.33e+00, 9.38e-01, 3.69e-02, 3.86e-06, 8.55e-01, 1.99e-01, 9.94e-01, 9.05e+00, 3.62e-05, 8.03e-02, 9.41e-01]
104750 [1.33e+00, 9.38e-01, 3.69e-02, 3.11e-04, 8.54e-01, 2.01e-01, 9.94e-01, 9.05e+00, 1.12e-04, 8.03e-02, 9.12e-01]
105000 [1.33e+00, 9.39e-01, 3.72e-02, 3.22e-05, 8.48e-01, 1.98e-01, 9.94e-01, 9.06e+00, 8.25e-05, 8.17e-02, 8.78e-01]
105250 [1.33e+00, 9.41e-01, 3.68e-02, 5.69e-04, 8.45e-01, 1.97e-01, 9.94e-01, 9.06e+00, 3.69e-04, 5.61e-02, 8.41e-01]
105500 [1.33e+00, 9.42e-01, 3.68e-02, 3.21e-05, 8.48e-01, 1.99e-01, 9.94e-01, 9.07e+00, 5.56e-06, 8.17e-02, 7.94e-01]
105750 [1.34e+00, 9.43e-01, 3.74e-02, 1.11e-05, 8.50e-01, 2.01e-01, 9.94e-01, 9.08e+00, 5.81e-05, 7.91e-02, 7.54e-01]
106000 [1.30e+00, 9.44e-01, 3.66e-02, 4.47e-04, 8.06e-01, 1.77e-01, 9.94e-01, 9.09e+00, 3.37e-04, 6.96e-02, 6.85e-01]
106250 [1.34e+00, 9.45e-01, 3.74e-02, 2.01e-04, 8.42e-01, 2.06e-01, 9.94e-01, 9.10e+00, 2.99e-04, 7.98e-02, 6.54e-01]
106500 [1.33e+00, 9.46e-01, 3.71e-02, 9.05e-06, 8.37e-01, 2.02e-01, 9.94e-01, 9.11e+00, 2.10e-05, 6.38e-02, 6.07e-01]
106750 [1.33e+00, 9.47e-01, 3.72e-02, 1.53e-05, 8.38e-01, 2.03e-01, 9.94e-01, 9.13e+00, 2.32e-05, 7.87e-02, 5.54e-01]
107000 [1.35e+00, 9.49e-01, 3.73e-02, 4.76e-04, 8.44e-01, 2.06e-01, 9.94e-01, 9.14e+00, 3.03e-04, 7.86e-02, 4.97e-01]
107250 [1.33e+00, 9.49e-01, 3.77e-02, 2.97e-05, 8.17e-01, 1.94e-01, 9.94e-01, 9.16e+00, 2.74e-05, 7.40e-02, 4.21e-01]
107500 [1.33e+00, 9.50e-01, 3.63e-02, 1.95e-04, 8.24e-01, 1.99e-01, 9.94e-01, 9.18e+00, 2.00e-04, 7.72e-02, 3.64e-01]
107750 [1.33e+00, 9.50e-01, 3.81e-02, 1.50e-04, 8.14e-01, 2.04e-01, 9.94e-01, 9.19e+00, 8.02e-05, 7.76e-02, 2.74e-01]
108000 [1.35e+00, 9.53e-01, 3.76e-02, 3.30e-04, 8.25e-01, 2.06e-01, 9.94e-01, 9.21e+00, 2.28e-04, 7.77e-02, 2.24e-01]
108250 [1.34e+00, 9.53e-01, 3.73e-02, 4.03e-04, 8.29e-01, 2.12e-01, 9.94e-01, 9.23e+00, 2.62e-04, 7.82e-02, 1.75e-01]
108500 [1.31e+00, 9.53e-01, 3.73e-02, 1.10e-05, 7.86e-01, 1.92e-01, 9.94e-01, 9.27e+00, 2.12e-05, 7.33e-02, 1.13e-01]
108750 [1.34e+00, 9.54e-01, 3.72e-02, 4.11e-04, 8.05e-01, 1.99e-01, 9.94e-01, 9.28e+00, 1.36e-04, 7.44e-02, 4.41e-02]
109000 [1.32e+00, 9.55e-01, 3.73e-02, 4.01e-04, 7.95e-01, 1.96e-01, 9.94e-01, 9.32e+00, 3.09e-04, 6.77e-02, 4.15e-04]
109250 [1.35e+00, 9.57e-01, 3.75e-02, 1.56e-04, 7.97e-01, 1.96e-01, 9.94e-01, 9.34e+00, 8.94e-05, 7.48e-02, 1.07e-04]
109500 [1.33e+00, 9.58e-01, 3.74e-02, 4.00e-04, 7.93e-01, 2.03e-01, 9.94e-01, 9.37e+00, 2.49e-04, 7.60e-02, 1.21e-04]
109750 [1.34e+00, 9.58e-01, 3.69e-02, 4.41e-04, 8.05e-01, 2.06e-01, 9.94e-01, 9.40e+00, 2.72e-04, 7.65e-02, 1.70e-04]
110000 [1.35e+00, 9.60e-01, 3.67e-02, 6.22e-06, 8.10e-01, 2.06e-01, 9.94e-01, 9.44e+00, 2.97e-06, 6.44e-02, 1.50e-04]
110250 [1.32e+00, 9.60e-01, 3.62e-02, 3.83e-05, 7.80e-01, 1.87e-01, 9.94e-01, 9.48e+00, 1.10e-04, 6.56e-02, 7.92e-05]
110500 [1.30e+00, 9.61e-01, 3.79e-02, 3.87e-04, 7.28e-01, 1.84e-01, 9.94e-01, 9.50e+00, 2.54e-04, 6.95e-02, 1.13e-04]
110750 [1.32e+00, 9.61e-01, 3.70e-02, 5.11e-04, 7.49e-01, 1.94e-01, 9.94e-01, 9.53e+00, 3.36e-04, 7.72e-02, 1.26e-04]
111000 [1.32e+00, 9.63e-01, 3.77e-02, 2.31e-05, 7.48e-01, 1.90e-01, 9.94e-01, 9.56e+00, 2.52e-06, 7.38e-02, 8.34e-05]
111250 [1.33e+00, 9.63e-01, 3.68e-02, 8.80e-06, 7.71e-01, 2.03e-01, 9.94e-01, 9.59e+00, 1.55e-05, 7.67e-02, 1.53e-05]
111500 [1.34e+00, 9.65e-01, 3.74e-02, 3.92e-04, 7.74e-01, 2.04e-01, 9.94e-01, 9.61e+00, 2.62e-04, 7.62e-02, 1.88e-04]
111750 [1.32e+00, 9.65e-01, 3.70e-02, 4.35e-04, 7.46e-01, 1.88e-01, 9.94e-01, 9.65e+00, 3.39e-04, 6.60e-02, 1.87e-04]
112000 [1.35e+00, 9.66e-01, 3.72e-02, 3.81e-04, 7.76e-01, 2.06e-01, 9.94e-01, 9.68e+00, 1.46e-04, 7.61e-02, 8.46e-05]
112250 [1.35e+00, 9.66e-01, 3.76e-02, 1.24e-04, 7.43e-01, 1.88e-01, 9.94e-01, 9.70e+00, 9.34e-05, 7.66e-02, 1.29e-04]
112500 [1.34e+00, 9.68e-01, 3.70e-02, 9.53e-06, 7.66e-01, 2.07e-01, 9.94e-01, 9.73e+00, 2.82e-05, 7.66e-02, 9.01e-05]
112750 [1.34e+00, 9.69e-01, 3.73e-02, 4.21e-04, 7.46e-01, 1.94e-01, 9.94e-01, 9.77e+00, 2.61e-04, 7.48e-02, 1.45e-04]
113000 [1.36e+00, 9.71e-01, 3.67e-02, 3.14e-04, 7.77e-01, 2.13e-01, 9.94e-01, 9.80e+00, 3.47e-05, 7.76e-02, 3.75e-05]
113250 [1.34e+00, 9.72e-01, 3.75e-02, 7.55e-04, 7.34e-01, 1.83e-01, 9.94e-01, 9.82e+00, 8.17e-04, 7.86e-02, 4.14e-04]
113500 [1.33e+00, 9.73e-01, 3.64e-02, 5.95e-04, 7.46e-01, 2.00e-01, 9.94e-01, 9.85e+00, 3.41e-04, 7.78e-02, 1.40e-04]
113750 [1.34e+00, 9.73e-01, 3.61e-02, 4.69e-04, 7.64e-01, 2.05e-01, 9.94e-01, 9.89e+00, 1.53e-04, 7.73e-02, 1.33e-04]
114000 [1.32e+00, 9.74e-01, 3.65e-02, 2.25e-05, 7.24e-01, 1.91e-01, 9.94e-01, 9.93e+00, 1.74e-05, 7.02e-02, 1.04e-04]
114250 [1.34e+00, 9.74e-01, 3.64e-02, 1.78e-05, 7.39e-01, 2.00e-01, 9.94e-01, 9.95e+00, 1.12e-04, 7.50e-02, 1.71e-04]
114500 [1.36e+00, 9.76e-01, 3.65e-02, 2.94e-04, 7.55e-01, 2.10e-01, 9.94e-01, 9.98e+00, 5.95e-05, 7.85e-02, 8.39e-05]
114750 [1.31e+00, 9.76e-01, 3.80e-02, 3.97e-05, 7.00e-01, 1.99e-01, 9.94e-01, 9.98e+00, 2.03e-05, 7.45e-02, 2.93e-05]
115000 [1.35e+00, 9.77e-01, 3.68e-02, 2.01e-05, 7.34e-01, 2.00e-01, 9.94e-01, 1.00e+01, 1.80e-05, 7.58e-02, 8.19e-06]
115250 [1.32e+00, 9.78e-01, 3.61e-02, 2.56e-05, 7.17e-01, 1.93e-01, 9.94e-01, 1.00e+01, 8.75e-06, 8.00e-02, 1.20e-05]
115500 [1.35e+00, 9.79e-01, 3.65e-02, 4.71e-04, 7.34e-01, 2.04e-01, 9.94e-01, 1.01e+01, 2.06e-04, 7.63e-02, 1.97e-04]
115750 [1.32e+00, 9.80e-01, 3.65e-02, 5.77e-04, 7.05e-01, 1.88e-01, 9.94e-01, 1.01e+01, 4.48e-04, 6.48e-02, 4.52e-04]
116000 [1.34e+00, 9.81e-01, 3.61e-02, 6.05e-04, 7.30e-01, 2.00e-01, 9.94e-01, 1.01e+01, 4.87e-04, 7.81e-02, 2.32e-04]
116250 [1.34e+00, 9.82e-01, 3.69e-02, 4.14e-04, 7.24e-01, 2.04e-01, 9.94e-01, 1.01e+01, 2.60e-04, 7.60e-02, 1.90e-04]
116500 [1.35e+00, 9.83e-01, 3.59e-02, 9.42e-04, 7.49e-01, 2.09e-01, 9.94e-01, 1.02e+01, 6.85e-04, 7.78e-02, 4.48e-04]
116750 [1.35e+00, 9.85e-01, 3.60e-02, 4.91e-04, 7.51e-01, 2.09e-01, 9.94e-01, 1.02e+01, 3.82e-04, 6.71e-02, 1.13e-04]
117000 [1.35e+00, 9.85e-01, 3.62e-02, 4.58e-04, 7.43e-01, 2.12e-01, 9.94e-01, 1.02e+01, 2.63e-04, 7.74e-02, 1.23e-04]
117250 [1.34e+00, 9.86e-01, 3.61e-02, 1.55e-04, 7.26e-01, 2.01e-01, 9.94e-01, 1.03e+01, 2.39e-04, 7.46e-02, 1.38e-04]
117500 [1.33e+00, 9.87e-01, 3.68e-02, 4.42e-06, 7.10e-01, 2.01e-01, 9.94e-01, 1.03e+01, 1.19e-06, 7.56e-02, 3.03e-07]
117750 [1.35e+00, 9.87e-01, 3.62e-02, 3.58e-04, 7.27e-01, 2.06e-01, 9.94e-01, 1.03e+01, 2.22e-04, 7.54e-02, 1.57e-04]
118000 [1.35e+00, 9.89e-01, 3.63e-02, 4.13e-04, 7.40e-01, 2.13e-01, 9.94e-01, 1.03e+01, 2.80e-04, 7.66e-02, 8.58e-05]
118250 [1.36e+00, 9.90e-01, 3.60e-02, 1.21e-04, 7.38e-01, 2.09e-01, 9.94e-01, 1.03e+01, 2.00e-04, 7.53e-02, 1.70e-04]
118500 [1.33e+00, 9.89e-01, 3.62e-02, 1.54e-04, 6.96e-01, 1.94e-01, 9.94e-01, 1.04e+01, 7.47e-05, 7.26e-02, 3.72e-05]
118750 [1.32e+00, 9.92e-01, 3.65e-02, 4.33e-04, 6.97e-01, 2.01e-01, 9.94e-01, 1.04e+01, 2.96e-04, 7.24e-02, 2.29e-04]
119000 [1.35e+00, 9.93e-01, 3.61e-02, 4.32e-04, 7.29e-01, 2.07e-01, 9.94e-01, 1.04e+01, 2.46e-04, 7.61e-02, 1.51e-04]
119250 [1.36e+00, 9.94e-01, 3.57e-02, 1.16e-03, 7.40e-01, 2.10e-01, 9.94e-01, 1.04e+01, 8.97e-04, 7.82e-02, 5.54e-04]
119500 [1.33e+00, 9.94e-01, 3.58e-02, 7.01e-04, 7.04e-01, 1.92e-01, 9.94e-01, 1.05e+01, 4.71e-04, 7.07e-02, 1.77e-04]
119750 [1.34e+00, 9.95e-01, 3.65e-02, 1.52e-04, 7.01e-01, 1.95e-01, 9.94e-01, 1.05e+01, 1.76e-04, 7.20e-02, 1.64e-04]
120000 [1.35e+00, 9.96e-01, 3.63e-02, 3.93e-04, 7.13e-01, 2.09e-01, 9.94e-01, 1.05e+01, 2.24e-04, 7.67e-02, 1.24e-04]
120250 [1.34e+00, 9.97e-01, 3.66e-02, 4.63e-05, 7.03e-01, 2.08e-01, 9.94e-01, 1.05e+01, 4.52e-05, 7.58e-02, 1.24e-04]
120500 [1.35e+00, 9.98e-01, 3.63e-02, 4.30e-04, 7.13e-01, 2.07e-01, 9.94e-01, 1.05e+01, 2.93e-04, 7.63e-02, 2.37e-04]
120750 [1.36e+00, 9.99e-01, 3.59e-02, 4.36e-04, 7.19e-01, 2.13e-01, 9.94e-01, 1.05e+01, 2.71e-04, 7.74e-02, 1.40e-04]
121000 [1.35e+00, 1.00e+00, 3.64e-02, 3.83e-04, 7.04e-01, 2.11e-01, 9.94e-01, 1.05e+01, 2.48e-04, 7.68e-02, 1.07e-04]
121250 [1.36e+00, 1.00e+00, 3.57e-02, 5.46e-04, 7.23e-01, 2.15e-01, 9.94e-01, 1.06e+01, 3.84e-04, 7.69e-02, 2.82e-04]
121500 [1.35e+00, 1.00e+00, 3.60e-02, 1.21e-05, 7.16e-01, 2.13e-01, 9.94e-01, 1.06e+01, 2.00e-05, 7.73e-02, 7.54e-05]
121750 [1.35e+00, 1.00e+00, 3.59e-02, 9.49e-06, 7.01e-01, 2.01e-01, 9.94e-01, 1.06e+01, 2.82e-05, 7.59e-02, 7.17e-05]
122000 [1.35e+00, 1.00e+00, 3.55e-02, 1.94e-05, 7.10e-01, 2.05e-01, 9.94e-01, 1.06e+01, 7.36e-05, 7.46e-02, 5.59e-05]
122250 [1.35e+00, 1.00e+00, 3.63e-02, 3.72e-04, 6.81e-01, 2.05e-01, 9.94e-01, 1.06e+01, 2.90e-04, 7.60e-02, 1.88e-04]
122500 [1.34e+00, 1.00e+00, 3.58e-02, 4.62e-05, 6.80e-01, 1.98e-01, 9.94e-01, 1.07e+01, 3.97e-05, 7.62e-02, 5.88e-05]
122750 [1.34e+00, 1.01e+00, 3.63e-02, 4.39e-04, 6.87e-01, 2.03e-01, 9.94e-01, 1.07e+01, 2.82e-04, 7.54e-02, 1.88e-04]
123000 [1.36e+00, 1.01e+00, 3.56e-02, 4.69e-04, 7.16e-01, 2.17e-01, 9.94e-01, 1.07e+01, 2.92e-04, 7.77e-02, 2.22e-04]
123250 [1.36e+00, 1.01e+00, 3.58e-02, 1.37e-04, 7.01e-01, 2.08e-01, 9.94e-01, 1.07e+01, 1.89e-04, 6.33e-02, 1.65e-04]
123500 [1.31e+00, 1.01e+00, 3.53e-02, 1.91e-04, 6.07e-01, 1.65e-01, 9.94e-01, 1.07e+01, 4.01e-04, 6.30e-02, 8.53e-05]
123750 [1.34e+00, 1.01e+00, 3.60e-02, 2.74e-05, 6.45e-01, 2.02e-01, 9.94e-01, 1.08e+01, 5.63e-05, 6.91e-02, 1.61e-04]
124000 [1.36e+00, 1.01e+00, 3.54e-02, 9.67e-05, 6.81e-01, 2.09e-01, 9.94e-01, 1.08e+01, 1.26e-04, 7.70e-02, 5.49e-05]
124250 [1.36e+00, 1.01e+00, 3.61e-02, 1.14e-04, 6.79e-01, 2.08e-01, 9.94e-01, 1.08e+01, 8.14e-05, 7.22e-02, 1.04e-04]
124500 [1.36e+00, 1.01e+00, 3.58e-02, 4.22e-04, 6.94e-01, 2.12e-01, 9.94e-01, 1.08e+01, 2.47e-04, 7.70e-02, 1.81e-04]
124750 [1.34e+00, 1.01e+00, 3.58e-02, 5.28e-04, 6.66e-01, 1.98e-01, 9.94e-01, 1.08e+01, 3.46e-04, 5.22e-02, 1.64e-04]
125000 [1.35e+00, 1.01e+00, 3.61e-02, 4.08e-04, 6.69e-01, 2.04e-01, 9.94e-01, 1.09e+01, 2.00e-04, 7.51e-02, 1.32e-04]
125000 [1.35e+00, 1.01e+00, 3.61e-02, 4.08e-04, 6.69e-01, 2.04e-01, 9.94e-01, 1.09e+01, 2.00e-04, 7.51e-02, 1.32e-04]
125250 [1.34e+00, 1.00e+00, 3.76e-02, 4.80e-05, 6.76e-01, 1.90e-01, 9.94e-01, 1.09e+01, 1.71e-05, 6.34e-02, 3.28e-06]
125500 [1.34e+00, 1.00e+00, 3.68e-02, 6.19e-05, 6.93e-01, 1.93e-01, 9.94e-01, 1.09e+01, 3.01e-05, 6.80e-02, 3.70e-06]
125750 [1.35e+00, 1.01e+00, 3.64e-02, 9.44e-05, 7.18e-01, 1.98e-01, 9.94e-01, 1.09e+01, 7.48e-05, 7.19e-02, 3.85e-06]
126000 [1.35e+00, 1.01e+00, 3.61e-02, 5.74e-05, 7.18e-01, 2.04e-01, 9.94e-01, 1.09e+01, 7.50e-05, 7.45e-02, 3.87e-06]
126250 [1.36e+00, 1.01e+00, 3.58e-02, 1.41e-04, 7.30e-01, 2.10e-01, 9.94e-01, 1.09e+01, 6.31e-05, 7.61e-02, 4.93e-06]
126500 [1.37e+00, 1.01e+00, 3.54e-02, 7.74e-05, 7.45e-01, 2.17e-01, 9.94e-01, 1.09e+01, 9.18e-05, 7.72e-02, 4.18e-06]
126750 [1.37e+00, 1.02e+00, 3.50e-02, 4.29e-06, 7.10e-01, 2.18e-01, 9.94e-01, 1.09e+01, 1.55e-05, 7.83e-02, 4.87e-08]
127000 [1.37e+00, 1.02e+00, 3.49e-02, 8.25e-06, 7.17e-01, 2.20e-01, 9.94e-01, 1.09e+01, 1.06e-05, 7.77e-02, 4.46e-06]
127250 [1.37e+00, 1.02e+00, 3.50e-02, 2.79e-04, 7.16e-01, 2.18e-01, 9.94e-01, 1.09e+01, 1.36e-04, 7.63e-02, 1.39e-05]
127500 [1.37e+00, 1.02e+00, 3.47e-02, 2.61e-04, 7.24e-01, 2.18e-01, 9.94e-01, 1.09e+01, 3.52e-04, 7.78e-02, 1.81e-05]
127750 [1.37e+00, 1.02e+00, 3.49e-02, 2.44e-04, 7.23e-01, 2.17e-01, 9.94e-01, 1.09e+01, 2.93e-04, 7.78e-02, 1.14e-05]
128000 [1.37e+00, 1.02e+00, 3.48e-02, 2.64e-04, 7.27e-01, 2.17e-01, 9.94e-01, 1.09e+01, 3.62e-04, 7.68e-02, 6.76e-06]
128250 [1.37e+00, 1.03e+00, 3.47e-02, 3.01e-05, 7.28e-01, 2.15e-01, 9.94e-01, 1.09e+01, 3.61e-05, 7.42e-02, 1.89e-06]
128500 [1.37e+00, 1.03e+00, 3.47e-02, 1.21e-04, 7.26e-01, 2.14e-01, 9.94e-01, 1.09e+01, 2.45e-04, 7.39e-02, 2.56e-06]
128750 [1.37e+00, 1.03e+00, 3.46e-02, 4.87e-04, 7.11e-01, 2.09e-01, 9.94e-01, 1.09e+01, 3.14e-04, 6.48e-02, 4.81e-05]
129000 [1.37e+00, 1.03e+00, 3.49e-02, 1.69e-04, 7.21e-01, 2.12e-01, 9.94e-01, 1.09e+01, 3.01e-04, 7.84e-02, 1.17e-05]
129250 [1.37e+00, 1.03e+00, 3.49e-02, 3.66e-04, 7.32e-01, 2.15e-01, 9.94e-01, 1.10e+01, 4.45e-04, 7.52e-02, 2.02e-05]
129500 [1.37e+00, 1.03e+00, 3.48e-02, 1.17e-05, 7.26e-01, 2.11e-01, 9.94e-01, 1.10e+01, 1.85e-05, 6.77e-02, 6.87e-07]
129750 [1.37e+00, 1.03e+00, 3.49e-02, 4.93e-04, 7.19e-01, 2.12e-01, 9.94e-01, 1.10e+01, 3.25e-04, 7.23e-02, 3.05e-05]
130000 [1.37e+00, 1.03e+00, 3.52e-02, 5.24e-04, 7.18e-01, 2.10e-01, 9.94e-01, 1.10e+01, 3.37e-04, 6.41e-02, 4.48e-05]
130250 [1.37e+00, 1.03e+00, 3.48e-02, 3.56e-05, 7.28e-01, 2.12e-01, 9.94e-01, 1.10e+01, 8.94e-05, 7.80e-02, 1.47e-05]
130500 [1.35e+00, 1.03e+00, 3.46e-02, 6.03e-04, 6.89e-01, 1.97e-01, 9.94e-01, 1.10e+01, 4.07e-04, 7.33e-02, 1.03e-04]
130750 [1.37e+00, 1.04e+00, 3.49e-02, 4.99e-04, 7.28e-01, 2.15e-01, 9.94e-01, 1.10e+01, 3.16e-04, 7.58e-02, 8.61e-05]
131000 [1.36e+00, 1.04e+00, 3.53e-02, 4.50e-04, 7.02e-01, 2.04e-01, 9.94e-01, 1.10e+01, 2.98e-04, 7.24e-02, 1.19e-04]
131250 [1.36e+00, 1.04e+00, 3.49e-02, 1.16e-05, 7.13e-01, 2.11e-01, 9.94e-01, 1.10e+01, 6.52e-05, 7.66e-02, 1.49e-05]
131500 [1.34e+00, 1.04e+00, 3.45e-02, 1.12e-03, 6.94e-01, 1.99e-01, 9.94e-01, 1.11e+01, 6.66e-04, 7.32e-02, 9.23e-06]
131750 [1.37e+00, 1.04e+00, 3.48e-02, 3.95e-04, 7.21e-01, 2.14e-01, 9.94e-01, 1.11e+01, 1.83e-04, 7.36e-02, 8.77e-06]
132000 [1.35e+00, 1.04e+00, 3.52e-02, 2.16e-05, 6.97e-01, 2.05e-01, 9.94e-01, 1.11e+01, 3.74e-05, 7.43e-02, 4.06e-05]
132250 [1.37e+00, 1.04e+00, 3.48e-02, 1.37e-04, 7.35e-01, 2.18e-01, 9.94e-01, 1.11e+01, 8.23e-05, 7.59e-02, 5.07e-06]
132500 [1.37e+00, 1.04e+00, 3.47e-02, 1.19e-04, 7.13e-01, 2.14e-01, 9.94e-01, 1.11e+01, 1.31e-04, 7.78e-02, 7.98e-05]
132750 [1.37e+00, 1.04e+00, 3.50e-02, 1.07e-06, 7.22e-01, 2.18e-01, 9.94e-01, 1.11e+01, 1.71e-06, 7.75e-02, 2.73e-05]
133000 [1.37e+00, 1.04e+00, 3.49e-02, 4.10e-05, 7.22e-01, 2.18e-01, 9.94e-01, 1.11e+01, 5.03e-05, 7.77e-02, 9.19e-05]
133250 [1.36e+00, 1.04e+00, 3.47e-02, 4.79e-04, 7.13e-01, 2.11e-01, 9.94e-01, 1.11e+01, 3.01e-04, 7.67e-02, 1.41e-04]
133500 [1.35e+00, 1.04e+00, 3.47e-02, 5.34e-04, 6.96e-01, 2.06e-01, 9.94e-01, 1.11e+01, 3.53e-04, 6.72e-02, 3.36e-04]
133750 [1.37e+00, 1.05e+00, 3.52e-02, 1.58e-04, 7.23e-01, 2.18e-01, 9.94e-01, 1.11e+01, 8.11e-05, 7.49e-02, 1.05e-04]
134000 [1.35e+00, 1.05e+00, 3.53e-02, 7.35e-05, 6.62e-01, 2.04e-01, 9.94e-01, 1.11e+01, 1.41e-04, 7.50e-02, 1.07e-04]
134250 [1.36e+00, 1.05e+00, 3.50e-02, 1.97e-04, 6.95e-01, 2.19e-01, 9.94e-01, 1.11e+01, 2.09e-04, 7.77e-02, 2.36e-04]
134500 [1.36e+00, 1.05e+00, 3.50e-02, 6.24e-05, 6.95e-01, 2.09e-01, 9.94e-01, 1.12e+01, 6.17e-05, 7.49e-02, 1.40e-04]
134750 [1.36e+00, 1.05e+00, 3.49e-02, 2.56e-05, 7.10e-01, 2.14e-01, 9.94e-01, 1.12e+01, 7.55e-05, 7.71e-02, 9.72e-05]
135000 [1.35e+00, 1.05e+00, 3.47e-02, 6.59e-04, 6.95e-01, 2.05e-01, 9.94e-01, 1.12e+01, 4.44e-04, 7.56e-02, 2.65e-04]
135250 [1.36e+00, 1.05e+00, 3.48e-02, 5.10e-04, 7.05e-01, 2.11e-01, 9.94e-01, 1.12e+01, 3.50e-04, 7.02e-02, 2.44e-04]
135500 [1.36e+00, 1.05e+00, 3.48e-02, 7.77e-05, 7.08e-01, 2.16e-01, 9.94e-01, 1.12e+01, 4.06e-05, 7.71e-02, 1.00e-05]
135750 [1.33e+00, 1.05e+00, 3.41e-02, 8.79e-04, 6.54e-01, 1.95e-01, 9.94e-01, 1.12e+01, 5.27e-04, 7.03e-02, 1.87e-04]
136000 [1.33e+00, 1.05e+00, 3.51e-02, 4.51e-05, 6.28e-01, 1.90e-01, 9.94e-01, 1.12e+01, 9.07e-05, 7.05e-02, 1.25e-04]
136250 [1.36e+00, 1.05e+00, 3.46e-02, 4.72e-04, 6.87e-01, 2.15e-01, 9.94e-01, 1.12e+01, 2.11e-04, 7.74e-02, 1.73e-04]
136500 [1.37e+00, 1.06e+00, 3.46e-02, 1.67e-05, 7.03e-01, 2.16e-01, 9.94e-01, 1.12e+01, 6.89e-05, 7.21e-02, 1.39e-04]
136750 [1.37e+00, 1.06e+00, 3.46e-02, 7.40e-05, 7.05e-01, 2.16e-01, 9.94e-01, 1.12e+01, 6.47e-05, 7.78e-02, 5.93e-05]
137000 [1.36e+00, 1.06e+00, 3.45e-02, 2.97e-05, 7.02e-01, 2.14e-01, 9.94e-01, 1.12e+01, 4.72e-05, 7.44e-02, 1.26e-04]
137250 [1.35e+00, 1.06e+00, 3.49e-02, 1.49e-05, 6.80e-01, 2.10e-01, 9.94e-01, 1.12e+01, 8.01e-05, 7.62e-02, 4.67e-05]
137500 [1.35e+00, 1.06e+00, 3.49e-02, 5.09e-04, 6.58e-01, 2.07e-01, 9.94e-01, 1.13e+01, 3.37e-04, 7.50e-02, 2.19e-04]
137750 [1.37e+00, 1.06e+00, 3.48e-02, 4.00e-04, 6.90e-01, 2.17e-01, 9.94e-01, 1.13e+01, 4.12e-04, 7.66e-02, 3.66e-04]
138000 [1.36e+00, 1.06e+00, 3.49e-02, 1.48e-04, 6.42e-01, 2.11e-01, 9.94e-01, 1.13e+01, 1.02e-05, 7.68e-02, 1.14e-04]
138250 [1.34e+00, 1.06e+00, 3.41e-02, 3.07e-04, 6.40e-01, 1.98e-01, 9.94e-01, 1.13e+01, 8.04e-05, 7.73e-02, 1.01e-04]
138500 [1.36e+00, 1.06e+00, 3.47e-02, 7.72e-04, 6.84e-01, 2.18e-01, 9.94e-01, 1.13e+01, 6.27e-04, 7.63e-02, 5.72e-04]
138750 [1.35e+00, 1.06e+00, 3.47e-02, 1.87e-05, 6.68e-01, 2.08e-01, 9.94e-01, 1.13e+01, 4.76e-05, 7.63e-02, 3.32e-05]
139000 [1.35e+00, 1.06e+00, 3.43e-02, 3.62e-04, 6.27e-01, 2.03e-01, 9.94e-01, 1.13e+01, 3.01e-04, 6.86e-02, 1.83e-04]
139250 [1.36e+00, 1.06e+00, 3.47e-02, 5.60e-04, 6.67e-01, 2.18e-01, 9.94e-01, 1.13e+01, 3.76e-04, 7.75e-02, 3.01e-04]
139500 [1.36e+00, 1.07e+00, 3.45e-02, 7.92e-05, 6.71e-01, 2.10e-01, 9.94e-01, 1.13e+01, 9.33e-05, 6.36e-02, 1.51e-04]
139750 [1.36e+00, 1.07e+00, 3.48e-02, 6.49e-04, 6.72e-01, 2.12e-01, 9.94e-01, 1.14e+01, 4.13e-04, 7.75e-02, 3.57e-04]
140000 [1.26e+00, 1.07e+00, 3.47e-02, 4.19e-04, 5.44e-01, 1.60e-01, 9.94e-01, 1.14e+01, 3.37e-04, 5.56e-02, 5.94e-03]
140250 [1.29e+00, 1.07e+00, 3.70e-02, 3.41e-04, 5.67e-01, 1.97e-01, 9.94e-01, 1.13e+01, 2.32e-04, 7.33e-02, 8.05e-05]
140500 [1.33e+00, 1.07e+00, 3.54e-02, 3.64e-04, 5.97e-01, 2.22e-01, 9.94e-01, 1.13e+01, 2.33e-04, 7.55e-02, 9.49e-05]
140750 [1.34e+00, 1.07e+00, 3.41e-02, 3.83e-04, 6.19e-01, 2.08e-01, 9.94e-01, 1.13e+01, 3.38e-04, 7.84e-02, 7.83e-05]
141000 [1.36e+00, 1.07e+00, 3.45e-02, 4.18e-04, 6.40e-01, 2.18e-01, 9.94e-01, 1.13e+01, 2.16e-04, 7.77e-02, 1.06e-04]
141250 [1.35e+00, 1.07e+00, 3.42e-02, 9.66e-04, 6.48e-01, 2.14e-01, 9.94e-01, 1.13e+01, 6.75e-04, 7.72e-02, 2.60e-04]
141500 [1.35e+00, 1.07e+00, 3.43e-02, 3.82e-04, 6.51e-01, 2.15e-01, 9.94e-01, 1.14e+01, 6.59e-05, 7.75e-02, 6.57e-05]
141750 [1.35e+00, 1.07e+00, 3.46e-02, 3.84e-05, 6.48e-01, 2.12e-01, 9.94e-01, 1.14e+01, 7.57e-05, 7.47e-02, 3.16e-05]
142000 [1.35e+00, 1.07e+00, 3.44e-02, 5.10e-04, 6.50e-01, 2.11e-01, 9.94e-01, 1.14e+01, 3.67e-04, 7.16e-02, 2.65e-04]
142250 [1.36e+00, 1.07e+00, 3.52e-02, 2.19e-04, 5.92e-01, 2.06e-01, 9.94e-01, 1.14e+01, 1.15e-04, 7.59e-02, 1.25e-04]
142500 [1.35e+00, 1.08e+00, 3.50e-02, 3.71e-04, 6.16e-01, 2.18e-01, 9.94e-01, 1.14e+01, 9.81e-05, 7.46e-02, 2.58e-05]
142750 [1.36e+00, 1.08e+00, 3.49e-02, 4.90e-04, 6.13e-01, 2.16e-01, 9.94e-01, 1.14e+01, 2.40e-04, 7.42e-02, 2.12e-04]
143000 [1.35e+00, 1.08e+00, 3.40e-02, 6.94e-05, 6.31e-01, 2.11e-01, 9.94e-01, 1.14e+01, 1.57e-04, 6.96e-02, 1.19e-04]
143250 [1.35e+00, 1.08e+00, 3.47e-02, 4.88e-04, 6.40e-01, 2.14e-01, 9.94e-01, 1.15e+01, 3.25e-04, 7.70e-02, 1.88e-04]
143500 [1.36e+00, 1.08e+00, 3.43e-02, 1.15e-04, 6.27e-01, 2.13e-01, 9.94e-01, 1.15e+01, 1.13e-04, 7.36e-02, 1.29e-04]
143750 [1.36e+00, 1.08e+00, 3.44e-02, 5.65e-04, 6.47e-01, 2.14e-01, 9.94e-01, 1.15e+01, 3.83e-04, 7.54e-02, 2.80e-04]
144000 [1.36e+00, 1.08e+00, 3.48e-02, 1.43e-04, 5.84e-01, 2.12e-01, 9.94e-01, 1.15e+01, 1.58e-04, 7.67e-02, 1.15e-04]
144250 [1.37e+00, 1.08e+00, 3.45e-02, 5.74e-04, 5.87e-01, 2.17e-01, 9.94e-01, 1.15e+01, 5.63e-04, 7.27e-02, 4.99e-04]
144500 [1.35e+00, 1.08e+00, 3.40e-02, 1.93e-04, 6.22e-01, 2.10e-01, 9.94e-01, 1.16e+01, 3.25e-04, 7.63e-02, 1.27e-04]
144750 [1.36e+00, 1.08e+00, 3.42e-02, 5.16e-04, 6.41e-01, 2.12e-01, 9.94e-01, 1.16e+01, 2.99e-04, 7.75e-02, 1.61e-04]
145000 [1.33e+00, 1.08e+00, 3.33e-02, 1.27e-04, 6.07e-01, 1.94e-01, 9.94e-01, 1.16e+01, 2.81e-06, 7.13e-02, 1.18e-04]
145250 [1.36e+00, 1.08e+00, 3.43e-02, 6.99e-04, 6.44e-01, 2.18e-01, 9.94e-01, 1.16e+01, 4.80e-04, 7.71e-02, 3.32e-04]
145500 [1.36e+00, 1.09e+00, 3.39e-02, 3.03e-05, 6.44e-01, 2.14e-01, 9.94e-01, 1.16e+01, 5.91e-05, 7.51e-02, 6.36e-05]
145750 [1.36e+00, 1.09e+00, 3.49e-02, 2.20e-04, 5.16e-01, 2.04e-01, 9.94e-01, 1.16e+01, 7.16e-05, 7.54e-02, 1.50e-05]
146000 [1.37e+00, 1.09e+00, 3.45e-02, 2.69e-04, 5.71e-01, 2.22e-01, 9.94e-01, 1.16e+01, 5.72e-05, 7.45e-02, 3.63e-05]
146250 [1.37e+00, 1.09e+00, 3.42e-02, 1.72e-05, 6.16e-01, 2.21e-01, 9.94e-01, 1.17e+01, 6.85e-06, 7.76e-02, 7.31e-05]
146500 [1.36e+00, 1.09e+00, 3.44e-02, 4.90e-04, 6.23e-01, 2.13e-01, 9.94e-01, 1.17e+01, 3.85e-04, 6.99e-02, 3.57e-04]
146750 [1.35e+00, 1.09e+00, 3.35e-02, 7.39e-04, 6.28e-01, 2.10e-01, 9.94e-01, 1.17e+01, 5.04e-04, 7.65e-02, 3.84e-04]
147000 [1.34e+00, 1.09e+00, 3.34e-02, 1.92e-05, 6.11e-01, 1.99e-01, 9.94e-01, 1.17e+01, 1.13e-04, 6.94e-02, 2.60e-04]
147250 [1.32e+00, 1.09e+00, 3.48e-02, 1.40e-05, 5.24e-01, 1.92e-01, 9.94e-01, 1.17e+01, 2.95e-04, 7.19e-02, 2.50e-04]
147500 [1.35e+00, 1.09e+00, 3.35e-02, 8.74e-04, 5.73e-01, 2.08e-01, 9.94e-01, 1.17e+01, 6.22e-04, 7.71e-02, 4.41e-04]
147750 [1.36e+00, 1.09e+00, 3.42e-02, 3.32e-05, 6.03e-01, 2.18e-01, 9.94e-01, 1.18e+01, 5.55e-06, 7.74e-02, 3.51e-06]
148000 [1.37e+00, 1.09e+00, 3.42e-02, 1.40e-05, 6.29e-01, 2.21e-01, 9.94e-01, 1.18e+01, 8.87e-06, 7.27e-02, 4.26e-06]
148250 [1.37e+00, 1.09e+00, 3.40e-02, 1.42e-04, 6.37e-01, 2.18e-01, 9.94e-01, 1.18e+01, 1.74e-04, 7.16e-02, 3.91e-05]
148500 [1.36e+00, 1.09e+00, 3.35e-02, 1.47e-03, 6.12e-01, 2.12e-01, 9.94e-01, 1.18e+01, 1.02e-03, 7.92e-02, 7.09e-04]
148750 [1.36e+00, 1.10e+00, 3.35e-02, 1.87e-04, 6.35e-01, 2.15e-01, 9.94e-01, 1.18e+01, 3.33e-04, 7.17e-02, 4.80e-04]
149000 [1.36e+00, 1.10e+00, 3.36e-02, 3.35e-05, 6.40e-01, 2.15e-01, 9.94e-01, 1.18e+01, 5.07e-05, 7.54e-02, 8.37e-05]
149250 [1.37e+00, 1.10e+00, 3.38e-02, 3.65e-05, 5.98e-01, 2.15e-01, 9.94e-01, 1.18e+01, 1.02e-04, 6.55e-02, 5.85e-05]
149500 [1.35e+00, 1.10e+00, 3.39e-02, 5.16e-04, 6.03e-01, 2.07e-01, 9.94e-01, 1.18e+01, 3.16e-04, 7.42e-02, 1.77e-04]
149750 [1.33e+00, 1.10e+00, 3.51e-02, 5.04e-04, 5.54e-01, 1.96e-01, 9.94e-01, 1.18e+01, 2.42e-05, 7.28e-02, 1.13e-04]
150000 [1.35e+00, 1.10e+00, 3.38e-02, 1.66e-05, 5.85e-01, 2.10e-01, 9.94e-01, 1.19e+01, 1.52e-05, 7.03e-02, 6.81e-05]
150000 [1.35e+00, 1.10e+00, 3.38e-02, 1.66e-05, 5.85e-01, 2.10e-01, 9.94e-01, 1.19e+01, 1.52e-05, 7.03e-02, 6.81e-05]
150250 [1.33e+00, 1.09e+00, 4.04e-02, 1.20e-05, 5.72e-01, 1.92e-01, 9.94e-01, 1.19e+01, 5.89e-06, 5.46e-02, 1.95e-06]
150500 [1.34e+00, 1.09e+00, 3.68e-02, 1.91e-05, 5.74e-01, 1.96e-01, 9.94e-01, 1.19e+01, 1.26e-05, 5.85e-02, 3.36e-06]
150750 [1.34e+00, 1.09e+00, 3.53e-02, 2.56e-05, 5.78e-01, 2.01e-01, 9.94e-01, 1.19e+01, 1.82e-05, 6.31e-02, 3.99e-06]
151000 [1.35e+00, 1.10e+00, 3.47e-02, 3.22e-05, 5.82e-01, 2.07e-01, 9.94e-01, 1.18e+01, 2.32e-05, 6.74e-02, 4.21e-06]
151250 [1.36e+00, 1.10e+00, 3.43e-02, 3.90e-05, 5.87e-01, 2.13e-01, 9.94e-01, 1.18e+01, 2.81e-05, 7.11e-02, 4.33e-06]
151500 [1.37e+00, 1.10e+00, 3.40e-02, 4.63e-05, 5.93e-01, 2.21e-01, 9.94e-01, 1.18e+01, 3.30e-05, 7.41e-02, 4.55e-06]
151750 [1.37e+00, 1.10e+00, 3.26e-02, 1.18e-04, 6.00e-01, 2.27e-01, 9.94e-01, 1.19e+01, 8.11e-05, 7.64e-02, 1.45e-05]
152000 [1.38e+00, 1.11e+00, 3.32e-02, 1.26e-04, 6.06e-01, 2.31e-01, 9.94e-01, 1.19e+01, 1.01e-04, 7.80e-02, 1.53e-05]
152250 [1.38e+00, 1.11e+00, 3.33e-02, 8.09e-05, 6.11e-01, 2.30e-01, 9.94e-01, 1.19e+01, 2.90e-05, 7.87e-02, 3.64e-06]
152500 [1.37e+00, 1.11e+00, 3.33e-02, 2.72e-05, 6.14e-01, 2.29e-01, 9.94e-01, 1.19e+01, 6.21e-05, 7.88e-02, 4.66e-06]
152750 [1.37e+00, 1.11e+00, 3.35e-02, 1.05e-05, 6.13e-01, 2.24e-01, 9.94e-01, 1.19e+01, 1.45e-05, 7.84e-02, 1.32e-06]
153000 [1.38e+00, 1.11e+00, 3.31e-02, 5.01e-06, 6.19e-01, 2.27e-01, 9.94e-01, 1.19e+01, 1.21e-05, 7.68e-02, 2.15e-06]
153250 [1.37e+00, 1.11e+00, 3.34e-02, 2.26e-04, 6.19e-01, 2.24e-01, 9.94e-01, 1.19e+01, 1.93e-04, 7.48e-02, 3.99e-05]
153500 [1.38e+00, 1.11e+00, 3.34e-02, 6.32e-06, 6.23e-01, 2.27e-01, 9.94e-01, 1.19e+01, 1.54e-05, 7.48e-02, 1.90e-06]
153750 [1.37e+00, 1.11e+00, 3.35e-02, 2.48e-06, 6.21e-01, 2.22e-01, 9.94e-01, 1.19e+01, 7.12e-07, 7.22e-02, 1.39e-06]
154000 [1.37e+00, 1.11e+00, 3.32e-02, 2.92e-04, 6.23e-01, 2.22e-01, 9.94e-01, 1.19e+01, 2.35e-04, 7.52e-02, 3.66e-05]
154250 [1.37e+00, 1.12e+00, 3.31e-02, 2.26e-05, 6.30e-01, 2.24e-01, 9.94e-01, 1.19e+01, 7.09e-05, 7.41e-02, 2.54e-05]
154500 [1.38e+00, 1.12e+00, 3.32e-02, 2.63e-05, 6.31e-01, 2.24e-01, 9.94e-01, 1.19e+01, 3.22e-05, 7.17e-02, 7.91e-06]
154750 [1.38e+00, 1.12e+00, 3.33e-02, 1.47e-04, 6.37e-01, 2.23e-01, 9.94e-01, 1.19e+01, 9.83e-05, 7.22e-02, 5.74e-05]
155000 [1.38e+00, 1.12e+00, 3.33e-02, 6.56e-05, 6.37e-01, 2.23e-01, 9.94e-01, 1.19e+01, 6.64e-05, 7.07e-02, 4.38e-05]
155250 [1.38e+00, 1.12e+00, 3.33e-02, 4.48e-05, 6.35e-01, 2.23e-01, 9.94e-01, 1.19e+01, 1.20e-04, 7.40e-02, 1.59e-05]
155500 [1.38e+00, 1.12e+00, 3.31e-02, 6.40e-04, 6.31e-01, 2.22e-01, 9.94e-01, 1.19e+01, 5.34e-04, 6.92e-02, 2.16e-04]
155750 [1.38e+00, 1.12e+00, 3.33e-02, 3.15e-04, 6.45e-01, 2.23e-01, 9.94e-01, 1.19e+01, 1.33e-04, 7.39e-02, 2.46e-05]
156000 [1.38e+00, 1.12e+00, 3.31e-02, 3.87e-04, 6.57e-01, 2.26e-01, 9.94e-01, 1.19e+01, 5.40e-04, 7.46e-02, 1.64e-04]
156250 [1.39e+00, 1.12e+00, 3.33e-02, 1.48e-05, 6.53e-01, 2.26e-01, 9.94e-01, 1.19e+01, 7.51e-05, 7.64e-02, 1.97e-05]
156500 [1.38e+00, 1.12e+00, 3.32e-02, 5.91e-05, 6.55e-01, 2.20e-01, 9.94e-01, 1.19e+01, 9.14e-05, 7.77e-02, 2.37e-05]
156750 [1.34e+00, 1.12e+00, 3.30e-02, 5.32e-04, 6.06e-01, 1.97e-01, 9.94e-01, 1.20e+01, 4.13e-04, 5.37e-02, 7.79e-05]
157000 [1.38e+00, 1.12e+00, 3.31e-02, 2.30e-04, 6.62e-01, 2.22e-01, 9.94e-01, 1.19e+01, 3.31e-04, 7.67e-02, 1.16e-04]
157250 [1.38e+00, 1.12e+00, 3.33e-02, 3.80e-04, 6.53e-01, 2.20e-01, 9.94e-01, 1.20e+01, 2.94e-04, 6.95e-02, 1.29e-04]
157500 [1.37e+00, 1.13e+00, 3.31e-02, 4.57e-04, 6.58e-01, 2.19e-01, 9.94e-01, 1.20e+01, 2.65e-04, 6.58e-02, 4.70e-05]
157750 [1.36e+00, 1.13e+00, 3.28e-02, 3.20e-05, 6.45e-01, 2.11e-01, 9.94e-01, 1.20e+01, 2.80e-05, 6.92e-02, 8.81e-05]
158000 [1.38e+00, 1.13e+00, 3.33e-02, 2.28e-05, 6.68e-01, 2.24e-01, 9.94e-01, 1.20e+01, 3.94e-05, 7.79e-02, 1.04e-05]
158250 [1.38e+00, 1.13e+00, 3.36e-02, 1.37e-04, 6.63e-01, 2.20e-01, 9.94e-01, 1.20e+01, 1.61e-04, 7.63e-02, 1.18e-04]
158500 [1.38e+00, 1.13e+00, 3.33e-02, 2.72e-05, 6.78e-01, 2.26e-01, 9.94e-01, 1.20e+01, 4.64e-05, 7.77e-02, 2.41e-05]
158750 [1.35e+00, 1.13e+00, 3.39e-02, 4.15e-04, 5.59e-01, 2.05e-01, 9.94e-01, 1.20e+01, 3.39e-04, 6.22e-02, 1.89e-04]
159000 [1.36e+00, 1.13e+00, 3.34e-02, 1.15e-05, 6.17e-01, 2.17e-01, 9.94e-01, 1.20e+01, 5.28e-07, 7.68e-02, 1.33e-04]
159250 [1.38e+00, 1.13e+00, 3.30e-02, 6.06e-05, 6.67e-01, 2.25e-01, 9.94e-01, 1.20e+01, 1.03e-04, 7.63e-02, 2.51e-05]
159500 [1.37e+00, 1.13e+00, 3.32e-02, 5.18e-04, 6.56e-01, 2.16e-01, 9.94e-01, 1.20e+01, 3.82e-04, 6.51e-02, 4.57e-04]
159750 [1.38e+00, 1.13e+00, 3.30e-02, 2.13e-04, 6.86e-01, 2.26e-01, 9.94e-01, 1.20e+01, 3.16e-04, 7.73e-02, 7.41e-05]
160000 [1.30e+00, 1.13e+00, 3.23e-02, 5.13e-04, 5.91e-01, 1.72e-01, 9.94e-01, 1.20e+01, 7.69e-04, 3.07e-02, 8.74e-04]
160250 [1.33e+00, 1.13e+00, 3.47e-02, 9.93e-05, 6.05e-01, 2.12e-01, 9.94e-01, 1.20e+01, 2.59e-04, 7.34e-02, 1.06e-04]
160500 [1.33e+00, 1.14e+00, 3.30e-02, 2.69e-05, 6.23e-01, 2.00e-01, 9.94e-01, 1.20e+01, 1.83e-05, 5.81e-02, 9.37e-05]
160750 [1.35e+00, 1.14e+00, 3.28e-02, 6.97e-04, 6.42e-01, 2.13e-01, 9.94e-01, 1.20e+01, 4.50e-04, 7.69e-02, 2.95e-04]
161000 [1.37e+00, 1.14e+00, 3.35e-02, 4.38e-04, 6.56e-01, 2.22e-01, 9.94e-01, 1.20e+01, 3.91e-04, 7.49e-02, 2.72e-04]
161250 [1.37e+00, 1.14e+00, 3.34e-02, 4.53e-04, 6.54e-01, 2.27e-01, 9.94e-01, 1.20e+01, 3.08e-04, 7.84e-02, 1.91e-04]
161500 [1.37e+00, 1.14e+00, 3.36e-02, 1.77e-04, 6.69e-01, 2.28e-01, 9.94e-01, 1.20e+01, 2.31e-04, 7.34e-02, 1.27e-04]
161750 [1.36e+00, 1.14e+00, 3.27e-02, 1.60e-03, 6.59e-01, 2.15e-01, 9.94e-01, 1.20e+01, 8.70e-04, 7.66e-02, 7.44e-04]
162000 [1.37e+00, 1.14e+00, 3.38e-02, 6.94e-05, 6.40e-01, 2.18e-01, 9.94e-01, 1.20e+01, 8.71e-05, 6.71e-02, 1.73e-05]
162250 [1.38e+00, 1.14e+00, 3.33e-02, 3.42e-04, 6.56e-01, 2.26e-01, 9.94e-01, 1.20e+01, 1.35e-04, 7.41e-02, 2.20e-04]
162500 [1.37e+00, 1.14e+00, 3.33e-02, 4.71e-04, 6.64e-01, 2.21e-01, 9.94e-01, 1.20e+01, 3.50e-04, 7.39e-02, 2.55e-04]
162750 [1.37e+00, 1.14e+00, 3.29e-02, 8.03e-05, 6.78e-01, 2.23e-01, 9.94e-01, 1.20e+01, 1.99e-04, 7.64e-02, 8.44e-05]
163000 [1.37e+00, 1.14e+00, 3.31e-02, 2.20e-05, 6.59e-01, 2.20e-01, 9.94e-01, 1.20e+01, 7.53e-05, 7.54e-02, 1.11e-04]
163250 [1.35e+00, 1.14e+00, 3.26e-02, 4.85e-04, 6.25e-01, 2.06e-01, 9.94e-01, 1.20e+01, 4.14e-04, 4.88e-02, 3.57e-04]
163500 [1.34e+00, 1.14e+00, 3.36e-02, 5.45e-06, 6.20e-01, 2.01e-01, 9.94e-01, 1.20e+01, 9.70e-06, 6.79e-02, 3.48e-04]
163750 [1.36e+00, 1.14e+00, 3.26e-02, 6.32e-04, 6.36e-01, 2.14e-01, 9.94e-01, 1.20e+01, 4.12e-04, 7.81e-02, 2.37e-04]
164000 [1.36e+00, 1.15e+00, 3.23e-02, 8.99e-05, 6.47e-01, 2.15e-01, 9.94e-01, 1.20e+01, 1.61e-04, 7.65e-02, 1.25e-04]
164250 [1.36e+00, 1.15e+00, 3.35e-02, 4.76e-05, 6.42e-01, 2.14e-01, 9.94e-01, 1.20e+01, 4.34e-05, 7.29e-02, 1.82e-04]
164500 [1.38e+00, 1.15e+00, 3.30e-02, 1.40e-04, 6.83e-01, 2.26e-01, 9.94e-01, 1.20e+01, 2.43e-04, 7.76e-02, 1.11e-04]
164750 [1.34e+00, 1.15e+00, 3.27e-02, 1.51e-04, 6.36e-01, 2.03e-01, 9.94e-01, 1.20e+01, 7.69e-05, 6.26e-02, 1.93e-06]
165000 [1.35e+00, 1.15e+00, 3.29e-02, 4.88e-04, 6.35e-01, 2.06e-01, 9.94e-01, 1.20e+01, 3.92e-04, 6.06e-02, 3.00e-04]
165250 [1.37e+00, 1.15e+00, 3.26e-02, 3.17e-05, 6.81e-01, 2.22e-01, 9.94e-01, 1.20e+01, 1.20e-04, 7.88e-02, 5.55e-05]
165500 [1.37e+00, 1.15e+00, 3.25e-02, 8.63e-04, 6.74e-01, 2.17e-01, 9.94e-01, 1.20e+01, 4.00e-04, 7.90e-02, 2.28e-04]
165750 [1.37e+00, 1.15e+00, 3.30e-02, 1.23e-05, 6.83e-01, 2.19e-01, 9.94e-01, 1.20e+01, 4.69e-05, 7.63e-02, 5.15e-05]
166000 [1.38e+00, 1.15e+00, 3.26e-02, 1.38e-03, 7.01e-01, 2.23e-01, 9.94e-01, 1.20e+01, 1.34e-03, 7.92e-02, 7.69e-04]
166250 [1.38e+00, 1.15e+00, 3.29e-02, 5.02e-04, 7.06e-01, 2.25e-01, 9.94e-01, 1.20e+01, 3.47e-04, 7.81e-02, 2.52e-04]
166500 [1.38e+00, 1.15e+00, 3.34e-02, 4.79e-04, 6.76e-01, 2.16e-01, 9.94e-01, 1.20e+01, 1.31e-04, 7.65e-02, 2.67e-06]
166750 [1.36e+00, 1.15e+00, 3.25e-02, 1.55e-05, 6.80e-01, 2.14e-01, 9.94e-01, 1.20e+01, 1.15e-04, 7.27e-02, 1.37e-05]
167000 [1.35e+00, 1.16e+00, 3.24e-02, 4.54e-04, 6.66e-01, 2.11e-01, 9.94e-01, 1.20e+01, 4.05e-04, 5.46e-02, 5.13e-04]
167250 [1.37e+00, 1.16e+00, 3.31e-02, 5.04e-04, 6.80e-01, 2.23e-01, 9.94e-01, 1.20e+01, 3.44e-04, 7.79e-02, 2.52e-04]
167500 [1.38e+00, 1.16e+00, 3.26e-02, 5.16e-04, 6.99e-01, 2.23e-01, 9.94e-01, 1.20e+01, 2.42e-04, 7.59e-02, 3.29e-04]
167750 [1.36e+00, 1.16e+00, 3.35e-02, 4.68e-04, 6.96e-01, 2.23e-01, 9.94e-01, 1.20e+01, 2.96e-04, 7.80e-02, 1.79e-04]
168000 [1.37e+00, 1.16e+00, 3.28e-02, 4.95e-04, 6.84e-01, 2.19e-01, 9.94e-01, 1.20e+01, 3.28e-04, 7.51e-02, 2.69e-04]
168250 [1.38e+00, 1.16e+00, 3.30e-02, 1.75e-05, 6.94e-01, 2.24e-01, 9.94e-01, 1.20e+01, 3.34e-05, 7.84e-02, 1.31e-05]
168500 [1.38e+00, 1.16e+00, 3.26e-02, 3.44e-05, 7.11e-01, 2.24e-01, 9.94e-01, 1.20e+01, 9.88e-05, 7.75e-02, 6.72e-05]
168750 [1.35e+00, 1.16e+00, 3.29e-02, 6.80e-06, 6.65e-01, 2.11e-01, 9.94e-01, 1.20e+01, 1.73e-05, 6.57e-02, 1.95e-04]
169000 [1.37e+00, 1.16e+00, 3.25e-02, 5.34e-04, 6.79e-01, 2.22e-01, 9.94e-01, 1.20e+01, 3.23e-04, 7.79e-02, 2.39e-04]
169250 [1.37e+00, 1.16e+00, 3.29e-02, 2.51e-04, 6.87e-01, 2.20e-01, 9.94e-01, 1.20e+01, 1.59e-04, 6.71e-02, 6.51e-05]
169500 [1.35e+00, 1.16e+00, 3.42e-02, 5.60e-05, 6.47e-01, 2.00e-01, 9.94e-01, 1.20e+01, 1.87e-08, 7.43e-02, 2.55e-04]
169750 [1.32e+00, 1.16e+00, 3.28e-02, 4.30e-04, 6.02e-01, 1.90e-01, 9.94e-01, 1.20e+01, 3.82e-04, 5.84e-02, 4.63e-04]
170000 [1.36e+00, 1.16e+00, 3.37e-02, 3.28e-04, 6.31e-01, 2.25e-01, 9.94e-01, 1.20e+01, 1.33e-04, 7.61e-02, 1.77e-04]
170250 [1.36e+00, 1.17e+00, 3.33e-02, 9.60e-06, 6.57e-01, 2.13e-01, 9.94e-01, 1.20e+01, 3.44e-07, 7.66e-02, 3.87e-05]
170500 [1.38e+00, 1.16e+00, 3.26e-02, 1.30e-03, 6.52e-01, 2.24e-01, 9.94e-01, 1.20e+01, 1.03e-03, 7.88e-02, 7.42e-04]
170750 [1.38e+00, 1.17e+00, 3.27e-02, 1.10e-03, 6.90e-01, 2.28e-01, 9.94e-01, 1.20e+01, 8.66e-04, 7.92e-02, 4.46e-04]
171000 [1.36e+00, 1.17e+00, 3.23e-02, 3.67e-05, 6.70e-01, 2.15e-01, 9.94e-01, 1.20e+01, 4.05e-05, 7.47e-02, 2.95e-05]
171250 [1.38e+00, 1.17e+00, 3.30e-02, 5.04e-04, 6.84e-01, 2.21e-01, 9.94e-01, 1.20e+01, 1.88e-04, 7.64e-02, 2.60e-04]
171500 [1.37e+00, 1.17e+00, 3.24e-02, 5.52e-04, 6.97e-01, 2.23e-01, 9.94e-01, 1.20e+01, 2.83e-04, 7.78e-02, 2.84e-04]
171750 [1.38e+00, 1.17e+00, 3.27e-02, 9.42e-05, 6.99e-01, 2.24e-01, 9.94e-01, 1.20e+01, 2.04e-04, 7.61e-02, 4.80e-05]
172000 [1.37e+00, 1.17e+00, 3.23e-02, 5.41e-04, 6.90e-01, 2.16e-01, 9.94e-01, 1.20e+01, 4.04e-04, 7.43e-02, 3.05e-04]
172250 [1.38e+00, 1.17e+00, 3.28e-02, 4.86e-04, 7.05e-01, 2.20e-01, 9.94e-01, 1.20e+01, 3.11e-04, 7.68e-02, 2.34e-04]
172500 [1.37e+00, 1.17e+00, 3.24e-02, 1.48e-04, 7.00e-01, 2.18e-01, 9.94e-01, 1.20e+01, 2.09e-04, 7.52e-02, 6.27e-05]
172750 [1.34e+00, 1.17e+00, 3.25e-02, 1.33e-05, 6.38e-01, 1.96e-01, 9.94e-01, 1.20e+01, 2.17e-04, 6.77e-02, 2.89e-04]
173000 [1.38e+00, 1.17e+00, 3.28e-02, 1.23e-06, 6.67e-01, 2.25e-01, 9.94e-01, 1.20e+01, 1.44e-06, 7.82e-02, 5.11e-07]
173250 [1.38e+00, 1.17e+00, 3.28e-02, 4.86e-04, 6.99e-01, 2.25e-01, 9.94e-01, 1.20e+01, 2.73e-04, 7.75e-02, 2.21e-04]
173500 [1.35e+00, 1.17e+00, 3.23e-02, 7.92e-04, 6.69e-01, 2.09e-01, 9.94e-01, 1.20e+01, 5.27e-04, 5.73e-02, 6.10e-04]
173750 [1.36e+00, 1.18e+00, 3.28e-02, 4.97e-04, 6.72e-01, 2.13e-01, 9.94e-01, 1.20e+01, 3.57e-04, 6.23e-02, 4.47e-04]
174000 [1.38e+00, 1.18e+00, 3.27e-02, 4.98e-04, 6.87e-01, 2.24e-01, 9.94e-01, 1.20e+01, 3.07e-04, 7.81e-02, 2.36e-04]
174250 [1.38e+00, 1.18e+00, 3.28e-02, 1.08e-03, 7.06e-01, 2.27e-01, 9.94e-01, 1.20e+01, 8.95e-04, 7.86e-02, 6.25e-04]
174500 [1.38e+00, 1.18e+00, 3.27e-02, 2.67e-04, 6.69e-01, 2.27e-01, 9.94e-01, 1.20e+01, 1.59e-04, 7.83e-02, 2.15e-04]
174750 [1.37e+00, 1.17e+00, 3.34e-02, 1.03e-05, 5.24e-01, 2.21e-01, 9.94e-01, 1.20e+01, 4.24e-05, 5.75e-02, 2.50e-05]
175000 [1.34e+00, 1.18e+00, 3.19e-02, 9.19e-04, 5.48e-01, 2.01e-01, 9.94e-01, 1.21e+01, 5.60e-04, 7.48e-02, 3.86e-04]
