0 [1.55e+00, 5.49e-01, 5.24e-02, -4.35e-01, -2.15e+00, 4.48e-01, 1.01e+00, 4.50e+00, -3.42e-01, -8.83e-03, 1.64e+01]
100 [1.53e+00, 5.63e-01, 5.80e-02, -4.33e-01, -2.13e+00, 4.20e-01, 9.83e-01, 4.52e+00, -3.42e-01, -8.65e-04, 1.64e+01]
200 [1.53e+00, 5.63e-01, 5.62e-02, -4.33e-01, -2.13e+00, 4.17e-01, 9.83e-01, 4.52e+00, -3.42e-01, -8.99e-04, 1.64e+01]
300 [1.53e+00, 5.28e-01, 5.29e-02, -4.33e-01, -2.13e+00, 4.14e-01, 9.83e-01, 4.52e+00, -3.42e-01, -7.87e-04, 1.64e+01]
400 [1.53e+00, 4.17e-01, 5.08e-02, -4.33e-01, -2.13e+00, 4.12e-01, 9.83e-01, 4.52e+00, -3.42e-01, -6.82e-04, 1.64e+01]
500 [1.53e+00, 2.99e-01, 4.97e-02, -4.33e-01, -2.13e+00, 4.10e-01, 9.83e-01, 4.52e+00, -3.42e-01, -6.14e-04, 1.64e+01]
600 [1.53e+00, 1.83e-01, 4.89e-02, -4.33e-01, -2.13e+00, 4.08e-01, 9.83e-01, 4.52e+00, -3.42e-01, -5.66e-04, 1.64e+01]
700 [1.53e+00, 8.81e-02, 4.86e-02, -4.33e-01, -2.13e+00, 4.08e-01, 9.83e-01, 4.52e+00, -3.42e-01, -5.21e-04, 1.64e+01]
800 [1.53e+00, 4.46e-02, 4.86e-02, -4.34e-01, -2.13e+00, 4.07e-01, 9.83e-01, 4.52e+00, -3.42e-01, -4.67e-04, 1.64e+01]
900 [1.53e+00, 3.10e-02, 4.85e-02, -4.34e-01, -2.13e+00, 4.06e-01, 9.83e-01, 4.52e+00, -3.42e-01, -3.96e-04, 1.64e+01]
1000 [1.53e+00, 2.37e-02, 4.85e-02, -4.34e-01, -2.13e+00, 4.06e-01, 9.83e-01, 4.52e+00, -3.42e-01, -2.99e-04, 1.64e+01]
1100 [1.53e+00, 1.85e-02, 4.84e-02, -4.34e-01, -2.13e+00, 4.05e-01, 9.83e-01, 4.52e+00, -3.42e-01, -1.75e-04, 1.64e+01]
1200 [1.53e+00, 1.45e-02, 4.84e-02, -4.34e-01, -2.13e+00, 4.05e-01, 9.83e-01, 4.52e+00, -3.41e-01, -2.62e-05, 1.64e+01]
1300 [1.53e+00, 1.13e-02, 4.84e-02, -4.34e-01, -2.13e+00, 4.05e-01, 9.83e-01, 4.52e+00, -3.41e-01, 1.45e-04, 1.64e+01]
1400 [1.53e+00, 8.75e-03, 4.84e-02, -4.34e-01, -2.13e+00, 4.04e-01, 9.83e-01, 4.52e+00, -3.41e-01, 3.32e-04, 1.64e+01]
1500 [1.53e+00, 6.68e-03, 4.84e-02, -4.34e-01, -2.13e+00, 4.04e-01, 9.83e-01, 4.52e+00, -3.41e-01, 5.30e-04, 1.64e+01]
1600 [1.53e+00, 5.01e-03, 4.85e-02, -4.34e-01, -2.13e+00, 4.04e-01, 9.83e-01, 4.52e+00, -3.41e-01, 7.33e-04, 1.64e+01]
1700 [1.53e+00, 3.69e-03, 4.86e-02, -4.34e-01, -2.13e+00, 4.04e-01, 9.83e-01, 4.52e+00, -3.41e-01, 9.34e-04, 1.64e+01]
1800 [1.53e+00, 2.63e-03, 4.88e-02, -4.34e-01, -2.13e+00, 4.04e-01, 9.83e-01, 4.52e+00, -3.41e-01, 1.13e-03, 1.64e+01]
1900 [1.53e+00, 1.79e-03, 4.91e-02, -4.34e-01, -2.13e+00, 4.04e-01, 9.83e-01, 4.52e+00, -3.41e-01, 1.31e-03, 1.64e+01]
2000 [1.53e+00, 1.13e-03, 4.95e-02, -4.34e-01, -2.13e+00, 4.03e-01, 9.83e-01, 4.52e+00, -3.41e-01, 1.49e-03, 1.64e+01]
2100 [1.53e+00, 6.18e-04, 5.00e-02, -4.34e-01, -2.13e+00, 4.03e-01, 9.83e-01, 4.52e+00, -3.41e-01, 1.64e-03, 1.64e+01]
2200 [1.53e+00, 2.20e-04, 5.06e-02, -4.34e-01, -2.13e+00, 4.03e-01, 9.83e-01, 4.52e+00, -3.41e-01, 1.78e-03, 1.64e+01]
2300 [1.53e+00, -8.11e-05, 5.13e-02, -4.34e-01, -2.13e+00, 4.03e-01, 9.83e-01, 4.52e+00, -3.41e-01, 1.91e-03, 1.64e+01]
2400 [1.53e+00, -2.98e-04, 5.20e-02, -4.34e-01, -2.13e+00, 4.03e-01, 9.83e-01, 4.52e+00, -3.41e-01, 2.01e-03, 1.64e+01]
2500 [1.53e+00, -4.39e-04, 5.30e-02, -4.34e-01, -2.13e+00, 4.03e-01, 9.83e-01, 4.52e+00, -3.41e-01, 2.11e-03, 1.64e+01]
2600 [1.53e+00, -5.12e-04, 5.40e-02, -4.34e-01, -2.13e+00, 4.03e-01, 9.83e-01, 4.52e+00, -3.41e-01, 2.18e-03, 1.64e+01]
2700 [1.53e+00, -5.22e-04, 5.51e-02, -4.34e-01, -2.13e+00, 4.03e-01, 9.83e-01, 4.52e+00, -3.41e-01, 2.25e-03, 1.64e+01]
2800 [1.53e+00, -4.72e-04, 5.64e-02, -4.34e-01, -2.13e+00, 4.03e-01, 9.83e-01, 4.52e+00, -3.41e-01, 2.30e-03, 1.64e+01]
2900 [1.53e+00, -3.69e-04, 5.77e-02, -4.34e-01, -2.13e+00, 4.03e-01, 9.83e-01, 4.52e+00, -3.41e-01, 2.34e-03, 1.64e+01]
3000 [1.53e+00, -2.15e-04, 5.91e-02, -4.33e-01, -2.13e+00, 4.03e-01, 9.83e-01, 4.52e+00, -3.41e-01, 2.37e-03, 1.64e+01]
3100 [1.53e+00, -1.67e-05, 6.07e-02, -4.33e-01, -2.13e+00, 4.03e-01, 9.83e-01, 4.52e+00, -3.41e-01, 2.40e-03, 1.64e+01]
3200 [1.53e+00, 2.22e-04, 6.23e-02, -4.33e-01, -2.13e+00, 4.03e-01, 9.83e-01, 4.52e+00, -3.41e-01, 2.42e-03, 1.64e+01]
3300 [1.53e+00, 4.96e-04, 6.40e-02, -4.33e-01, -2.13e+00, 4.03e-01, 9.83e-01, 4.52e+00, -3.41e-01, 2.43e-03, 1.64e+01]
3400 [1.53e+00, 8.02e-04, 6.57e-02, -4.33e-01, -2.13e+00, 4.03e-01, 9.83e-01, 4.52e+00, -3.41e-01, 2.44e-03, 1.64e+01]
3500 [1.52e+00, 1.18e-03, 7.07e-02, -4.32e-01, -2.13e+00, 4.03e-01, 9.83e-01, 4.52e+00, -3.41e-01, 2.51e-03, 1.64e+01]
3600 [1.52e+00, 1.35e-03, 7.21e-02, -4.32e-01, -2.13e+00, 4.03e-01, 9.83e-01, 4.52e+00, -3.41e-01, 2.51e-03, 1.64e+01]
3700 [1.52e+00, 1.65e-03, 7.38e-02, -4.32e-01, -2.13e+00, 4.03e-01, 9.83e-01, 4.52e+00, -3.41e-01, 2.51e-03, 1.64e+01]
3800 [1.53e+00, 1.98e-03, 7.55e-02, -4.32e-01, -2.13e+00, 4.03e-01, 9.83e-01, 4.52e+00, -3.41e-01, 2.50e-03, 1.64e+01]
3900 [1.53e+00, 2.32e-03, 7.73e-02, -4.31e-01, -2.13e+00, 4.04e-01, 9.83e-01, 4.52e+00, -3.41e-01, 2.49e-03, 1.64e+01]
4000 [1.53e+00, 2.69e-03, 7.90e-02, -4.31e-01, -2.13e+00, 4.04e-01, 9.83e-01, 4.52e+00, -3.41e-01, 2.48e-03, 1.64e+01]
4100 [1.53e+00, 3.07e-03, 8.08e-02, -4.31e-01, -2.13e+00, 4.04e-01, 9.83e-01, 4.52e+00, -3.41e-01, 2.47e-03, 1.64e+01]
4200 [1.51e+00, 3.37e-03, 8.76e-02, -4.30e-01, -2.13e+00, 4.04e-01, 9.83e-01, 4.52e+00, -3.41e-01, 2.58e-03, 1.64e+01]
4300 [1.51e+00, 3.71e-03, 8.87e-02, -4.30e-01, -2.13e+00, 4.04e-01, 9.83e-01, 4.52e+00, -3.41e-01, 2.57e-03, 1.64e+01]
4400 [1.51e+00, 4.03e-03, 9.01e-02, -4.29e-01, -2.13e+00, 4.05e-01, 9.83e-01, 4.52e+00, -3.41e-01, 2.55e-03, 1.64e+01]
4500 [1.51e+00, 4.41e-03, 9.14e-02, -4.29e-01, -2.13e+00, 4.05e-01, 9.83e-01, 4.52e+00, -3.41e-01, 2.53e-03, 1.64e+01]
4600 [1.51e+00, 4.81e-03, 9.28e-02, -4.29e-01, -2.13e+00, 4.06e-01, 9.83e-01, 4.53e+00, -3.41e-01, 2.50e-03, 1.64e+01]
4700 [1.52e+00, 5.22e-03, 9.42e-02, -4.29e-01, -2.13e+00, 4.07e-01, 9.83e-01, 4.53e+00, -3.41e-01, 2.48e-03, 1.64e+01]
4800 [1.52e+00, 5.65e-03, 9.55e-02, -4.28e-01, -2.13e+00, 4.07e-01, 9.83e-01, 4.53e+00, -3.41e-01, 2.46e-03, 1.64e+01]
4900 [1.52e+00, 6.10e-03, 9.68e-02, -4.28e-01, -2.13e+00, 4.08e-01, 9.83e-01, 4.53e+00, -3.41e-01, 2.43e-03, 1.64e+01]
5000 [1.49e+00, 6.56e-03, 1.06e-01, -4.26e-01, -2.13e+00, 4.08e-01, 9.83e-01, 4.53e+00, -3.41e-01, 2.64e-03, 1.64e+01]
5100 [1.49e+00, 6.75e-03, 1.06e-01, -4.26e-01, -2.13e+00, 4.09e-01, 9.83e-01, 4.53e+00, -3.41e-01, 2.60e-03, 1.64e+01]
5200 [1.49e+00, 7.13e-03, 1.07e-01, -4.25e-01, -2.13e+00, 4.10e-01, 9.83e-01, 4.53e+00, -3.41e-01, 2.56e-03, 1.64e+01]
5300 [1.49e+00, 7.56e-03, 1.08e-01, -4.25e-01, -2.13e+00, 4.11e-01, 9.83e-01, 4.53e+00, -3.41e-01, 2.53e-03, 1.64e+01]
5400 [1.49e+00, 8.01e-03, 1.08e-01, -4.25e-01, -2.13e+00, 4.13e-01, 9.83e-01, 4.53e+00, -3.41e-01, 2.49e-03, 1.64e+01]
5500 [1.50e+00, 8.47e-03, 1.09e-01, -4.24e-01, -2.13e+00, 4.14e-01, 9.83e-01, 4.53e+00, -3.41e-01, 2.45e-03, 1.64e+01]
5600 [1.50e+00, 8.93e-03, 1.10e-01, -4.24e-01, -2.13e+00, 4.15e-01, 9.83e-01, 4.53e+00, -3.41e-01, 2.41e-03, 1.64e+01]
5700 [1.50e+00, 9.40e-03, 1.10e-01, -4.24e-01, -2.13e+00, 4.17e-01, 9.83e-01, 4.53e+00, -3.41e-01, 2.37e-03, 1.64e+01]
5800 [1.50e+00, 9.87e-03, 1.11e-01, -4.23e-01, -2.13e+00, 4.19e-01, 9.83e-01, 4.53e+00, -3.41e-01, 2.32e-03, 1.64e+01]
5900 [1.46e+00, 1.01e-02, 1.22e-01, -4.20e-01, -2.12e+00, 4.19e-01, 9.83e-01, 4.53e+00, -3.41e-01, 2.59e-03, 1.64e+01]
6000 [1.47e+00, 1.05e-02, 1.22e-01, -4.20e-01, -2.12e+00, 4.21e-01, 9.83e-01, 4.53e+00, -3.41e-01, 2.52e-03, 1.64e+01]
6100 [1.47e+00, 1.10e-02, 1.22e-01, -4.19e-01, -2.12e+00, 4.23e-01, 9.83e-01, 4.53e+00, -3.41e-01, 2.45e-03, 1.64e+01]
6200 [1.47e+00, 1.15e-02, 1.22e-01, -4.19e-01, -2.12e+00, 4.26e-01, 9.83e-01, 4.53e+00, -3.41e-01, 2.38e-03, 1.64e+01]
6300 [1.47e+00, 1.20e-02, 1.22e-01, -4.18e-01, -2.12e+00, 4.28e-01, 9.83e-01, 4.53e+00, -3.41e-01, 2.31e-03, 1.64e+01]
6400 [1.48e+00, 1.25e-02, 1.23e-01, -4.18e-01, -2.12e+00, 4.31e-01, 9.83e-01, 4.53e+00, -3.41e-01, 2.24e-03, 1.64e+01]
6500 [1.48e+00, 1.29e-02, 1.23e-01, -4.18e-01, -2.12e+00, 4.33e-01, 9.83e-01, 4.53e+00, -3.41e-01, 2.16e-03, 1.64e+01]
6600 [1.48e+00, 1.34e-02, 1.24e-01, -4.17e-01, -2.12e+00, 4.36e-01, 9.83e-01, 4.53e+00, -3.41e-01, 2.08e-03, 1.64e+01]
6700 [1.48e+00, 1.41e-02, 1.25e-01, -4.16e-01, -2.12e+00, 4.39e-01, 9.83e-01, 4.53e+00, -3.41e-01, 1.99e-03, 1.64e+01]
6800 [1.44e+00, 1.38e-02, 1.38e-01, -4.11e-01, -2.11e+00, 4.40e-01, 9.83e-01, 4.53e+00, -3.41e-01, 2.37e-03, 1.64e+01]
6900 [1.44e+00, 1.45e-02, 1.37e-01, -4.10e-01, -2.11e+00, 4.44e-01, 9.83e-01, 4.53e+00, -3.41e-01, 2.23e-03, 1.64e+01]
7000 [1.44e+00, 1.51e-02, 1.37e-01, -4.10e-01, -2.11e+00, 4.48e-01, 9.83e-01, 4.54e+00, -3.41e-01, 2.10e-03, 1.64e+01]
7100 [1.45e+00, 1.55e-02, 1.37e-01, -4.10e-01, -2.11e+00, 4.53e-01, 9.83e-01, 4.54e+00, -3.41e-01, 1.97e-03, 1.64e+01]
7200 [1.45e+00, 1.60e-02, 1.37e-01, -4.09e-01, -2.11e+00, 4.57e-01, 9.83e-01, 4.54e+00, -3.40e-01, 1.84e-03, 1.64e+01]
7300 [1.45e+00, 1.64e-02, 1.38e-01, -4.09e-01, -2.12e+00, 4.61e-01, 9.83e-01, 4.54e+00, -3.40e-01, 1.71e-03, 1.64e+01]
7400 [1.46e+00, 1.68e-02, 1.39e-01, -4.08e-01, -2.12e+00, 4.66e-01, 9.83e-01, 4.54e+00, -3.40e-01, 1.57e-03, 1.64e+01]
7500 [1.46e+00, 1.73e-02, 1.40e-01, -4.08e-01, -2.12e+00, 4.70e-01, 9.83e-01, 4.54e+00, -3.40e-01, 1.42e-03, 1.64e+01]
7600 [1.47e+00, 1.77e-02, 1.42e-01, -4.07e-01, -2.12e+00, 4.75e-01, 9.83e-01, 4.54e+00, -3.40e-01, 1.27e-03, 1.64e+01]
7700 [1.41e+00, 1.74e-02, 1.56e-01, -4.00e-01, -2.11e+00, 4.78e-01, 9.83e-01, 4.54e+00, -3.41e-01, 1.82e-03, 1.64e+01]
7800 [1.42e+00, 1.83e-02, 1.56e-01, -3.99e-01, -2.11e+00, 4.85e-01, 9.83e-01, 4.54e+00, -3.40e-01, 1.60e-03, 1.64e+01]
7900 [1.42e+00, 1.88e-02, 1.56e-01, -3.99e-01, -2.11e+00, 4.92e-01, 9.83e-01, 4.54e+00, -3.40e-01, 1.40e-03, 1.64e+01]
8000 [1.43e+00, 1.92e-02, 1.57e-01, -3.99e-01, -2.11e+00, 4.99e-01, 9.83e-01, 4.54e+00, -3.40e-01, 1.19e-03, 1.64e+01]
8100 [1.43e+00, 1.96e-02, 1.58e-01, -3.99e-01, -2.11e+00, 5.06e-01, 9.83e-01, 4.54e+00, -3.39e-01, 9.74e-04, 1.64e+01]
8200 [1.44e+00, 2.00e-02, 1.60e-01, -3.98e-01, -2.11e+00, 5.13e-01, 9.83e-01, 4.54e+00, -3.39e-01, 7.58e-04, 1.64e+01]
8300 [1.44e+00, 2.03e-02, 1.61e-01, -3.98e-01, -2.11e+00, 5.21e-01, 9.83e-01, 4.54e+00, -3.39e-01, 5.36e-04, 1.64e+01]
8400 [1.45e+00, 2.07e-02, 1.64e-01, -3.98e-01, -2.11e+00, 5.29e-01, 9.83e-01, 4.54e+00, -3.38e-01, 3.06e-04, 1.64e+01]
8500 [1.39e+00, 1.93e-02, 1.80e-01, -3.89e-01, -2.10e+00, 5.30e-01, 9.83e-01, 4.54e+00, -3.40e-01, 1.14e-03, 1.64e+01]
8600 [1.39e+00, 2.11e-02, 1.81e-01, -3.89e-01, -2.10e+00, 5.40e-01, 9.83e-01, 4.55e+00, -3.39e-01, 9.46e-04, 1.64e+01]
8700 [1.40e+00, 2.16e-02, 1.82e-01, -3.89e-01, -2.10e+00, 5.51e-01, 9.83e-01, 4.55e+00, -3.39e-01, 6.39e-04, 1.64e+01]
8800 [1.40e+00, 2.19e-02, 1.84e-01, -3.89e-01, -2.10e+00, 5.62e-01, 9.83e-01, 4.55e+00, -3.38e-01, 3.32e-04, 1.64e+01]
8900 [1.41e+00, 2.22e-02, 1.86e-01, -3.89e-01, -2.10e+00, 5.73e-01, 9.83e-01, 4.55e+00, -3.38e-01, 2.11e-05, 1.64e+01]
9000 [1.42e+00, 2.25e-02, 1.89e-01, -3.90e-01, -2.10e+00, 5.85e-01, 9.83e-01, 4.55e+00, -3.37e-01, -2.97e-04, 1.64e+01]
9100 [1.42e+00, 2.28e-02, 1.92e-01, -3.90e-01, -2.10e+00, 5.97e-01, 9.83e-01, 4.55e+00, -3.36e-01, -6.25e-04, 1.64e+01]
9200 [1.43e+00, 2.31e-02, 1.95e-01, -3.91e-01, -2.10e+00, 6.09e-01, 9.83e-01, 4.55e+00, -3.36e-01, -9.65e-04, 1.64e+01]
9300 [1.42e+00, 2.41e-02, 2.01e-01, -3.91e-01, -2.10e+00, 6.01e-01, 9.83e-01, 4.55e+00, -3.35e-01, -7.59e-04, 1.64e+01]
9400 [1.39e+00, 2.41e-02, 1.95e-01, -3.94e-01, -2.07e+00, 4.95e-01, 9.83e-01, 4.55e+00, -3.12e-01, 1.12e-03, 1.64e+01]
9500 [1.39e+00, 2.44e-02, 1.86e-01, -3.96e-01, -2.07e+00, 5.04e-01, 9.83e-01, 4.55e+00, -3.11e-01, 6.80e-04, 1.64e+01]
9600 [1.40e+00, 2.49e-02, 1.80e-01, -3.97e-01, -2.07e+00, 5.12e-01, 9.83e-01, 4.55e+00, -3.10e-01, 2.39e-04, 1.64e+01]
9700 [1.41e+00, 2.53e-02, 1.77e-01, -3.98e-01, -2.07e+00, 5.19e-01, 9.83e-01, 4.55e+00, -3.09e-01, -2.00e-04, 1.64e+01]
9800 [1.42e+00, 2.57e-02, 1.76e-01, -3.98e-01, -2.07e+00, 5.27e-01, 9.83e-01, 4.55e+00, -3.08e-01, -6.43e-04, 1.64e+01]
9900 [1.42e+00, 2.60e-02, 1.75e-01, -3.99e-01, -2.07e+00, 5.34e-01, 9.83e-01, 4.55e+00, -3.08e-01, -1.09e-03, 1.64e+01]
10000 [1.42e+00, 2.70e-02, 1.79e-01, -3.97e-01, -2.07e+00, 5.42e-01, 9.83e-01, 4.55e+00, -3.07e-01, -1.20e-03, 1.64e+01]
10000 [1.42e+00, 2.70e-02, 1.79e-01, -3.97e-01, -2.07e+00, 5.42e-01, 9.83e-01, 4.55e+00, -3.07e-01, -1.20e-03, 1.64e+01]
10100 [1.40e+00, 2.54e-02, 1.87e-01, -3.79e-01, -2.05e+00, 5.33e-01, 9.83e-01, 4.55e+00, -2.95e-01, 1.65e-02, 1.64e+01]
10200 [1.40e+00, 2.57e-02, 1.87e-01, -3.80e-01, -2.05e+00, 5.52e-01, 9.83e-01, 4.55e+00, -2.92e-01, 1.44e-02, 1.64e+01]
10300 [1.40e+00, 2.60e-02, 1.87e-01, -3.80e-01, -2.05e+00, 5.76e-01, 9.83e-01, 4.55e+00, -2.88e-01, 1.16e-02, 1.63e+01]
10400 [1.40e+00, 2.62e-02, 1.89e-01, -3.81e-01, -2.05e+00, 6.02e-01, 9.83e-01, 4.55e+00, -2.84e-01, 8.39e-03, 1.63e+01]
10500 [1.40e+00, 2.63e-02, 1.91e-01, -3.81e-01, -2.05e+00, 6.29e-01, 9.83e-01, 4.55e+00, -2.81e-01, 4.74e-03, 1.63e+01]
10600 [1.41e+00, 2.65e-02, 1.94e-01, -3.81e-01, -2.05e+00, 6.57e-01, 9.83e-01, 4.55e+00, -2.78e-01, 7.77e-04, 1.63e+01]
10700 [1.41e+00, 2.67e-02, 1.96e-01, -3.82e-01, -2.05e+00, 6.02e-01, 9.83e-01, 4.55e+00, -2.75e-01, 3.27e-03, 1.63e+01]
10800 [1.41e+00, 2.68e-02, 1.97e-01, -3.83e-01, -2.05e+00, 6.20e-01, 9.83e-01, 4.55e+00, -2.68e-01, -1.95e-03, 1.63e+01]
10900 [1.41e+00, 2.69e-02, 2.00e-01, -3.84e-01, -2.06e+00, 6.37e-01, 9.83e-01, 4.55e+00, -2.63e-01, -7.15e-03, 1.62e+01]
11000 [1.41e+00, 2.71e-02, 2.03e-01, -3.84e-01, -2.06e+00, 6.56e-01, 9.83e-01, 4.55e+00, -2.57e-01, -1.24e-02, 1.62e+01]
11100 [1.42e+00, 2.72e-02, 2.07e-01, -3.85e-01, -2.06e+00, 6.76e-01, 9.83e-01, 4.55e+00, -2.52e-01, -1.77e-02, 1.62e+01]
11200 [1.42e+00, 2.75e-02, 2.10e-01, -3.85e-01, -2.06e+00, 6.26e-01, 9.83e-01, 4.55e+00, -2.51e-01, -1.65e-02, 1.62e+01]
11300 [1.42e+00, 2.75e-02, 2.11e-01, -3.88e-01, -2.06e+00, 6.25e-01, 9.83e-01, 4.55e+00, -2.41e-01, -2.14e-02, 1.62e+01]
11400 [1.42e+00, 2.77e-02, 2.11e-01, -3.90e-01, -2.07e+00, 6.35e-01, 9.83e-01, 4.55e+00, -2.34e-01, -2.78e-02, 1.61e+01]
11500 [1.42e+00, 2.80e-02, 2.13e-01, -3.92e-01, -2.07e+00, 6.45e-01, 9.83e-01, 4.55e+00, -2.28e-01, -3.38e-02, 1.61e+01]
11600 [1.43e+00, 2.82e-02, 2.15e-01, -3.93e-01, -2.07e+00, 6.56e-01, 9.83e-01, 4.55e+00, -2.22e-01, -3.97e-02, 1.61e+01]
11700 [1.43e+00, 2.85e-02, 2.18e-01, -3.94e-01, -2.07e+00, 6.67e-01, 9.83e-01, 4.55e+00, -2.16e-01, -4.55e-02, 1.61e+01]
11800 [1.43e+00, 2.87e-02, 2.21e-01, -3.95e-01, -2.08e+00, 6.79e-01, 9.83e-01, 4.55e+00, -2.11e-01, -5.15e-02, 1.61e+01]
11900 [1.42e+00, 2.77e-02, 2.28e-01, -3.88e-01, -2.06e+00, 5.99e-01, 9.83e-01, 4.54e+00, -2.68e-01, -7.14e-02, 1.60e+01]
12000 [1.42e+00, 2.82e-02, 2.21e-01, -3.97e-01, -2.06e+00, 5.88e-01, 9.83e-01, 4.54e+00, -2.72e-01, -7.69e-02, 1.60e+01]
12100 [1.42e+00, 2.88e-02, 2.16e-01, -4.04e-01, -2.07e+00, 5.97e-01, 9.83e-01, 4.54e+00, -2.63e-01, -8.10e-02, 1.60e+01]
12200 [1.43e+00, 2.93e-02, 2.13e-01, -4.09e-01, -2.07e+00, 6.05e-01, 9.83e-01, 4.54e+00, -2.57e-01, -8.51e-02, 1.60e+01]
12300 [1.43e+00, 2.96e-02, 2.11e-01, -4.14e-01, -2.07e+00, 6.14e-01, 9.83e-01, 4.54e+00, -2.51e-01, -8.92e-02, 1.60e+01]
12400 [1.44e+00, 3.00e-02, 2.10e-01, -4.17e-01, -2.08e+00, 6.23e-01, 9.83e-01, 4.54e+00, -2.47e-01, -9.35e-02, 1.60e+01]
12500 [1.41e+00, 2.98e-02, 2.22e-01, -3.84e-01, -2.05e+00, 6.32e-01, 9.83e-01, 4.54e+00, -2.37e-01, -6.82e-02, 1.60e+01]
12600 [1.41e+00, 2.99e-02, 2.22e-01, -3.90e-01, -2.05e+00, 6.42e-01, 9.83e-01, 4.53e+00, -2.30e-01, -7.39e-02, 1.60e+01]
12700 [1.41e+00, 3.03e-02, 2.22e-01, -3.96e-01, -2.06e+00, 6.52e-01, 9.83e-01, 4.53e+00, -2.23e-01, -8.07e-02, 1.60e+01]
12800 [1.42e+00, 3.05e-02, 2.24e-01, -4.01e-01, -2.07e+00, 6.63e-01, 9.83e-01, 4.53e+00, -2.18e-01, -8.76e-02, 1.60e+01]
12900 [1.43e+00, 3.08e-02, 2.26e-01, -4.05e-01, -2.07e+00, 6.74e-01, 9.83e-01, 4.53e+00, -2.13e-01, -9.49e-02, 1.59e+01]
13000 [1.43e+00, 3.10e-02, 2.28e-01, -4.09e-01, -2.08e+00, 6.85e-01, 9.83e-01, 4.53e+00, -2.08e-01, -1.03e-01, 1.59e+01]
13100 [1.44e+00, 3.11e-02, 2.31e-01, -4.13e-01, -2.09e+00, 6.97e-01, 9.83e-01, 4.53e+00, -2.04e-01, -1.11e-01, 1.59e+01]
13200 [1.40e+00, 3.06e-02, 2.38e-01, -4.02e-01, -2.00e+00, 6.38e-01, 9.83e-01, 4.52e+00, -1.31e-01, -6.33e-02, 1.59e+01]
13300 [1.41e+00, 3.09e-02, 2.35e-01, -4.04e-01, -2.01e+00, 6.52e-01, 9.83e-01, 4.52e+00, -1.30e-01, -7.79e-02, 1.59e+01]
13400 [1.41e+00, 3.12e-02, 2.34e-01, -4.05e-01, -2.02e+00, 6.65e-01, 9.83e-01, 4.52e+00, -1.31e-01, -8.99e-02, 1.59e+01]
13500 [1.42e+00, 3.14e-02, 2.34e-01, -4.06e-01, -2.03e+00, 6.79e-01, 9.83e-01, 4.51e+00, -1.31e-01, -1.01e-01, 1.59e+01]
13600 [1.41e+00, 2.96e-02, 2.39e-01, -3.90e-01, -2.01e+00, 6.75e-01, 9.83e-01, 4.51e+00, -1.25e-01, -9.96e-02, 1.58e+01]
13700 [1.41e+00, 3.18e-02, 2.39e-01, -3.93e-01, -2.02e+00, 6.89e-01, 9.83e-01, 4.50e+00, -1.25e-01, -1.10e-01, 1.58e+01]
13800 [1.42e+00, 3.21e-02, 2.41e-01, -3.97e-01, -2.03e+00, 7.04e-01, 9.83e-01, 4.50e+00, -1.23e-01, -1.25e-01, 1.58e+01]
13900 [1.43e+00, 3.23e-02, 2.43e-01, -4.00e-01, -2.04e+00, 7.19e-01, 9.83e-01, 4.50e+00, -1.21e-01, -1.42e-01, 1.58e+01]
14000 [1.41e+00, 3.19e-02, 2.53e-01, -3.88e-01, -2.03e+00, 7.09e-01, 9.83e-01, 4.49e+00, -1.35e-01, -1.40e-01, 1.58e+01]
14100 [1.41e+00, 3.21e-02, 2.52e-01, -4.00e-01, -2.03e+00, 6.95e-01, 9.83e-01, 4.49e+00, -1.49e-01, -1.50e-01, 1.58e+01]
14200 [1.42e+00, 3.25e-02, 2.51e-01, -4.09e-01, -2.05e+00, 7.13e-01, 9.83e-01, 4.48e+00, -1.43e-01, -1.70e-01, 1.57e+01]
14300 [1.41e+00, 3.27e-02, 2.52e-01, -3.93e-01, -2.01e+00, 7.15e-01, 9.83e-01, 4.48e+00, -1.78e-01, -1.71e-01, 1.57e+01]
14400 [1.42e+00, 3.26e-02, 2.53e-01, -4.08e-01, -2.02e+00, 7.34e-01, 9.83e-01, 4.47e+00, -1.68e-01, -1.96e-01, 1.57e+01]
14500 [1.43e+00, 3.27e-02, 2.56e-01, -4.18e-01, -2.03e+00, 7.53e-01, 9.83e-01, 4.47e+00, -1.62e-01, -2.22e-01, 1.57e+01]
14600 [1.42e+00, 3.15e-02, 2.61e-01, -4.15e-01, -2.04e+00, 7.10e-01, 9.83e-01, 4.46e+00, -1.87e-01, -1.91e-01, 1.56e+01]
14700 [1.42e+00, 3.30e-02, 2.56e-01, -4.35e-01, -1.99e+00, 6.95e-01, 9.83e-01, 4.46e+00, -2.00e-01, -1.90e-01, 1.56e+01]
14800 [1.43e+00, 3.33e-02, 2.53e-01, -4.47e-01, -2.01e+00, 7.12e-01, 9.83e-01, 4.45e+00, -1.94e-01, -2.11e-01, 1.56e+01]
14900 [1.42e+00, 3.36e-02, 2.57e-01, -4.33e-01, -2.01e+00, 7.28e-01, 9.83e-01, 4.44e+00, -1.85e-01, -2.19e-01, 1.56e+01]
15000 [1.42e+00, 3.33e-02, 2.60e-01, -4.36e-01, -2.02e+00, 7.46e-01, 9.83e-01, 4.43e+00, -1.80e-01, -2.33e-01, 1.55e+01]
15100 [1.43e+00, 3.36e-02, 2.62e-01, -4.44e-01, -2.03e+00, 7.64e-01, 9.83e-01, 4.43e+00, -1.77e-01, -2.59e-01, 1.55e+01]
15200 [1.44e+00, 3.37e-02, 2.65e-01, -4.52e-01, -2.05e+00, 7.83e-01, 9.83e-01, 4.42e+00, -1.75e-01, -2.89e-01, 1.55e+01]
15300 [1.42e+00, 3.34e-02, 2.71e-01, -4.30e-01, -2.04e+00, 7.27e-01, 9.83e-01, 4.41e+00, -2.27e-01, -2.54e-01, 1.54e+01]
15400 [1.43e+00, 3.36e-02, 2.64e-01, -4.57e-01, -2.06e+00, 7.05e-01, 9.83e-01, 4.41e+00, -2.31e-01, -2.58e-01, 1.54e+01]
15500 [1.44e+00, 3.41e-02, 2.59e-01, -4.72e-01, -2.07e+00, 7.20e-01, 9.83e-01, 4.40e+00, -2.25e-01, -2.79e-01, 1.54e+01]
15600 [1.45e+00, 3.44e-02, 2.58e-01, -4.81e-01, -2.09e+00, 7.36e-01, 9.83e-01, 4.39e+00, -2.23e-01, -3.02e-01, 1.53e+01]
15700 [1.42e+00, 3.39e-02, 2.64e-01, -4.64e-01, -2.02e+00, 7.48e-01, 9.83e-01, 4.38e+00, -2.10e-01, -2.92e-01, 1.53e+01]
15800 [1.43e+00, 3.44e-02, 2.65e-01, -4.75e-01, -2.04e+00, 7.64e-01, 9.83e-01, 4.37e+00, -2.07e-01, -3.18e-01, 1.53e+01]
15900 [1.44e+00, 3.46e-02, 2.67e-01, -4.84e-01, -2.06e+00, 7.81e-01, 9.83e-01, 4.36e+00, -2.06e-01, -3.45e-01, 1.53e+01]
16000 [1.46e+00, 3.47e-02, 2.70e-01, -4.93e-01, -2.08e+00, 7.97e-01, 9.83e-01, 4.35e+00, -2.05e-01, -3.75e-01, 1.53e+01]
16100 [1.41e+00, 3.38e-02, 2.80e-01, -4.56e-01, -2.00e+00, 8.01e-01, 9.83e-01, 4.33e+00, -2.12e-01, -3.37e-01, 1.52e+01]
16200 [1.42e+00, 3.43e-02, 2.83e-01, -4.73e-01, -2.01e+00, 8.19e-01, 9.83e-01, 4.32e+00, -2.04e-01, -3.64e-01, 1.52e+01]
16300 [1.43e+00, 3.44e-02, 2.86e-01, -4.87e-01, -2.03e+00, 8.38e-01, 9.83e-01, 4.31e+00, -1.98e-01, -3.93e-01, 1.52e+01]
16400 [1.45e+00, 3.45e-02, 2.85e-01, -5.07e-01, -2.04e+00, 7.76e-01, 9.83e-01, 4.31e+00, -2.30e-01, -3.89e-01, 1.51e+01]
16500 [1.46e+00, 3.46e-02, 2.83e-01, -5.20e-01, -2.06e+00, 7.94e-01, 9.83e-01, 4.30e+00, -2.26e-01, -4.15e-01, 1.51e+01]
16600 [1.43e+00, 3.44e-02, 2.87e-01, -5.01e-01, -2.07e+00, 8.11e-01, 9.83e-01, 4.28e+00, -2.26e-01, -4.19e-01, 1.51e+01]
16700 [1.45e+00, 3.46e-02, 2.88e-01, -5.14e-01, -2.09e+00, 8.29e-01, 9.83e-01, 4.27e+00, -2.21e-01, -4.49e-01, 1.50e+01]
16800 [1.46e+00, 3.47e-02, 2.91e-01, -5.27e-01, -2.11e+00, 8.46e-01, 9.83e-01, 4.26e+00, -2.18e-01, -4.80e-01, 1.50e+01]
16900 [1.42e+00, 3.40e-02, 2.98e-01, -4.77e-01, -2.02e+00, 8.28e-01, 9.83e-01, 4.25e+00, -2.89e-01, -4.35e-01, 1.50e+01]
17000 [1.44e+00, 3.41e-02, 2.99e-01, -5.08e-01, -1.98e+00, 8.44e-01, 9.83e-01, 4.24e+00, -2.75e-01, -4.51e-01, 1.49e+01]
17100 [1.45e+00, 3.42e-02, 3.01e-01, -5.34e-01, -1.99e+00, 8.63e-01, 9.83e-01, 4.23e+00, -2.60e-01, -4.78e-01, 1.49e+01]
17200 [1.45e+00, 3.47e-02, 3.01e-01, -5.54e-01, -2.00e+00, 8.32e-01, 9.83e-01, 4.22e+00, -2.68e-01, -4.84e-01, 1.49e+01]
17300 [1.46e+00, 3.48e-02, 3.01e-01, -5.70e-01, -2.02e+00, 8.52e-01, 9.83e-01, 4.20e+00, -2.64e-01, -5.13e-01, 1.48e+01]
17400 [1.48e+00, 3.48e-02, 3.02e-01, -5.85e-01, -2.03e+00, 8.71e-01, 9.83e-01, 4.19e+00, -2.60e-01, -5.44e-01, 1.48e+01]
17500 [1.44e+00, 3.49e-02, 3.05e-01, -5.65e-01, -2.03e+00, 8.39e-01, 9.83e-01, 4.17e+00, -2.27e-01, -5.32e-01, 1.48e+01]
17600 [1.46e+00, 3.50e-02, 3.05e-01, -5.75e-01, -2.05e+00, 8.61e-01, 9.83e-01, 4.16e+00, -2.28e-01, -5.63e-01, 1.47e+01]
17700 [1.48e+00, 3.48e-02, 3.07e-01, -5.87e-01, -2.07e+00, 8.81e-01, 9.83e-01, 4.14e+00, -2.26e-01, -5.95e-01, 1.47e+01]
17800 [1.46e+00, 3.43e-02, 3.08e-01, -5.75e-01, -2.02e+00, 8.29e-01, 9.83e-01, 4.13e+00, -2.87e-01, -5.49e-01, 1.47e+01]
17900 [1.47e+00, 3.51e-02, 3.06e-01, -5.94e-01, -2.03e+00, 8.51e-01, 9.83e-01, 4.11e+00, -2.83e-01, -5.75e-01, 1.46e+01]
18000 [1.49e+00, 3.52e-02, 3.06e-01, -6.11e-01, -2.05e+00, 8.72e-01, 9.83e-01, 4.10e+00, -2.78e-01, -6.04e-01, 1.46e+01]
18100 [1.45e+00, 3.38e-02, 3.12e-01, -5.89e-01, -2.06e+00, 8.88e-01, 9.83e-01, 4.08e+00, -2.63e-01, -5.93e-01, 1.46e+01]
18200 [1.47e+00, 3.43e-02, 3.15e-01, -6.10e-01, -2.08e+00, 9.05e-01, 9.83e-01, 4.07e+00, -2.54e-01, -6.21e-01, 1.45e+01]
18300 [1.48e+00, 3.49e-02, 3.16e-01, -6.33e-01, -2.09e+00, 8.70e-01, 9.83e-01, 4.06e+00, -2.45e-01, -6.31e-01, 1.45e+01]
18400 [1.50e+00, 3.50e-02, 3.13e-01, -6.43e-01, -2.06e+00, 8.71e-01, 9.83e-01, 4.04e+00, -2.67e-01, -6.43e-01, 1.45e+01]
18500 [1.47e+00, 3.42e-02, 3.16e-01, -6.15e-01, -2.08e+00, 8.89e-01, 9.83e-01, 4.02e+00, -2.67e-01, -6.38e-01, 1.45e+01]
18600 [1.48e+00, 3.45e-02, 3.18e-01, -6.35e-01, -2.10e+00, 9.06e-01, 9.83e-01, 4.01e+00, -2.61e-01, -6.69e-01, 1.44e+01]
18700 [1.50e+00, 3.42e-02, 3.20e-01, -6.59e-01, -2.12e+00, 9.20e-01, 9.83e-01, 4.00e+00, -2.53e-01, -7.03e-01, 1.44e+01]
18800 [1.51e+00, 3.54e-02, 3.17e-01, -6.73e-01, -2.13e+00, 8.57e-01, 9.83e-01, 3.99e+00, -2.66e-01, -6.95e-01, 1.44e+01]
18900 [1.52e+00, 3.53e-02, 3.14e-01, -6.65e-01, -2.15e+00, 8.76e-01, 9.83e-01, 3.96e+00, -2.74e-01, -7.20e-01, 1.44e+01]
19000 [1.51e+00, 3.51e-02, 3.15e-01, -6.53e-01, -2.16e+00, 8.93e-01, 9.83e-01, 3.94e+00, -2.72e-01, -7.31e-01, 1.43e+01]
19100 [1.51e+00, 3.52e-02, 3.16e-01, -6.61e-01, -2.15e+00, 9.08e-01, 9.83e-01, 3.92e+00, -2.68e-01, -7.46e-01, 1.43e+01]
19200 [1.51e+00, 3.44e-02, 3.19e-01, -6.64e-01, -2.07e+00, 9.18e-01, 9.83e-01, 3.91e+00, -2.48e-01, -7.27e-01, 1.43e+01]
19300 [1.53e+00, 3.41e-02, 3.20e-01, -6.90e-01, -2.08e+00, 9.28e-01, 9.83e-01, 3.90e+00, -2.35e-01, -7.62e-01, 1.43e+01]
19400 [1.51e+00, 3.50e-02, 3.21e-01, -6.84e-01, -2.09e+00, 9.09e-01, 9.83e-01, 3.87e+00, -2.25e-01, -7.61e-01, 1.42e+01]
19500 [1.51e+00, 3.38e-02, 3.22e-01, -6.78e-01, -2.10e+00, 8.98e-01, 9.83e-01, 3.85e+00, -2.67e-01, -7.75e-01, 1.42e+01]
19600 [1.53e+00, 3.47e-02, 3.22e-01, -6.97e-01, -2.11e+00, 9.13e-01, 9.83e-01, 3.84e+00, -2.64e-01, -8.07e-01, 1.42e+01]
19700 [1.51e+00, 3.45e-02, 3.24e-01, -6.95e-01, -2.12e+00, 9.26e-01, 9.83e-01, 3.82e+00, -2.61e-01, -8.08e-01, 1.42e+01]
19800 [1.51e+00, 3.37e-02, 3.27e-01, -7.07e-01, -2.13e+00, 9.35e-01, 9.83e-01, 3.81e+00, -2.54e-01, -8.21e-01, 1.41e+01]
19900 [1.53e+00, 3.51e-02, 3.25e-01, -7.20e-01, -2.14e+00, 9.07e-01, 9.83e-01, 3.79e+00, -2.51e-01, -8.57e-01, 1.41e+01]
20000 [1.53e+00, 3.48e-02, 3.25e-01, -7.10e-01, -2.16e+00, 9.23e-01, 9.83e-01, 3.76e+00, -2.49e-01, -8.67e-01, 1.41e+01]
20000 [1.53e+00, 3.48e-02, 3.25e-01, -7.10e-01, -2.16e+00, 9.23e-01, 9.83e-01, 3.76e+00, -2.49e-01, -8.67e-01, 1.41e+01]
20100 [1.52e+00, 3.25e-02, 3.29e-01, -6.98e-01, -2.12e+00, 8.97e-01, 9.83e-01, 3.76e+00, -2.65e-01, -8.36e-01, 1.41e+01]
20200 [1.52e+00, 3.37e-02, 3.29e-01, -6.99e-01, -2.12e+00, 8.98e-01, 9.83e-01, 3.76e+00, -2.64e-01, -8.36e-01, 1.41e+01]
20300 [1.52e+00, 3.41e-02, 3.28e-01, -7.00e-01, -2.12e+00, 9.00e-01, 9.83e-01, 3.76e+00, -2.64e-01, -8.37e-01, 1.41e+01]
20400 [1.52e+00, 3.44e-02, 3.27e-01, -7.01e-01, -2.12e+00, 9.02e-01, 9.83e-01, 3.76e+00, -2.64e-01, -8.37e-01, 1.41e+01]
20500 [1.52e+00, 3.47e-02, 3.27e-01, -7.02e-01, -2.12e+00, 9.04e-01, 9.83e-01, 3.76e+00, -2.64e-01, -8.38e-01, 1.41e+01]
20600 [1.52e+00, 3.48e-02, 3.26e-01, -7.03e-01, -2.13e+00, 9.06e-01, 9.83e-01, 3.76e+00, -2.64e-01, -8.39e-01, 1.41e+01]
20700 [1.53e+00, 3.49e-02, 3.25e-01, -7.04e-01, -2.13e+00, 9.09e-01, 9.83e-01, 3.75e+00, -2.64e-01, -8.40e-01, 1.41e+01]
20800 [1.53e+00, 3.50e-02, 3.25e-01, -7.06e-01, -2.13e+00, 9.12e-01, 9.83e-01, 3.75e+00, -2.64e-01, -8.41e-01, 1.41e+01]
20900 [1.53e+00, 3.50e-02, 3.24e-01, -7.07e-01, -2.14e+00, 9.14e-01, 9.83e-01, 3.75e+00, -2.63e-01, -8.42e-01, 1.41e+01]
21000 [1.53e+00, 3.49e-02, 3.24e-01, -7.09e-01, -2.14e+00, 9.17e-01, 9.83e-01, 3.75e+00, -2.63e-01, -8.43e-01, 1.41e+01]
21100 [1.54e+00, 3.49e-02, 3.24e-01, -7.11e-01, -2.15e+00, 9.20e-01, 9.83e-01, 3.75e+00, -2.63e-01, -8.45e-01, 1.41e+01]
21200 [1.54e+00, 3.48e-02, 3.24e-01, -7.13e-01, -2.15e+00, 9.23e-01, 9.83e-01, 3.75e+00, -2.62e-01, -8.46e-01, 1.41e+01]
21300 [1.54e+00, 3.51e-02, 3.24e-01, -7.14e-01, -2.15e+00, 9.15e-01, 9.83e-01, 3.75e+00, -2.59e-01, -8.47e-01, 1.41e+01]
21400 [1.54e+00, 3.56e-02, 3.23e-01, -7.14e-01, -2.16e+00, 9.14e-01, 9.83e-01, 3.75e+00, -2.58e-01, -8.48e-01, 1.41e+01]
21500 [1.54e+00, 3.54e-02, 3.22e-01, -7.16e-01, -2.17e+00, 9.18e-01, 9.83e-01, 3.74e+00, -2.58e-01, -8.49e-01, 1.41e+01]
21600 [1.54e+00, 3.53e-02, 3.22e-01, -7.19e-01, -2.17e+00, 9.22e-01, 9.83e-01, 3.74e+00, -2.58e-01, -8.51e-01, 1.41e+01]
21700 [1.55e+00, 3.52e-02, 3.22e-01, -7.22e-01, -2.18e+00, 9.25e-01, 9.83e-01, 3.74e+00, -2.57e-01, -8.53e-01, 1.41e+01]
21800 [1.55e+00, 3.51e-02, 3.22e-01, -7.25e-01, -2.19e+00, 9.28e-01, 9.83e-01, 3.74e+00, -2.57e-01, -8.55e-01, 1.41e+01]
21900 [1.56e+00, 3.50e-02, 3.22e-01, -7.29e-01, -2.19e+00, 9.31e-01, 9.83e-01, 3.74e+00, -2.56e-01, -8.58e-01, 1.41e+01]
22000 [1.54e+00, 3.57e-02, 3.23e-01, -7.22e-01, -2.19e+00, 9.17e-01, 9.83e-01, 3.74e+00, -2.48e-01, -8.57e-01, 1.41e+01]
22100 [1.55e+00, 3.55e-02, 3.23e-01, -7.25e-01, -2.20e+00, 9.22e-01, 9.83e-01, 3.73e+00, -2.48e-01, -8.60e-01, 1.41e+01]
22200 [1.55e+00, 3.54e-02, 3.23e-01, -7.28e-01, -2.21e+00, 9.26e-01, 9.83e-01, 3.73e+00, -2.47e-01, -8.63e-01, 1.41e+01]
22300 [1.56e+00, 3.52e-02, 3.23e-01, -7.32e-01, -2.22e+00, 9.30e-01, 9.83e-01, 3.73e+00, -2.47e-01, -8.66e-01, 1.41e+01]
22400 [1.56e+00, 3.51e-02, 3.23e-01, -7.36e-01, -2.23e+00, 9.33e-01, 9.83e-01, 3.73e+00, -2.46e-01, -8.69e-01, 1.41e+01]
22500 [1.55e+00, 3.59e-02, 3.24e-01, -7.34e-01, -2.13e+00, 9.05e-01, 9.83e-01, 3.72e+00, -2.64e-01, -8.65e-01, 1.41e+01]
22600 [1.56e+00, 3.58e-02, 3.22e-01, -7.39e-01, -2.13e+00, 9.13e-01, 9.83e-01, 3.72e+00, -2.63e-01, -8.68e-01, 1.40e+01]
22700 [1.57e+00, 3.57e-02, 3.20e-01, -7.44e-01, -2.14e+00, 9.20e-01, 9.83e-01, 3.71e+00, -2.62e-01, -8.72e-01, 1.40e+01]
22800 [1.55e+00, 3.61e-02, 3.20e-01, -7.39e-01, -2.14e+00, 9.18e-01, 9.83e-01, 3.71e+00, -2.56e-01, -8.73e-01, 1.40e+01]
22900 [1.56e+00, 3.59e-02, 3.20e-01, -7.44e-01, -2.15e+00, 9.24e-01, 9.83e-01, 3.70e+00, -2.55e-01, -8.77e-01, 1.40e+01]
23000 [1.57e+00, 3.56e-02, 3.20e-01, -7.50e-01, -2.15e+00, 9.29e-01, 9.83e-01, 3.70e+00, -2.54e-01, -8.81e-01, 1.40e+01]
23100 [1.58e+00, 3.54e-02, 3.20e-01, -7.57e-01, -2.16e+00, 9.33e-01, 9.83e-01, 3.70e+00, -2.53e-01, -8.86e-01, 1.40e+01]
23200 [1.55e+00, 3.53e-02, 3.24e-01, -7.50e-01, -2.17e+00, 9.26e-01, 9.83e-01, 3.69e+00, -2.55e-01, -8.83e-01, 1.40e+01]
23300 [1.56e+00, 3.52e-02, 3.24e-01, -7.56e-01, -2.18e+00, 9.32e-01, 9.83e-01, 3.69e+00, -2.56e-01, -8.88e-01, 1.40e+01]
23400 [1.57e+00, 3.64e-02, 3.22e-01, -7.60e-01, -2.18e+00, 9.13e-01, 9.83e-01, 3.68e+00, -2.48e-01, -8.93e-01, 1.40e+01]
23500 [1.58e+00, 3.63e-02, 3.20e-01, -7.62e-01, -2.19e+00, 9.18e-01, 9.83e-01, 3.68e+00, -2.50e-01, -8.98e-01, 1.40e+01]
23600 [1.59e+00, 3.61e-02, 3.19e-01, -7.67e-01, -2.20e+00, 9.26e-01, 9.83e-01, 3.67e+00, -2.50e-01, -9.04e-01, 1.40e+01]
23700 [1.57e+00, 3.62e-02, 3.20e-01, -7.51e-01, -2.20e+00, 9.27e-01, 9.83e-01, 3.66e+00, -2.43e-01, -9.03e-01, 1.40e+01]
23800 [1.58e+00, 3.57e-02, 3.20e-01, -7.59e-01, -2.21e+00, 9.33e-01, 9.83e-01, 3.66e+00, -2.43e-01, -9.10e-01, 1.40e+01]
23900 [1.59e+00, 3.69e-02, 3.17e-01, -7.65e-01, -2.22e+00, 9.02e-01, 9.83e-01, 3.65e+00, -2.48e-01, -9.16e-01, 1.40e+01]
24000 [1.60e+00, 3.68e-02, 3.15e-01, -7.64e-01, -2.23e+00, 9.15e-01, 9.83e-01, 3.65e+00, -2.51e-01, -9.21e-01, 1.40e+01]
24100 [1.59e+00, 3.64e-02, 3.15e-01, -7.59e-01, -2.24e+00, 9.24e-01, 9.83e-01, 3.64e+00, -2.53e-01, -9.24e-01, 1.40e+01]
24200 [1.60e+00, 3.60e-02, 3.15e-01, -7.68e-01, -2.25e+00, 9.31e-01, 9.83e-01, 3.64e+00, -2.53e-01, -9.32e-01, 1.40e+01]
24300 [1.59e+00, 3.62e-02, 3.17e-01, -7.65e-01, -2.21e+00, 9.30e-01, 9.83e-01, 3.63e+00, -2.52e-01, -9.30e-01, 1.40e+01]
24400 [1.60e+00, 3.70e-02, 3.15e-01, -7.76e-01, -2.22e+00, 9.11e-01, 9.83e-01, 3.62e+00, -2.50e-01, -9.40e-01, 1.40e+01]
24500 [1.60e+00, 3.67e-02, 3.14e-01, -7.71e-01, -2.23e+00, 9.22e-01, 9.83e-01, 3.61e+00, -2.52e-01, -9.46e-01, 1.40e+01]
24600 [1.61e+00, 3.58e-02, 3.14e-01, -7.72e-01, -2.24e+00, 9.28e-01, 9.83e-01, 3.60e+00, -2.55e-01, -9.50e-01, 1.40e+01]
24700 [1.61e+00, 3.61e-02, 3.14e-01, -7.78e-01, -2.25e+00, 9.30e-01, 9.83e-01, 3.60e+00, -2.58e-01, -9.57e-01, 1.40e+01]
24800 [1.62e+00, 3.72e-02, 3.11e-01, -7.78e-01, -2.26e+00, 9.12e-01, 9.83e-01, 3.58e+00, -2.57e-01, -9.66e-01, 1.40e+01]
24900 [1.61e+00, 3.68e-02, 3.11e-01, -7.66e-01, -2.27e+00, 9.22e-01, 9.83e-01, 3.57e+00, -2.57e-01, -9.68e-01, 1.40e+01]
25000 [1.63e+00, 3.64e-02, 3.11e-01, -7.79e-01, -2.29e+00, 9.31e-01, 9.83e-01, 3.56e+00, -2.57e-01, -9.80e-01, 1.40e+01]
25100 [1.52e+00, 3.30e-02, 3.16e-01, -6.87e-01, -2.18e+00, 8.71e-01, 9.83e-01, 3.54e+00, -2.48e-01, -8.61e-01, 1.40e+01]
25200 [1.53e+00, 3.66e-02, 3.15e-01, -6.95e-01, -2.17e+00, 8.91e-01, 9.83e-01, 3.53e+00, -2.49e-01, -8.50e-01, 1.39e+01]
25300 [1.54e+00, 3.67e-02, 3.15e-01, -7.06e-01, -2.18e+00, 9.12e-01, 9.83e-01, 3.52e+00, -2.50e-01, -8.58e-01, 1.39e+01]
25400 [1.55e+00, 3.63e-02, 3.16e-01, -7.21e-01, -2.20e+00, 9.26e-01, 9.83e-01, 3.51e+00, -2.47e-01, -8.66e-01, 1.39e+01]
25500 [1.57e+00, 3.59e-02, 3.16e-01, -7.38e-01, -2.21e+00, 9.34e-01, 9.83e-01, 3.50e+00, -2.42e-01, -8.74e-01, 1.39e+01]
25600 [1.58e+00, 3.56e-02, 3.17e-01, -7.54e-01, -2.23e+00, 9.39e-01, 9.83e-01, 3.50e+00, -2.37e-01, -8.83e-01, 1.39e+01]
25700 [1.60e+00, 3.81e-02, 3.13e-01, -7.64e-01, -2.24e+00, 8.61e-01, 9.83e-01, 3.49e+00, -2.36e-01, -8.87e-01, 1.39e+01]
25800 [1.61e+00, 3.80e-02, 3.09e-01, -7.60e-01, -2.26e+00, 8.80e-01, 9.83e-01, 3.47e+00, -2.52e-01, -8.96e-01, 1.39e+01]
25900 [1.63e+00, 3.79e-02, 3.06e-01, -7.64e-01, -2.27e+00, 8.99e-01, 9.83e-01, 3.46e+00, -2.61e-01, -9.06e-01, 1.39e+01]
26000 [1.59e+00, 3.61e-02, 3.07e-01, -7.35e-01, -2.24e+00, 9.12e-01, 9.83e-01, 3.45e+00, -2.66e-01, -9.06e-01, 1.39e+01]
26100 [1.61e+00, 3.69e-02, 3.07e-01, -7.50e-01, -2.24e+00, 9.21e-01, 9.83e-01, 3.44e+00, -2.65e-01, -9.16e-01, 1.39e+01]
26200 [1.62e+00, 3.66e-02, 3.07e-01, -7.68e-01, -2.26e+00, 9.29e-01, 9.83e-01, 3.44e+00, -2.62e-01, -9.27e-01, 1.38e+01]
26300 [1.64e+00, 3.64e-02, 3.07e-01, -7.86e-01, -2.27e+00, 9.34e-01, 9.83e-01, 3.43e+00, -2.59e-01, -9.39e-01, 1.38e+01]
26400 [1.62e+00, 3.68e-02, 3.05e-01, -7.83e-01, -2.27e+00, 8.62e-01, 9.83e-01, 3.42e+00, -2.86e-01, -9.27e-01, 1.38e+01]
26500 [1.63e+00, 3.84e-02, 3.00e-01, -7.74e-01, -2.21e+00, 8.63e-01, 9.83e-01, 3.40e+00, -3.22e-01, -9.16e-01, 1.38e+01]
26600 [1.65e+00, 3.86e-02, 2.96e-01, -7.81e-01, -2.23e+00, 8.81e-01, 9.83e-01, 3.38e+00, -3.30e-01, -9.29e-01, 1.38e+01]
26700 [1.67e+00, 3.84e-02, 2.93e-01, -7.92e-01, -2.24e+00, 8.97e-01, 9.83e-01, 3.37e+00, -3.34e-01, -9.42e-01, 1.38e+01]
26800 [1.63e+00, 3.81e-02, 2.96e-01, -7.66e-01, -2.26e+00, 9.08e-01, 9.83e-01, 3.35e+00, -3.32e-01, -9.40e-01, 1.38e+01]
26900 [1.64e+00, 3.77e-02, 2.96e-01, -7.86e-01, -2.28e+00, 9.18e-01, 9.83e-01, 3.34e+00, -3.31e-01, -9.54e-01, 1.37e+01]
27000 [1.66e+00, 3.74e-02, 2.96e-01, -8.08e-01, -2.29e+00, 9.25e-01, 9.83e-01, 3.34e+00, -3.28e-01, -9.69e-01, 1.37e+01]
27100 [1.68e+00, 3.71e-02, 2.96e-01, -8.28e-01, -2.31e+00, 9.29e-01, 9.83e-01, 3.33e+00, -3.26e-01, -9.84e-01, 1.37e+01]
27200 [1.63e+00, 3.72e-02, 3.00e-01, -8.04e-01, -2.26e+00, 9.20e-01, 9.83e-01, 3.32e+00, -3.59e-01, -9.49e-01, 1.37e+01]
27300 [1.65e+00, 3.70e-02, 3.01e-01, -8.24e-01, -2.28e+00, 9.28e-01, 9.83e-01, 3.31e+00, -3.58e-01, -9.65e-01, 1.37e+01]
27400 [1.66e+00, 3.80e-02, 2.99e-01, -8.31e-01, -2.28e+00, 9.05e-01, 9.83e-01, 3.30e+00, -3.22e-01, -9.80e-01, 1.37e+01]
27500 [1.68e+00, 3.78e-02, 2.97e-01, -8.39e-01, -2.30e+00, 9.18e-01, 9.83e-01, 3.28e+00, -3.31e-01, -9.98e-01, 1.37e+01]
27600 [1.67e+00, 3.69e-02, 2.97e-01, -8.25e-01, -2.31e+00, 9.18e-01, 9.83e-01, 3.27e+00, -3.15e-01, -1.00e+00, 1.37e+01]
27700 [1.67e+00, 3.76e-02, 2.97e-01, -8.16e-01, -2.32e+00, 9.22e-01, 9.83e-01, 3.25e+00, -3.09e-01, -9.91e-01, 1.37e+01]
27800 [1.69e+00, 3.73e-02, 2.97e-01, -8.34e-01, -2.34e+00, 9.29e-01, 9.83e-01, 3.24e+00, -3.11e-01, -1.01e+00, 1.37e+01]
27900 [1.70e+00, 3.84e-02, 2.94e-01, -8.37e-01, -2.35e+00, 8.96e-01, 9.83e-01, 3.23e+00, -3.29e-01, -1.03e+00, 1.37e+01]
28000 [1.69e+00, 3.82e-02, 2.93e-01, -8.16e-01, -2.37e+00, 9.13e-01, 9.83e-01, 3.21e+00, -3.38e-01, -1.03e+00, 1.36e+01]
28100 [1.70e+00, 3.77e-02, 2.92e-01, -8.35e-01, -2.39e+00, 9.23e-01, 9.83e-01, 3.20e+00, -3.41e-01, -1.06e+00, 1.36e+01]
28200 [1.69e+00, 3.75e-02, 2.94e-01, -8.30e-01, -2.36e+00, 9.14e-01, 9.83e-01, 3.19e+00, -3.53e-01, -1.01e+00, 1.36e+01]
28300 [1.70e+00, 3.77e-02, 2.92e-01, -8.43e-01, -2.34e+00, 9.18e-01, 9.83e-01, 3.17e+00, -3.62e-01, -9.84e-01, 1.36e+01]
28400 [1.72e+00, 3.79e-02, 2.91e-01, -8.52e-01, -2.36e+00, 9.20e-01, 9.83e-01, 3.16e+00, -3.57e-01, -1.00e+00, 1.36e+01]
28500 [1.71e+00, 3.76e-02, 2.91e-01, -8.42e-01, -2.37e+00, 9.22e-01, 9.83e-01, 3.14e+00, -3.46e-01, -1.01e+00, 1.36e+01]
28600 [1.73e+00, 3.74e-02, 2.91e-01, -8.62e-01, -2.39e+00, 9.17e-01, 9.83e-01, 3.14e+00, -3.52e-01, -1.03e+00, 1.36e+01]
28700 [1.73e+00, 3.83e-02, 2.89e-01, -8.53e-01, -2.41e+00, 9.12e-01, 9.83e-01, 3.12e+00, -3.64e-01, -1.05e+00, 1.36e+01]
28800 [1.72e+00, 3.78e-02, 2.89e-01, -8.42e-01, -2.42e+00, 9.21e-01, 9.83e-01, 3.10e+00, -3.68e-01, -1.06e+00, 1.35e+01]
28900 [1.74e+00, 3.76e-02, 2.88e-01, -8.68e-01, -2.44e+00, 9.25e-01, 9.83e-01, 3.10e+00, -3.71e-01, -1.08e+00, 1.35e+01]
29000 [1.74e+00, 3.81e-02, 2.86e-01, -8.51e-01, -2.45e+00, 9.09e-01, 9.83e-01, 3.07e+00, -3.76e-01, -1.09e+00, 1.35e+01]
29100 [1.75e+00, 3.80e-02, 2.85e-01, -8.66e-01, -2.47e+00, 9.22e-01, 9.83e-01, 3.06e+00, -3.83e-01, -1.11e+00, 1.35e+01]
29200 [1.63e+00, 3.84e-02, 2.91e-01, -8.07e-01, -2.33e+00, 8.83e-01, 9.83e-01, 3.02e+00, -3.98e-01, -9.74e-01, 1.35e+01]
29300 [1.64e+00, 3.83e-02, 2.91e-01, -8.14e-01, -2.34e+00, 9.03e-01, 9.83e-01, 3.01e+00, -4.06e-01, -9.76e-01, 1.34e+01]
29400 [1.66e+00, 3.80e-02, 2.91e-01, -8.26e-01, -2.35e+00, 9.18e-01, 9.83e-01, 3.00e+00, -4.06e-01, -9.78e-01, 1.34e+01]
29500 [1.67e+00, 3.76e-02, 2.91e-01, -8.41e-01, -2.36e+00, 9.26e-01, 9.83e-01, 2.99e+00, -4.03e-01, -9.80e-01, 1.34e+01]
29600 [1.69e+00, 3.73e-02, 2.92e-01, -8.55e-01, -2.37e+00, 9.30e-01, 9.83e-01, 2.99e+00, -3.99e-01, -9.82e-01, 1.34e+01]
29700 [1.71e+00, 3.72e-02, 2.92e-01, -8.70e-01, -2.38e+00, 9.32e-01, 9.83e-01, 2.98e+00, -3.96e-01, -9.84e-01, 1.34e+01]
29800 [1.72e+00, 3.96e-02, 2.87e-01, -8.72e-01, -2.39e+00, 8.64e-01, 9.83e-01, 2.97e+00, -3.88e-01, -9.86e-01, 1.34e+01]
29900 [1.74e+00, 3.94e-02, 2.83e-01, -8.72e-01, -2.40e+00, 8.86e-01, 9.83e-01, 2.95e+00, -4.06e-01, -9.89e-01, 1.34e+01]
30000 [1.73e+00, 3.74e-02, 2.82e-01, -8.68e-01, -2.41e+00, 9.03e-01, 9.83e-01, 2.94e+00, -4.18e-01, -9.90e-01, 1.34e+01]
30000 [1.73e+00, 3.74e-02, 2.82e-01, -8.68e-01, -2.41e+00, 9.03e-01, 9.83e-01, 2.94e+00, -4.18e-01, -9.90e-01, 1.34e+01]
30100 [1.72e+00, 3.89e-02, 2.83e-01, -8.59e-01, -2.40e+00, 8.72e-01, 9.83e-01, 2.94e+00, -4.06e-01, -9.73e-01, 1.34e+01]
30200 [1.72e+00, 3.96e-02, 2.83e-01, -8.59e-01, -2.40e+00, 8.75e-01, 9.83e-01, 2.94e+00, -4.07e-01, -9.75e-01, 1.34e+01]
30300 [1.72e+00, 3.97e-02, 2.82e-01, -8.60e-01, -2.40e+00, 8.79e-01, 9.83e-01, 2.94e+00, -4.08e-01, -9.78e-01, 1.34e+01]
30400 [1.72e+00, 3.97e-02, 2.81e-01, -8.60e-01, -2.40e+00, 8.83e-01, 9.83e-01, 2.94e+00, -4.09e-01, -9.81e-01, 1.34e+01]
30500 [1.72e+00, 3.96e-02, 2.80e-01, -8.61e-01, -2.41e+00, 8.88e-01, 9.83e-01, 2.94e+00, -4.10e-01, -9.85e-01, 1.34e+01]
30600 [1.72e+00, 3.95e-02, 2.79e-01, -8.62e-01, -2.41e+00, 8.93e-01, 9.83e-01, 2.94e+00, -4.11e-01, -9.90e-01, 1.34e+01]
30700 [1.73e+00, 3.94e-02, 2.79e-01, -8.63e-01, -2.41e+00, 8.98e-01, 9.83e-01, 2.94e+00, -4.12e-01, -9.95e-01, 1.34e+01]
30800 [1.73e+00, 3.92e-02, 2.78e-01, -8.64e-01, -2.42e+00, 9.03e-01, 9.83e-01, 2.94e+00, -4.12e-01, -1.00e+00, 1.34e+01]
30900 [1.73e+00, 3.90e-02, 2.78e-01, -8.65e-01, -2.42e+00, 9.07e-01, 9.83e-01, 2.94e+00, -4.13e-01, -1.01e+00, 1.34e+01]
31000 [1.74e+00, 3.89e-02, 2.78e-01, -8.67e-01, -2.43e+00, 9.11e-01, 9.83e-01, 2.94e+00, -4.14e-01, -1.01e+00, 1.34e+01]
31100 [1.74e+00, 3.87e-02, 2.77e-01, -8.69e-01, -2.43e+00, 9.15e-01, 9.83e-01, 2.94e+00, -4.14e-01, -1.02e+00, 1.34e+01]
31200 [1.74e+00, 3.86e-02, 2.77e-01, -8.72e-01, -2.44e+00, 9.18e-01, 9.83e-01, 2.94e+00, -4.15e-01, -1.03e+00, 1.33e+01]
31300 [1.75e+00, 3.85e-02, 2.78e-01, -8.74e-01, -2.44e+00, 9.21e-01, 9.83e-01, 2.94e+00, -4.15e-01, -1.04e+00, 1.33e+01]
31400 [1.74e+00, 3.77e-02, 2.78e-01, -8.76e-01, -2.45e+00, 9.02e-01, 9.83e-01, 2.93e+00, -4.20e-01, -1.04e+00, 1.33e+01]
31500 [1.75e+00, 3.87e-02, 2.78e-01, -8.77e-01, -2.45e+00, 9.08e-01, 9.83e-01, 2.93e+00, -4.22e-01, -1.05e+00, 1.33e+01]
31600 [1.75e+00, 3.86e-02, 2.77e-01, -8.79e-01, -2.46e+00, 9.14e-01, 9.83e-01, 2.93e+00, -4.24e-01, -1.06e+00, 1.33e+01]
31700 [1.76e+00, 3.85e-02, 2.77e-01, -8.82e-01, -2.47e+00, 9.18e-01, 9.83e-01, 2.93e+00, -4.25e-01, -1.07e+00, 1.33e+01]
31800 [1.76e+00, 3.85e-02, 2.77e-01, -8.85e-01, -2.47e+00, 9.22e-01, 9.83e-01, 2.93e+00, -4.25e-01, -1.08e+00, 1.33e+01]
31900 [1.75e+00, 3.93e-02, 2.79e-01, -8.81e-01, -2.47e+00, 9.02e-01, 9.83e-01, 2.93e+00, -4.26e-01, -1.07e+00, 1.33e+01]
32000 [1.76e+00, 3.90e-02, 2.78e-01, -8.83e-01, -2.47e+00, 9.11e-01, 9.83e-01, 2.93e+00, -4.29e-01, -1.08e+00, 1.33e+01]
32100 [1.76e+00, 3.88e-02, 2.77e-01, -8.87e-01, -2.48e+00, 9.17e-01, 9.83e-01, 2.93e+00, -4.30e-01, -1.09e+00, 1.33e+01]
32200 [1.77e+00, 3.86e-02, 2.77e-01, -8.91e-01, -2.49e+00, 9.21e-01, 9.83e-01, 2.93e+00, -4.32e-01, -1.10e+00, 1.33e+01]
32300 [1.76e+00, 4.03e-02, 2.78e-01, -8.85e-01, -2.48e+00, 8.90e-01, 9.83e-01, 2.93e+00, -4.29e-01, -1.06e+00, 1.33e+01]
32400 [1.76e+00, 3.95e-02, 2.76e-01, -8.87e-01, -2.49e+00, 9.01e-01, 9.83e-01, 2.93e+00, -4.33e-01, -1.07e+00, 1.33e+01]
32500 [1.77e+00, 3.93e-02, 2.75e-01, -8.90e-01, -2.50e+00, 9.11e-01, 9.83e-01, 2.93e+00, -4.36e-01, -1.08e+00, 1.33e+01]
32600 [1.78e+00, 3.91e-02, 2.74e-01, -8.95e-01, -2.51e+00, 9.17e-01, 9.83e-01, 2.93e+00, -4.38e-01, -1.10e+00, 1.33e+01]
32700 [1.77e+00, 3.95e-02, 2.75e-01, -8.86e-01, -2.49e+00, 9.05e-01, 9.83e-01, 2.92e+00, -4.37e-01, -1.08e+00, 1.33e+01]
32800 [1.78e+00, 3.92e-02, 2.74e-01, -8.90e-01, -2.50e+00, 9.14e-01, 9.83e-01, 2.92e+00, -4.40e-01, -1.10e+00, 1.33e+01]
32900 [1.79e+00, 3.90e-02, 2.73e-01, -8.97e-01, -2.51e+00, 9.20e-01, 9.83e-01, 2.92e+00, -4.41e-01, -1.12e+00, 1.33e+01]
33000 [1.77e+00, 3.96e-02, 2.74e-01, -8.90e-01, -2.51e+00, 9.01e-01, 9.83e-01, 2.92e+00, -4.41e-01, -1.09e+00, 1.33e+01]
33100 [1.78e+00, 3.93e-02, 2.73e-01, -8.95e-01, -2.52e+00, 9.12e-01, 9.83e-01, 2.92e+00, -4.45e-01, -1.11e+00, 1.33e+01]
33200 [1.79e+00, 3.91e-02, 2.72e-01, -9.02e-01, -2.54e+00, 9.19e-01, 9.83e-01, 2.92e+00, -4.47e-01, -1.13e+00, 1.33e+01]
33300 [1.77e+00, 3.91e-02, 2.74e-01, -8.91e-01, -2.50e+00, 9.16e-01, 9.83e-01, 2.92e+00, -4.41e-01, -1.07e+00, 1.33e+01]
33400 [1.79e+00, 3.88e-02, 2.73e-01, -8.99e-01, -2.52e+00, 9.21e-01, 9.83e-01, 2.92e+00, -4.44e-01, -1.09e+00, 1.33e+01]
33500 [1.80e+00, 3.87e-02, 2.73e-01, -9.08e-01, -2.53e+00, 9.24e-01, 9.83e-01, 2.92e+00, -4.45e-01, -1.11e+00, 1.33e+01]
33600 [1.80e+00, 4.02e-02, 2.70e-01, -9.07e-01, -2.55e+00, 8.92e-01, 9.83e-01, 2.91e+00, -4.47e-01, -1.12e+00, 1.33e+01]
33700 [1.80e+00, 4.00e-02, 2.70e-01, -9.03e-01, -2.56e+00, 9.07e-01, 9.83e-01, 2.91e+00, -4.53e-01, -1.13e+00, 1.33e+01]
33800 [1.81e+00, 3.94e-02, 2.69e-01, -9.11e-01, -2.58e+00, 9.16e-01, 9.83e-01, 2.91e+00, -4.57e-01, -1.15e+00, 1.33e+01]
33900 [1.80e+00, 3.91e-02, 2.70e-01, -9.03e-01, -2.55e+00, 9.17e-01, 9.83e-01, 2.91e+00, -4.59e-01, -1.11e+00, 1.33e+01]
34000 [1.81e+00, 3.90e-02, 2.70e-01, -9.14e-01, -2.57e+00, 9.21e-01, 9.83e-01, 2.91e+00, -4.62e-01, -1.13e+00, 1.33e+01]
34100 [1.81e+00, 3.97e-02, 2.69e-01, -9.14e-01, -2.58e+00, 9.11e-01, 9.83e-01, 2.90e+00, -4.55e-01, -1.15e+00, 1.32e+01]
34200 [1.81e+00, 4.03e-02, 2.68e-01, -9.15e-01, -2.59e+00, 9.02e-01, 9.83e-01, 2.90e+00, -4.61e-01, -1.15e+00, 1.32e+01]
34300 [1.83e+00, 3.96e-02, 2.67e-01, -9.23e-01, -2.61e+00, 9.14e-01, 9.83e-01, 2.90e+00, -4.68e-01, -1.17e+00, 1.32e+01]
34400 [1.82e+00, 3.94e-02, 2.68e-01, -9.16e-01, -2.61e+00, 9.17e-01, 9.83e-01, 2.90e+00, -4.67e-01, -1.11e+00, 1.32e+01]
34500 [1.82e+00, 3.95e-02, 2.67e-01, -9.22e-01, -2.63e+00, 9.17e-01, 9.83e-01, 2.89e+00, -4.67e-01, -1.13e+00, 1.32e+01]
34600 [1.83e+00, 3.98e-02, 2.67e-01, -9.29e-01, -2.65e+00, 9.12e-01, 9.83e-01, 2.89e+00, -4.69e-01, -1.15e+00, 1.32e+01]
34700 [1.84e+00, 3.95e-02, 2.66e-01, -9.31e-01, -2.66e+00, 9.16e-01, 9.83e-01, 2.89e+00, -4.74e-01, -1.17e+00, 1.32e+01]
34800 [1.84e+00, 4.03e-02, 2.64e-01, -9.30e-01, -2.67e+00, 9.02e-01, 9.83e-01, 2.89e+00, -4.64e-01, -1.18e+00, 1.32e+01]
34900 [1.84e+00, 3.98e-02, 2.64e-01, -9.27e-01, -2.67e+00, 9.15e-01, 9.83e-01, 2.88e+00, -4.70e-01, -1.19e+00, 1.32e+01]
35000 [1.74e+00, 4.07e-02, 2.68e-01, -8.74e-01, -2.52e+00, 8.53e-01, 9.83e-01, 2.88e+00, -4.33e-01, -9.96e-01, 1.32e+01]
35100 [1.75e+00, 4.05e-02, 2.66e-01, -8.73e-01, -2.52e+00, 8.67e-01, 9.83e-01, 2.87e+00, -4.43e-01, -9.89e-01, 1.32e+01]
35200 [1.77e+00, 4.04e-02, 2.65e-01, -8.77e-01, -2.52e+00, 8.88e-01, 9.83e-01, 2.86e+00, -4.51e-01, -9.93e-01, 1.32e+01]
35300 [1.78e+00, 4.01e-02, 2.64e-01, -8.85e-01, -2.53e+00, 9.03e-01, 9.83e-01, 2.86e+00, -4.56e-01, -9.98e-01, 1.32e+01]
35400 [1.80e+00, 3.97e-02, 2.64e-01, -8.96e-01, -2.53e+00, 9.13e-01, 9.83e-01, 2.85e+00, -4.58e-01, -1.00e+00, 1.31e+01]
35500 [1.81e+00, 3.94e-02, 2.64e-01, -9.08e-01, -2.54e+00, 9.18e-01, 9.83e-01, 2.85e+00, -4.59e-01, -1.01e+00, 1.31e+01]
35600 [1.83e+00, 3.93e-02, 2.64e-01, -9.20e-01, -2.55e+00, 9.21e-01, 9.83e-01, 2.85e+00, -4.61e-01, -1.01e+00, 1.31e+01]
35700 [1.81e+00, 4.13e-02, 2.62e-01, -9.12e-01, -2.55e+00, 8.48e-01, 9.83e-01, 2.84e+00, -4.67e-01, -1.01e+00, 1.31e+01]
35800 [1.83e+00, 4.10e-02, 2.58e-01, -9.11e-01, -2.56e+00, 8.69e-01, 9.83e-01, 2.83e+00, -4.83e-01, -1.02e+00, 1.31e+01]
35900 [1.85e+00, 4.09e-02, 2.56e-01, -9.16e-01, -2.57e+00, 8.86e-01, 9.83e-01, 2.83e+00, -4.93e-01, -1.02e+00, 1.31e+01]
36000 [1.83e+00, 3.98e-02, 2.55e-01, -9.14e-01, -2.57e+00, 8.99e-01, 9.83e-01, 2.82e+00, -4.98e-01, -1.03e+00, 1.31e+01]
36100 [1.82e+00, 4.01e-02, 2.57e-01, -9.11e-01, -2.58e+00, 9.08e-01, 9.83e-01, 2.82e+00, -5.04e-01, -1.03e+00, 1.31e+01]
36200 [1.84e+00, 3.99e-02, 2.57e-01, -9.25e-01, -2.59e+00, 9.14e-01, 9.83e-01, 2.81e+00, -5.08e-01, -1.04e+00, 1.31e+01]
36300 [1.86e+00, 3.97e-02, 2.57e-01, -9.40e-01, -2.60e+00, 9.17e-01, 9.83e-01, 2.81e+00, -5.11e-01, -1.05e+00, 1.31e+01]
36400 [1.88e+00, 3.96e-02, 2.57e-01, -9.55e-01, -2.61e+00, 9.19e-01, 9.83e-01, 2.81e+00, -5.15e-01, -1.06e+00, 1.31e+01]
36500 [1.83e+00, 3.98e-02, 2.59e-01, -9.25e-01, -2.58e+00, 8.97e-01, 9.83e-01, 2.80e+00, -5.27e-01, -1.03e+00, 1.31e+01]
36600 [1.85e+00, 3.98e-02, 2.59e-01, -9.37e-01, -2.59e+00, 9.09e-01, 9.83e-01, 2.80e+00, -5.35e-01, -1.04e+00, 1.30e+01]
36700 [1.87e+00, 3.96e-02, 2.58e-01, -9.53e-01, -2.60e+00, 9.16e-01, 9.83e-01, 2.79e+00, -5.41e-01, -1.05e+00, 1.30e+01]
36800 [1.85e+00, 4.11e-02, 2.58e-01, -9.42e-01, -2.60e+00, 8.96e-01, 9.83e-01, 2.79e+00, -5.17e-01, -1.05e+00, 1.30e+01]
36900 [1.87e+00, 4.01e-02, 2.57e-01, -9.50e-01, -2.62e+00, 9.07e-01, 9.83e-01, 2.78e+00, -5.29e-01, -1.06e+00, 1.30e+01]
37000 [1.89e+00, 3.99e-02, 2.56e-01, -9.65e-01, -2.63e+00, 9.14e-01, 9.83e-01, 2.78e+00, -5.37e-01, -1.07e+00, 1.30e+01]
37100 [1.86e+00, 4.10e-02, 2.56e-01, -9.58e-01, -2.63e+00, 8.76e-01, 9.83e-01, 2.77e+00, -5.29e-01, -1.06e+00, 1.30e+01]
37200 [1.88e+00, 4.08e-02, 2.54e-01, -9.58e-01, -2.64e+00, 8.91e-01, 9.83e-01, 2.76e+00, -5.45e-01, -1.07e+00, 1.30e+01]
37300 [1.90e+00, 4.05e-02, 2.52e-01, -9.70e-01, -2.66e+00, 9.06e-01, 9.83e-01, 2.75e+00, -5.57e-01, -1.08e+00, 1.30e+01]
37400 [1.85e+00, 4.12e-02, 2.53e-01, -9.30e-01, -2.64e+00, 8.97e-01, 9.83e-01, 2.74e+00, -5.38e-01, -1.03e+00, 1.30e+01]
37500 [1.86e+00, 4.01e-02, 2.54e-01, -9.38e-01, -2.64e+00, 9.08e-01, 9.83e-01, 2.73e+00, -5.50e-01, -1.01e+00, 1.30e+01]
37600 [1.88e+00, 3.98e-02, 2.53e-01, -9.56e-01, -2.66e+00, 9.15e-01, 9.83e-01, 2.73e+00, -5.56e-01, -1.02e+00, 1.30e+01]
37700 [1.90e+00, 3.97e-02, 2.53e-01, -9.75e-01, -2.67e+00, 9.18e-01, 9.83e-01, 2.73e+00, -5.63e-01, -1.03e+00, 1.30e+01]
37800 [1.92e+00, 3.97e-02, 2.52e-01, -9.91e-01, -2.69e+00, 9.18e-01, 9.83e-01, 2.73e+00, -5.72e-01, -1.04e+00, 1.30e+01]
37900 [1.87e+00, 3.97e-02, 2.55e-01, -9.55e-01, -2.66e+00, 9.12e-01, 9.83e-01, 2.71e+00, -5.82e-01, -9.59e-01, 1.30e+01]
38000 [1.88e+00, 3.95e-02, 2.55e-01, -9.71e-01, -2.68e+00, 9.17e-01, 9.83e-01, 2.71e+00, -5.91e-01, -9.68e-01, 1.29e+01]
38100 [1.90e+00, 4.02e-02, 2.53e-01, -9.78e-01, -2.69e+00, 9.03e-01, 9.83e-01, 2.70e+00, -5.85e-01, -9.77e-01, 1.29e+01]
38200 [1.92e+00, 3.99e-02, 2.52e-01, -9.91e-01, -2.71e+00, 9.13e-01, 9.83e-01, 2.70e+00, -5.99e-01, -9.87e-01, 1.29e+01]
38300 [1.90e+00, 4.07e-02, 2.52e-01, -9.59e-01, -2.71e+00, 8.90e-01, 9.83e-01, 2.68e+00, -5.57e-01, -9.93e-01, 1.29e+01]
38400 [1.92e+00, 4.04e-02, 2.50e-01, -9.70e-01, -2.73e+00, 9.07e-01, 9.83e-01, 2.68e+00, -5.73e-01, -1.00e+00, 1.29e+01]
38500 [1.93e+00, 4.01e-02, 2.49e-01, -9.86e-01, -2.75e+00, 8.99e-01, 9.83e-01, 2.67e+00, -5.81e-01, -1.01e+00, 1.29e+01]
38600 [1.93e+00, 4.08e-02, 2.48e-01, -9.73e-01, -2.73e+00, 8.95e-01, 9.83e-01, 2.66e+00, -5.73e-01, -1.02e+00, 1.29e+01]
38700 [1.95e+00, 4.04e-02, 2.46e-01, -9.87e-01, -2.75e+00, 9.08e-01, 9.83e-01, 2.65e+00, -5.89e-01, -1.03e+00, 1.29e+01]
38800 [1.92e+00, 4.03e-02, 2.47e-01, -9.68e-01, -2.76e+00, 9.06e-01, 9.83e-01, 2.64e+00, -5.85e-01, -1.02e+00, 1.29e+01]
38900 [1.94e+00, 4.01e-02, 2.47e-01, -9.86e-01, -2.79e+00, 9.13e-01, 9.83e-01, 2.63e+00, -5.98e-01, -1.04e+00, 1.29e+01]
39000 [1.93e+00, 4.12e-02, 2.46e-01, -9.83e-01, -2.75e+00, 8.81e-01, 9.83e-01, 2.63e+00, -5.92e-01, -1.02e+00, 1.29e+01]
39100 [1.95e+00, 4.08e-02, 2.44e-01, -9.89e-01, -2.76e+00, 8.98e-01, 9.83e-01, 2.61e+00, -6.11e-01, -1.03e+00, 1.29e+01]
39200 [1.93e+00, 4.13e-02, 2.44e-01, -9.76e-01, -2.78e+00, 9.01e-01, 9.83e-01, 2.60e+00, -6.08e-01, -1.04e+00, 1.28e+01]
39300 [1.92e+00, 4.02e-02, 2.45e-01, -9.70e-01, -2.79e+00, 9.06e-01, 9.83e-01, 2.58e+00, -6.12e-01, -1.00e+00, 1.28e+01]
39400 [1.94e+00, 4.02e-02, 2.44e-01, -9.91e-01, -2.81e+00, 9.13e-01, 9.83e-01, 2.58e+00, -6.22e-01, -1.02e+00, 1.28e+01]
39500 [1.96e+00, 4.01e-02, 2.44e-01, -1.01e+00, -2.83e+00, 9.15e-01, 9.83e-01, 2.57e+00, -6.33e-01, -1.03e+00, 1.28e+01]
39600 [1.96e+00, 4.13e-02, 2.42e-01, -9.95e-01, -2.83e+00, 8.82e-01, 9.83e-01, 2.56e+00, -5.95e-01, -1.04e+00, 1.28e+01]
39700 [1.98e+00, 4.08e-02, 2.40e-01, -1.00e+00, -2.85e+00, 9.01e-01, 9.83e-01, 2.54e+00, -6.16e-01, -1.06e+00, 1.28e+01]
39800 [1.95e+00, 4.06e-02, 2.41e-01, -9.81e-01, -2.85e+00, 9.06e-01, 9.83e-01, 2.53e+00, -6.19e-01, -1.06e+00, 1.28e+01]
39900 [1.98e+00, 4.05e-02, 2.40e-01, -1.00e+00, -2.87e+00, 9.11e-01, 9.83e-01, 2.52e+00, -6.29e-01, -1.08e+00, 1.28e+01]
40000 [1.86e+00, 4.18e-02, 2.44e-01, -9.28e-01, -2.76e+00, 8.26e-01, 9.82e-01, 2.48e+00, -5.88e-01, -9.52e-01, 1.27e+01]
40000 [1.86e+00, 4.18e-02, 2.44e-01, -9.28e-01, -2.76e+00, 8.26e-01, 9.82e-01, 2.48e+00, -5.88e-01, -9.52e-01, 1.27e+01]
40100 [1.84e+00, 4.16e-02, 2.49e-01, -9.17e-01, -2.74e+00, 8.08e-01, 9.82e-01, 2.49e+00, -5.74e-01, -9.28e-01, 1.27e+01]
40200 [1.84e+00, 4.13e-02, 2.47e-01, -9.17e-01, -2.75e+00, 8.10e-01, 9.82e-01, 2.49e+00, -5.76e-01, -9.29e-01, 1.27e+01]
40300 [1.85e+00, 4.14e-02, 2.45e-01, -9.17e-01, -2.75e+00, 8.13e-01, 9.82e-01, 2.48e+00, -5.77e-01, -9.31e-01, 1.27e+01]
40400 [1.85e+00, 4.15e-02, 2.43e-01, -9.17e-01, -2.75e+00, 8.17e-01, 9.82e-01, 2.48e+00, -5.79e-01, -9.33e-01, 1.27e+01]
40500 [1.85e+00, 4.17e-02, 2.41e-01, -9.17e-01, -2.75e+00, 8.21e-01, 9.82e-01, 2.48e+00, -5.81e-01, -9.35e-01, 1.27e+01]
40600 [1.85e+00, 4.18e-02, 2.39e-01, -9.17e-01, -2.76e+00, 8.26e-01, 9.82e-01, 2.48e+00, -5.83e-01, -9.38e-01, 1.27e+01]
40700 [1.86e+00, 4.20e-02, 2.37e-01, -9.18e-01, -2.76e+00, 8.31e-01, 9.82e-01, 2.48e+00, -5.85e-01, -9.41e-01, 1.27e+01]
40800 [1.86e+00, 4.21e-02, 2.35e-01, -9.18e-01, -2.77e+00, 8.36e-01, 9.82e-01, 2.48e+00, -5.87e-01, -9.44e-01, 1.27e+01]
40900 [1.87e+00, 4.22e-02, 2.33e-01, -9.19e-01, -2.77e+00, 8.42e-01, 9.82e-01, 2.48e+00, -5.89e-01, -9.48e-01, 1.27e+01]
41000 [1.87e+00, 4.23e-02, 2.32e-01, -9.20e-01, -2.78e+00, 8.47e-01, 9.82e-01, 2.47e+00, -5.92e-01, -9.52e-01, 1.27e+01]
41100 [1.88e+00, 4.24e-02, 2.31e-01, -9.21e-01, -2.78e+00, 8.53e-01, 9.82e-01, 2.47e+00, -5.94e-01, -9.57e-01, 1.27e+01]
41200 [1.88e+00, 4.24e-02, 2.31e-01, -9.22e-01, -2.79e+00, 8.59e-01, 9.82e-01, 2.47e+00, -5.96e-01, -9.62e-01, 1.27e+01]
41300 [1.89e+00, 4.25e-02, 2.31e-01, -9.24e-01, -2.79e+00, 8.65e-01, 9.82e-01, 2.47e+00, -5.98e-01, -9.67e-01, 1.27e+01]
41400 [1.89e+00, 4.25e-02, 2.31e-01, -9.26e-01, -2.80e+00, 8.70e-01, 9.82e-01, 2.47e+00, -6.01e-01, -9.72e-01, 1.27e+01]
41500 [1.90e+00, 4.24e-02, 2.31e-01, -9.29e-01, -2.81e+00, 8.76e-01, 9.82e-01, 2.47e+00, -6.03e-01, -9.78e-01, 1.27e+01]
41600 [1.88e+00, 4.17e-02, 2.35e-01, -9.17e-01, -2.80e+00, 8.80e-01, 9.82e-01, 2.47e+00, -6.07e-01, -9.69e-01, 1.27e+01]
41700 [1.88e+00, 4.17e-02, 2.35e-01, -9.22e-01, -2.81e+00, 8.86e-01, 9.82e-01, 2.47e+00, -6.09e-01, -9.76e-01, 1.27e+01]
41800 [1.89e+00, 4.16e-02, 2.36e-01, -9.28e-01, -2.82e+00, 8.91e-01, 9.82e-01, 2.47e+00, -6.11e-01, -9.83e-01, 1.27e+01]
41900 [1.90e+00, 4.16e-02, 2.37e-01, -9.35e-01, -2.83e+00, 8.96e-01, 9.82e-01, 2.46e+00, -6.12e-01, -9.90e-01, 1.27e+01]
42000 [1.91e+00, 4.27e-02, 2.37e-01, -9.41e-01, -2.83e+00, 8.77e-01, 9.82e-01, 2.46e+00, -6.01e-01, -9.95e-01, 1.27e+01]
42100 [1.91e+00, 4.23e-02, 2.37e-01, -9.42e-01, -2.84e+00, 8.83e-01, 9.82e-01, 2.46e+00, -6.03e-01, -1.00e+00, 1.27e+01]
42200 [1.91e+00, 4.19e-02, 2.37e-01, -9.46e-01, -2.85e+00, 8.90e-01, 9.82e-01, 2.46e+00, -6.06e-01, -1.01e+00, 1.27e+01]
42300 [1.91e+00, 4.26e-02, 2.38e-01, -9.45e-01, -2.86e+00, 8.95e-01, 9.82e-01, 2.46e+00, -6.07e-01, -1.01e+00, 1.27e+01]
42400 [1.91e+00, 4.17e-02, 2.38e-01, -9.51e-01, -2.87e+00, 8.99e-01, 9.82e-01, 2.46e+00, -6.08e-01, -1.02e+00, 1.27e+01]
42500 [1.92e+00, 4.16e-02, 2.38e-01, -9.60e-01, -2.88e+00, 9.03e-01, 9.82e-01, 2.45e+00, -6.10e-01, -1.03e+00, 1.27e+01]
42600 [1.92e+00, 4.21e-02, 2.39e-01, -9.57e-01, -2.87e+00, 8.89e-01, 9.82e-01, 2.45e+00, -5.95e-01, -1.03e+00, 1.27e+01]
42700 [1.93e+00, 4.19e-02, 2.38e-01, -9.65e-01, -2.88e+00, 8.96e-01, 9.82e-01, 2.45e+00, -5.98e-01, -1.04e+00, 1.27e+01]
42800 [1.92e+00, 4.18e-02, 2.39e-01, -9.59e-01, -2.89e+00, 9.00e-01, 9.82e-01, 2.45e+00, -5.99e-01, -1.05e+00, 1.27e+01]
42900 [1.93e+00, 4.15e-02, 2.39e-01, -9.68e-01, -2.90e+00, 9.04e-01, 9.82e-01, 2.44e+00, -6.02e-01, -1.06e+00, 1.27e+01]
43000 [1.95e+00, 4.14e-02, 2.39e-01, -9.77e-01, -2.91e+00, 9.03e-01, 9.82e-01, 2.44e+00, -5.99e-01, -1.07e+00, 1.27e+01]
43100 [1.94e+00, 4.23e-02, 2.39e-01, -9.71e-01, -2.89e+00, 8.85e-01, 9.82e-01, 2.44e+00, -5.81e-01, -1.06e+00, 1.27e+01]
43200 [1.95e+00, 4.21e-02, 2.38e-01, -9.78e-01, -2.91e+00, 8.95e-01, 9.82e-01, 2.43e+00, -5.86e-01, -1.08e+00, 1.27e+01]
43300 [1.93e+00, 4.15e-02, 2.39e-01, -9.67e-01, -2.92e+00, 8.97e-01, 9.82e-01, 2.43e+00, -5.87e-01, -1.07e+00, 1.27e+01]
43400 [1.95e+00, 4.15e-02, 2.39e-01, -9.77e-01, -2.94e+00, 9.04e-01, 9.82e-01, 2.43e+00, -5.91e-01, -1.08e+00, 1.27e+01]
43500 [1.95e+00, 4.21e-02, 2.39e-01, -9.71e-01, -2.95e+00, 9.03e-01, 9.82e-01, 2.42e+00, -5.86e-01, -1.09e+00, 1.27e+01]
43600 [1.96e+00, 4.16e-02, 2.38e-01, -9.83e-01, -2.96e+00, 9.06e-01, 9.82e-01, 2.42e+00, -5.89e-01, -1.10e+00, 1.27e+01]
43700 [1.95e+00, 4.26e-02, 2.38e-01, -9.89e-01, -2.94e+00, 8.88e-01, 9.82e-01, 2.42e+00, -5.80e-01, -1.09e+00, 1.27e+01]
43800 [1.97e+00, 4.21e-02, 2.37e-01, -9.94e-01, -2.95e+00, 8.96e-01, 9.82e-01, 2.41e+00, -5.86e-01, -1.11e+00, 1.27e+01]
43900 [1.96e+00, 4.27e-02, 2.37e-01, -9.82e-01, -2.96e+00, 8.99e-01, 9.82e-01, 2.41e+00, -5.85e-01, -1.11e+00, 1.27e+01]
44000 [1.97e+00, 4.18e-02, 2.36e-01, -9.89e-01, -2.98e+00, 9.04e-01, 9.82e-01, 2.40e+00, -5.89e-01, -1.13e+00, 1.27e+01]
44100 [1.99e+00, 4.16e-02, 2.36e-01, -1.00e+00, -3.00e+00, 9.08e-01, 9.82e-01, 2.40e+00, -5.94e-01, -1.15e+00, 1.27e+01]
44200 [1.92e+00, 4.20e-02, 2.37e-01, -9.56e-01, -2.96e+00, 8.77e-01, 9.82e-01, 2.39e+00, -5.90e-01, -1.04e+00, 1.27e+01]
44300 [1.94e+00, 4.19e-02, 2.37e-01, -9.64e-01, -2.98e+00, 8.92e-01, 9.82e-01, 2.38e+00, -5.99e-01, -1.05e+00, 1.27e+01]
44400 [1.96e+00, 4.17e-02, 2.36e-01, -9.78e-01, -3.00e+00, 9.02e-01, 9.82e-01, 2.38e+00, -6.04e-01, -1.06e+00, 1.27e+01]
44500 [1.98e+00, 4.16e-02, 2.36e-01, -9.93e-01, -3.02e+00, 9.07e-01, 9.82e-01, 2.37e+00, -6.10e-01, -1.07e+00, 1.27e+01]
44600 [2.00e+00, 4.15e-02, 2.35e-01, -1.01e+00, -3.04e+00, 9.10e-01, 9.82e-01, 2.37e+00, -6.15e-01, -1.09e+00, 1.27e+01]
44700 [1.98e+00, 4.27e-02, 2.35e-01, -9.94e-01, -2.97e+00, 8.66e-01, 9.82e-01, 2.36e+00, -5.78e-01, -1.08e+00, 1.26e+01]
44800 [2.00e+00, 4.25e-02, 2.32e-01, -9.98e-01, -2.99e+00, 8.85e-01, 9.82e-01, 2.35e+00, -5.90e-01, -1.09e+00, 1.26e+01]
44900 [1.98e+00, 4.28e-02, 2.32e-01, -9.84e-01, -3.01e+00, 8.95e-01, 9.82e-01, 2.34e+00, -5.95e-01, -1.10e+00, 1.26e+01]
45000 [2.00e+00, 4.20e-02, 2.31e-01, -9.97e-01, -3.04e+00, 9.03e-01, 9.82e-01, 2.34e+00, -6.02e-01, -1.11e+00, 1.26e+01]
45100 [2.02e+00, 4.19e-02, 2.31e-01, -1.01e+00, -3.06e+00, 9.07e-01, 9.82e-01, 2.33e+00, -6.09e-01, -1.13e+00, 1.26e+01]
45200 [1.98e+00, 4.12e-02, 2.32e-01, -9.81e-01, -3.04e+00, 8.91e-01, 9.82e-01, 2.32e+00, -6.02e-01, -1.01e+00, 1.26e+01]
45300 [1.99e+00, 4.18e-02, 2.32e-01, -9.87e-01, -3.06e+00, 9.00e-01, 9.82e-01, 2.31e+00, -6.13e-01, -1.01e+00, 1.26e+01]
45400 [2.01e+00, 4.17e-02, 2.31e-01, -1.00e+00, -3.09e+00, 9.06e-01, 9.82e-01, 2.31e+00, -6.22e-01, -1.02e+00, 1.26e+01]
45500 [2.03e+00, 4.16e-02, 2.31e-01, -1.01e+00, -3.11e+00, 9.08e-01, 9.82e-01, 2.31e+00, -6.31e-01, -1.03e+00, 1.26e+01]
45600 [2.00e+00, 4.26e-02, 2.31e-01, -9.65e-01, -3.08e+00, 8.78e-01, 9.82e-01, 2.29e+00, -5.75e-01, -1.03e+00, 1.26e+01]
45700 [2.02e+00, 4.23e-02, 2.29e-01, -9.76e-01, -3.11e+00, 8.94e-01, 9.82e-01, 2.28e+00, -5.86e-01, -1.04e+00, 1.26e+01]
45800 [2.04e+00, 4.21e-02, 2.28e-01, -9.91e-01, -3.13e+00, 9.03e-01, 9.82e-01, 2.28e+00, -5.94e-01, -1.05e+00, 1.26e+01]
45900 [1.97e+00, 4.29e-02, 2.29e-01, -9.87e-01, -3.07e+00, 8.65e-01, 9.82e-01, 2.28e+00, -6.07e-01, -9.54e-01, 1.26e+01]
46000 [1.97e+00, 4.30e-02, 2.28e-01, -9.75e-01, -3.00e+00, 8.46e-01, 9.82e-01, 2.26e+00, -6.27e-01, -9.28e-01, 1.26e+01]
46100 [1.98e+00, 4.28e-02, 2.26e-01, -9.79e-01, -3.02e+00, 8.72e-01, 9.82e-01, 2.25e+00, -6.41e-01, -9.36e-01, 1.26e+01]
46200 [2.00e+00, 4.25e-02, 2.25e-01, -9.88e-01, -3.04e+00, 8.89e-01, 9.82e-01, 2.24e+00, -6.51e-01, -9.45e-01, 1.26e+01]
46300 [2.02e+00, 4.22e-02, 2.24e-01, -9.99e-01, -3.07e+00, 8.99e-01, 9.82e-01, 2.24e+00, -6.59e-01, -9.54e-01, 1.26e+01]
46400 [2.02e+00, 4.22e-02, 2.25e-01, -1.01e+00, -3.08e+00, 8.91e-01, 9.82e-01, 2.24e+00, -6.64e-01, -9.59e-01, 1.26e+01]
46500 [2.03e+00, 4.31e-02, 2.23e-01, -9.97e-01, -3.07e+00, 8.64e-01, 9.82e-01, 2.22e+00, -6.33e-01, -9.60e-01, 1.26e+01]
46600 [2.05e+00, 4.30e-02, 2.21e-01, -1.00e+00, -3.10e+00, 8.83e-01, 9.82e-01, 2.21e+00, -6.46e-01, -9.71e-01, 1.26e+01]
46700 [2.07e+00, 4.27e-02, 2.20e-01, -1.01e+00, -3.12e+00, 8.94e-01, 9.82e-01, 2.21e+00, -6.57e-01, -9.82e-01, 1.26e+01]
46800 [2.02e+00, 4.26e-02, 2.21e-01, -9.93e-01, -3.14e+00, 8.94e-01, 9.82e-01, 2.20e+00, -6.55e-01, -9.85e-01, 1.26e+01]
46900 [2.04e+00, 4.23e-02, 2.21e-01, -1.01e+00, -3.17e+00, 9.01e-01, 9.82e-01, 2.19e+00, -6.64e-01, -9.97e-01, 1.26e+01]
47000 [2.06e+00, 4.22e-02, 2.21e-01, -1.02e+00, -3.20e+00, 9.04e-01, 9.82e-01, 2.19e+00, -6.74e-01, -1.01e+00, 1.26e+01]
47100 [2.08e+00, 4.22e-02, 2.21e-01, -1.04e+00, -3.22e+00, 9.05e-01, 9.82e-01, 2.18e+00, -6.84e-01, -1.02e+00, 1.26e+01]
47200 [1.96e+00, 4.12e-02, 2.24e-01, -9.56e-01, -3.05e+00, 8.37e-01, 9.82e-01, 2.17e+00, -7.22e-01, -8.99e-01, 1.26e+01]
47300 [1.98e+00, 4.25e-02, 2.23e-01, -9.61e-01, -3.05e+00, 8.60e-01, 9.82e-01, 2.16e+00, -7.30e-01, -9.03e-01, 1.25e+01]
47400 [1.99e+00, 4.25e-02, 2.22e-01, -9.71e-01, -3.06e+00, 8.79e-01, 9.82e-01, 2.15e+00, -7.35e-01, -9.08e-01, 1.25e+01]
47500 [2.01e+00, 4.23e-02, 2.22e-01, -9.83e-01, -3.07e+00, 8.92e-01, 9.82e-01, 2.15e+00, -7.38e-01, -9.14e-01, 1.25e+01]
47600 [2.02e+00, 4.21e-02, 2.22e-01, -9.95e-01, -3.08e+00, 8.99e-01, 9.82e-01, 2.14e+00, -7.41e-01, -9.21e-01, 1.25e+01]
47700 [2.04e+00, 4.19e-02, 2.22e-01, -1.01e+00, -3.09e+00, 9.03e-01, 9.82e-01, 2.14e+00, -7.44e-01, -9.28e-01, 1.25e+01]
47800 [2.05e+00, 4.19e-02, 2.22e-01, -1.02e+00, -3.10e+00, 9.04e-01, 9.82e-01, 2.14e+00, -7.48e-01, -9.35e-01, 1.25e+01]
47900 [2.07e+00, 4.35e-02, 2.22e-01, -1.03e+00, -3.10e+00, 8.43e-01, 9.82e-01, 2.14e+00, -7.20e-01, -9.40e-01, 1.25e+01]
48000 [2.07e+00, 4.33e-02, 2.18e-01, -1.03e+00, -3.11e+00, 8.57e-01, 9.82e-01, 2.13e+00, -7.30e-01, -9.46e-01, 1.25e+01]
48100 [2.08e+00, 4.30e-02, 2.16e-01, -1.03e+00, -3.12e+00, 8.76e-01, 9.82e-01, 2.12e+00, -7.44e-01, -9.54e-01, 1.25e+01]
48200 [2.07e+00, 4.35e-02, 2.16e-01, -1.03e+00, -3.13e+00, 8.88e-01, 9.82e-01, 2.12e+00, -7.53e-01, -9.59e-01, 1.24e+01]
48300 [2.08e+00, 4.26e-02, 2.16e-01, -1.04e+00, -3.15e+00, 8.96e-01, 9.82e-01, 2.11e+00, -7.63e-01, -9.68e-01, 1.24e+01]
48400 [2.10e+00, 4.25e-02, 2.15e-01, -1.05e+00, -3.16e+00, 9.00e-01, 9.82e-01, 2.11e+00, -7.71e-01, -9.77e-01, 1.24e+01]
48500 [2.07e+00, 4.26e-02, 2.17e-01, -1.05e+00, -3.17e+00, 8.98e-01, 9.82e-01, 2.10e+00, -7.77e-01, -9.80e-01, 1.24e+01]
48600 [2.09e+00, 4.24e-02, 2.17e-01, -1.06e+00, -3.19e+00, 9.01e-01, 9.82e-01, 2.10e+00, -7.87e-01, -9.90e-01, 1.24e+01]
48700 [2.11e+00, 4.33e-02, 2.16e-01, -1.07e+00, -3.19e+00, 8.75e-01, 9.82e-01, 2.09e+00, -7.63e-01, -1.00e+00, 1.24e+01]
48800 [2.11e+00, 4.30e-02, 2.15e-01, -1.06e+00, -3.20e+00, 8.89e-01, 9.82e-01, 2.09e+00, -7.77e-01, -1.01e+00, 1.24e+01]
48900 [2.10e+00, 4.33e-02, 2.15e-01, -1.06e+00, -3.21e+00, 8.92e-01, 9.82e-01, 2.08e+00, -7.77e-01, -1.02e+00, 1.24e+01]
49000 [2.12e+00, 4.28e-02, 2.14e-01, -1.07e+00, -3.23e+00, 8.98e-01, 9.82e-01, 2.07e+00, -7.89e-01, -1.03e+00, 1.24e+01]
49100 [2.11e+00, 4.35e-02, 2.14e-01, -1.06e+00, -3.23e+00, 8.77e-01, 9.82e-01, 2.06e+00, -7.58e-01, -1.03e+00, 1.24e+01]
49200 [2.13e+00, 4.32e-02, 2.12e-01, -1.07e+00, -3.24e+00, 8.91e-01, 9.82e-01, 2.06e+00, -7.74e-01, -1.05e+00, 1.24e+01]
49300 [2.09e+00, 4.23e-02, 2.13e-01, -1.04e+00, -3.24e+00, 8.87e-01, 9.82e-01, 2.04e+00, -7.65e-01, -1.03e+00, 1.24e+01]
49400 [2.11e+00, 4.28e-02, 2.13e-01, -1.06e+00, -3.26e+00, 8.97e-01, 9.82e-01, 2.03e+00, -7.77e-01, -1.05e+00, 1.24e+01]
49500 [2.13e+00, 4.27e-02, 2.13e-01, -1.08e+00, -3.27e+00, 8.83e-01, 9.82e-01, 2.03e+00, -7.63e-01, -1.06e+00, 1.24e+01]
49600 [2.14e+00, 4.35e-02, 2.11e-01, -1.07e+00, -3.27e+00, 8.78e-01, 9.82e-01, 2.01e+00, -7.46e-01, -1.07e+00, 1.24e+01]
49700 [2.14e+00, 4.34e-02, 2.10e-01, -1.07e+00, -3.29e+00, 8.91e-01, 9.82e-01, 2.00e+00, -7.62e-01, -1.08e+00, 1.24e+01]
49800 [2.14e+00, 4.30e-02, 2.10e-01, -1.07e+00, -3.31e+00, 8.97e-01, 9.82e-01, 1.99e+00, -7.73e-01, -1.09e+00, 1.24e+01]
49900 [2.17e+00, 4.32e-02, 2.10e-01, -1.09e+00, -3.31e+00, 8.80e-01, 9.82e-01, 1.99e+00, -7.55e-01, -1.10e+00, 1.24e+01]
50000 [2.12e+00, 4.35e-02, 2.10e-01, -1.05e+00, -3.27e+00, 8.75e-01, 9.82e-01, 1.98e+00, -7.41e-01, -1.02e+00, 1.24e+01]
50000 [2.12e+00, 4.35e-02, 2.10e-01, -1.05e+00, -3.27e+00, 8.75e-01, 9.82e-01, 1.98e+00, -7.41e-01, -1.02e+00, 1.24e+01]
50100 [2.11e+00, 4.27e-02, 2.12e-01, -1.04e+00, -3.25e+00, 8.61e-01, 9.88e-01, 1.98e+00, -7.27e-01, -9.99e-01, 1.24e+01]
50200 [2.11e+00, 4.27e-02, 2.11e-01, -1.04e+00, -3.26e+00, 8.63e-01, 9.88e-01, 1.98e+00, -7.28e-01, -1.00e+00, 1.24e+01]
50300 [2.11e+00, 4.29e-02, 2.11e-01, -1.04e+00, -3.26e+00, 8.67e-01, 9.88e-01, 1.97e+00, -7.29e-01, -1.00e+00, 1.24e+01]
50400 [2.11e+00, 4.30e-02, 2.10e-01, -1.04e+00, -3.26e+00, 8.71e-01, 9.88e-01, 1.97e+00, -7.31e-01, -1.00e+00, 1.24e+01]
50500 [2.11e+00, 4.31e-02, 2.09e-01, -1.04e+00, -3.26e+00, 8.75e-01, 9.88e-01, 1.97e+00, -7.32e-01, -1.00e+00, 1.24e+01]
50600 [2.11e+00, 4.31e-02, 2.09e-01, -1.04e+00, -3.27e+00, 8.79e-01, 9.88e-01, 1.97e+00, -7.33e-01, -1.01e+00, 1.24e+01]
50700 [2.12e+00, 4.31e-02, 2.08e-01, -1.04e+00, -3.27e+00, 8.82e-01, 9.88e-01, 1.97e+00, -7.35e-01, -1.01e+00, 1.24e+01]
50800 [2.12e+00, 4.31e-02, 2.08e-01, -1.04e+00, -3.28e+00, 8.86e-01, 9.88e-01, 1.97e+00, -7.37e-01, -1.01e+00, 1.24e+01]
50900 [2.12e+00, 4.31e-02, 2.08e-01, -1.04e+00, -3.28e+00, 8.89e-01, 9.88e-01, 1.97e+00, -7.38e-01, -1.01e+00, 1.24e+01]
51000 [2.13e+00, 4.30e-02, 2.08e-01, -1.04e+00, -3.29e+00, 8.92e-01, 9.88e-01, 1.97e+00, -7.40e-01, -1.01e+00, 1.24e+01]
51100 [2.13e+00, 4.30e-02, 2.08e-01, -1.05e+00, -3.29e+00, 8.94e-01, 9.88e-01, 1.97e+00, -7.42e-01, -1.02e+00, 1.24e+01]
51200 [2.13e+00, 4.29e-02, 2.08e-01, -1.05e+00, -3.30e+00, 8.96e-01, 9.88e-01, 1.97e+00, -7.43e-01, -1.02e+00, 1.24e+01]
51300 [2.14e+00, 4.29e-02, 2.08e-01, -1.05e+00, -3.30e+00, 8.97e-01, 9.88e-01, 1.97e+00, -7.45e-01, -1.02e+00, 1.24e+01]
51400 [2.14e+00, 4.30e-02, 2.08e-01, -1.05e+00, -3.31e+00, 8.98e-01, 9.88e-01, 1.97e+00, -7.47e-01, -1.03e+00, 1.24e+01]
51500 [2.14e+00, 4.46e-02, 2.10e-01, -1.05e+00, -3.30e+00, 8.66e-01, 9.88e-01, 1.97e+00, -7.31e-01, -1.03e+00, 1.24e+01]
51600 [2.14e+00, 4.40e-02, 2.08e-01, -1.05e+00, -3.30e+00, 8.74e-01, 9.88e-01, 1.97e+00, -7.33e-01, -1.03e+00, 1.24e+01]
51700 [2.15e+00, 4.38e-02, 2.07e-01, -1.05e+00, -3.31e+00, 8.81e-01, 9.88e-01, 1.97e+00, -7.37e-01, -1.04e+00, 1.24e+01]
51800 [2.15e+00, 4.37e-02, 2.06e-01, -1.06e+00, -3.32e+00, 8.87e-01, 9.88e-01, 1.97e+00, -7.40e-01, -1.04e+00, 1.24e+01]
51900 [2.14e+00, 4.45e-02, 2.08e-01, -1.06e+00, -3.32e+00, 8.87e-01, 9.88e-01, 1.97e+00, -7.43e-01, -1.04e+00, 1.24e+01]
52000 [2.15e+00, 4.37e-02, 2.07e-01, -1.06e+00, -3.33e+00, 8.91e-01, 9.88e-01, 1.97e+00, -7.47e-01, -1.04e+00, 1.24e+01]
52100 [2.15e+00, 4.36e-02, 2.07e-01, -1.06e+00, -3.34e+00, 8.95e-01, 9.88e-01, 1.97e+00, -7.50e-01, -1.05e+00, 1.24e+01]
52200 [2.16e+00, 4.36e-02, 2.07e-01, -1.07e+00, -3.35e+00, 8.96e-01, 9.88e-01, 1.97e+00, -7.54e-01, -1.06e+00, 1.24e+01]
52300 [2.16e+00, 4.49e-02, 2.07e-01, -1.07e+00, -3.34e+00, 8.67e-01, 9.88e-01, 1.96e+00, -7.35e-01, -1.06e+00, 1.24e+01]
52400 [2.16e+00, 4.43e-02, 2.05e-01, -1.07e+00, -3.35e+00, 8.78e-01, 9.88e-01, 1.96e+00, -7.40e-01, -1.06e+00, 1.24e+01]
52500 [2.17e+00, 4.41e-02, 2.05e-01, -1.07e+00, -3.36e+00, 8.86e-01, 9.88e-01, 1.96e+00, -7.45e-01, -1.07e+00, 1.24e+01]
52600 [2.16e+00, 4.41e-02, 2.05e-01, -1.06e+00, -3.37e+00, 8.91e-01, 9.88e-01, 1.96e+00, -7.49e-01, -1.07e+00, 1.24e+01]
52700 [2.17e+00, 4.39e-02, 2.05e-01, -1.07e+00, -3.39e+00, 8.94e-01, 9.88e-01, 1.96e+00, -7.53e-01, -1.08e+00, 1.24e+01]
52800 [2.16e+00, 4.51e-02, 2.05e-01, -1.07e+00, -3.38e+00, 8.69e-01, 9.88e-01, 1.96e+00, -7.38e-01, -1.08e+00, 1.24e+01]
52900 [2.17e+00, 4.46e-02, 2.04e-01, -1.07e+00, -3.39e+00, 8.79e-01, 9.88e-01, 1.96e+00, -7.44e-01, -1.09e+00, 1.24e+01]
53000 [2.18e+00, 4.44e-02, 2.03e-01, -1.07e+00, -3.40e+00, 8.87e-01, 9.88e-01, 1.95e+00, -7.50e-01, -1.09e+00, 1.24e+01]
53100 [2.16e+00, 4.40e-02, 2.04e-01, -1.06e+00, -3.42e+00, 8.90e-01, 9.88e-01, 1.95e+00, -7.56e-01, -1.09e+00, 1.24e+01]
53200 [2.17e+00, 4.40e-02, 2.04e-01, -1.07e+00, -3.42e+00, 8.92e-01, 9.88e-01, 1.95e+00, -7.58e-01, -1.10e+00, 1.24e+01]
53300 [2.19e+00, 4.43e-02, 2.03e-01, -1.07e+00, -3.43e+00, 8.88e-01, 9.88e-01, 1.95e+00, -7.59e-01, -1.11e+00, 1.24e+01]
53400 [2.18e+00, 4.44e-02, 2.03e-01, -1.07e+00, -3.44e+00, 8.89e-01, 9.88e-01, 1.95e+00, -7.59e-01, -1.12e+00, 1.24e+01]
53500 [2.19e+00, 4.46e-02, 2.02e-01, -1.07e+00, -3.43e+00, 8.77e-01, 9.88e-01, 1.94e+00, -7.49e-01, -1.12e+00, 1.24e+01]
53600 [2.19e+00, 4.45e-02, 2.02e-01, -1.07e+00, -3.45e+00, 8.86e-01, 9.88e-01, 1.94e+00, -7.58e-01, -1.13e+00, 1.24e+01]
53700 [2.19e+00, 4.44e-02, 2.02e-01, -1.07e+00, -3.47e+00, 8.91e-01, 9.88e-01, 1.94e+00, -7.66e-01, -1.14e+00, 1.24e+01]
53800 [2.20e+00, 4.50e-02, 2.01e-01, -1.07e+00, -3.46e+00, 8.83e-01, 9.88e-01, 1.94e+00, -7.59e-01, -1.14e+00, 1.24e+01]
53900 [2.20e+00, 4.46e-02, 2.01e-01, -1.07e+00, -3.48e+00, 8.88e-01, 9.88e-01, 1.93e+00, -7.65e-01, -1.15e+00, 1.24e+01]
54000 [2.21e+00, 4.46e-02, 2.01e-01, -1.08e+00, -3.49e+00, 8.82e-01, 9.88e-01, 1.93e+00, -7.66e-01, -1.16e+00, 1.24e+01]
54100 [2.21e+00, 4.47e-02, 2.00e-01, -1.08e+00, -3.50e+00, 8.85e-01, 9.88e-01, 1.93e+00, -7.76e-01, -1.16e+00, 1.24e+01]
54200 [2.19e+00, 4.57e-02, 2.00e-01, -1.07e+00, -3.49e+00, 8.71e-01, 9.88e-01, 1.93e+00, -7.70e-01, -1.16e+00, 1.24e+01]
54300 [2.21e+00, 4.48e-02, 1.99e-01, -1.08e+00, -3.51e+00, 8.83e-01, 9.88e-01, 1.92e+00, -7.80e-01, -1.17e+00, 1.24e+01]
54400 [2.21e+00, 4.45e-02, 1.98e-01, -1.08e+00, -3.53e+00, 8.88e-01, 9.88e-01, 1.92e+00, -7.91e-01, -1.18e+00, 1.24e+01]
54500 [2.19e+00, 4.50e-02, 1.98e-01, -1.07e+00, -3.48e+00, 8.68e-01, 9.88e-01, 1.91e+00, -8.36e-01, -1.17e+00, 1.24e+01]
54600 [2.21e+00, 4.48e-02, 1.97e-01, -1.09e+00, -3.51e+00, 8.82e-01, 9.88e-01, 1.91e+00, -8.45e-01, -1.18e+00, 1.24e+01]
54700 [2.23e+00, 4.47e-02, 1.97e-01, -1.10e+00, -3.53e+00, 8.89e-01, 9.88e-01, 1.90e+00, -8.52e-01, -1.20e+00, 1.24e+01]
54800 [2.20e+00, 4.57e-02, 1.97e-01, -1.08e+00, -3.50e+00, 8.57e-01, 9.88e-01, 1.90e+00, -8.12e-01, -1.15e+00, 1.24e+01]
54900 [2.22e+00, 4.53e-02, 1.95e-01, -1.09e+00, -3.52e+00, 8.74e-01, 9.88e-01, 1.89e+00, -8.24e-01, -1.16e+00, 1.24e+01]
55000 [2.24e+00, 4.51e-02, 1.95e-01, -1.10e+00, -3.55e+00, 8.84e-01, 9.88e-01, 1.89e+00, -8.35e-01, -1.18e+00, 1.24e+01]
55100 [2.14e+00, 4.75e-02, 1.97e-01, -1.07e+00, -3.47e+00, 8.53e-01, 9.88e-01, 1.87e+00, -8.10e-01, -1.08e+00, 1.24e+01]
55200 [2.11e+00, 4.46e-02, 1.98e-01, -1.04e+00, -3.37e+00, 8.38e-01, 9.88e-01, 1.85e+00, -8.43e-01, -1.00e+00, 1.24e+01]
55300 [2.12e+00, 4.48e-02, 1.97e-01, -1.05e+00, -3.38e+00, 8.56e-01, 9.88e-01, 1.84e+00, -8.54e-01, -1.01e+00, 1.24e+01]
55400 [2.13e+00, 4.47e-02, 1.97e-01, -1.05e+00, -3.39e+00, 8.70e-01, 9.88e-01, 1.83e+00, -8.64e-01, -1.01e+00, 1.24e+01]
55500 [2.14e+00, 4.46e-02, 1.98e-01, -1.06e+00, -3.40e+00, 8.80e-01, 9.88e-01, 1.83e+00, -8.72e-01, -1.02e+00, 1.24e+01]
55600 [2.16e+00, 4.44e-02, 1.98e-01, -1.07e+00, -3.40e+00, 8.87e-01, 9.88e-01, 1.83e+00, -8.80e-01, -1.02e+00, 1.24e+01]
55700 [2.17e+00, 4.43e-02, 1.98e-01, -1.09e+00, -3.41e+00, 8.91e-01, 9.88e-01, 1.82e+00, -8.87e-01, -1.03e+00, 1.24e+01]
55800 [2.18e+00, 4.54e-02, 1.98e-01, -1.09e+00, -3.42e+00, 8.37e-01, 9.88e-01, 1.82e+00, -8.74e-01, -1.04e+00, 1.24e+01]
55900 [2.20e+00, 4.54e-02, 1.96e-01, -1.10e+00, -3.43e+00, 8.55e-01, 9.88e-01, 1.81e+00, -8.90e-01, -1.04e+00, 1.24e+01]
56000 [2.21e+00, 4.53e-02, 1.95e-01, -1.10e+00, -3.44e+00, 8.70e-01, 9.88e-01, 1.81e+00, -9.04e-01, -1.05e+00, 1.24e+01]
56100 [2.22e+00, 4.51e-02, 1.94e-01, -1.11e+00, -3.45e+00, 8.80e-01, 9.88e-01, 1.80e+00, -9.17e-01, -1.06e+00, 1.24e+01]
56200 [2.19e+00, 4.49e-02, 1.95e-01, -1.09e+00, -3.46e+00, 8.84e-01, 9.88e-01, 1.80e+00, -9.18e-01, -1.06e+00, 1.24e+01]
56300 [2.20e+00, 4.46e-02, 1.96e-01, -1.11e+00, -3.48e+00, 8.88e-01, 9.88e-01, 1.79e+00, -9.28e-01, -1.07e+00, 1.24e+01]
56400 [2.22e+00, 4.46e-02, 1.96e-01, -1.12e+00, -3.49e+00, 8.91e-01, 9.88e-01, 1.79e+00, -9.39e-01, -1.08e+00, 1.24e+01]
56500 [2.23e+00, 4.55e-02, 1.95e-01, -1.13e+00, -3.49e+00, 8.59e-01, 9.88e-01, 1.78e+00, -9.13e-01, -1.08e+00, 1.24e+01]
56600 [2.23e+00, 4.53e-02, 1.94e-01, -1.12e+00, -3.51e+00, 8.74e-01, 9.88e-01, 1.78e+00, -9.34e-01, -1.09e+00, 1.24e+01]
56700 [2.25e+00, 4.51e-02, 1.93e-01, -1.13e+00, -3.52e+00, 8.83e-01, 9.88e-01, 1.77e+00, -9.49e-01, -1.10e+00, 1.24e+01]
56800 [2.23e+00, 4.51e-02, 1.94e-01, -1.13e+00, -3.54e+00, 8.88e-01, 9.88e-01, 1.76e+00, -9.67e-01, -1.10e+00, 1.24e+01]
56900 [2.25e+00, 4.56e-02, 1.93e-01, -1.14e+00, -3.53e+00, 8.66e-01, 9.88e-01, 1.76e+00, -9.33e-01, -1.11e+00, 1.24e+01]
57000 [2.23e+00, 4.56e-02, 1.93e-01, -1.13e+00, -3.55e+00, 8.78e-01, 9.88e-01, 1.75e+00, -9.49e-01, -1.12e+00, 1.24e+01]
57100 [2.24e+00, 4.54e-02, 1.93e-01, -1.14e+00, -3.55e+00, 8.84e-01, 9.88e-01, 1.74e+00, -9.72e-01, -1.13e+00, 1.24e+01]
57200 [2.26e+00, 4.56e-02, 1.92e-01, -1.16e+00, -3.56e+00, 8.66e-01, 9.88e-01, 1.74e+00, -9.69e-01, -1.14e+00, 1.25e+01]
57300 [2.27e+00, 4.57e-02, 1.91e-01, -1.15e+00, -3.56e+00, 8.74e-01, 9.88e-01, 1.73e+00, -9.88e-01, -1.15e+00, 1.25e+01]
57400 [2.25e+00, 4.55e-02, 1.91e-01, -1.14e+00, -3.58e+00, 8.82e-01, 9.88e-01, 1.72e+00, -1.01e+00, -1.15e+00, 1.25e+01]
57500 [2.27e+00, 4.58e-02, 1.90e-01, -1.16e+00, -3.58e+00, 8.69e-01, 9.88e-01, 1.71e+00, -9.76e-01, -1.16e+00, 1.25e+01]
57600 [2.27e+00, 4.60e-02, 1.90e-01, -1.15e+00, -3.58e+00, 8.77e-01, 9.88e-01, 1.71e+00, -9.97e-01, -1.17e+00, 1.25e+01]
57700 [2.29e+00, 4.56e-02, 1.89e-01, -1.17e+00, -3.60e+00, 8.84e-01, 9.88e-01, 1.70e+00, -1.02e+00, -1.18e+00, 1.25e+01]
57800 [2.28e+00, 4.61e-02, 1.89e-01, -1.16e+00, -3.56e+00, 8.66e-01, 9.88e-01, 1.68e+00, -1.01e+00, -1.18e+00, 1.25e+01]
57900 [2.29e+00, 4.54e-02, 1.88e-01, -1.17e+00, -3.58e+00, 8.78e-01, 9.88e-01, 1.67e+00, -1.02e+00, -1.19e+00, 1.25e+01]
58000 [2.29e+00, 4.56e-02, 1.88e-01, -1.18e+00, -3.60e+00, 8.84e-01, 9.88e-01, 1.66e+00, -1.04e+00, -1.20e+00, 1.25e+01]
58100 [2.29e+00, 4.61e-02, 1.87e-01, -1.17e+00, -3.60e+00, 8.60e-01, 9.88e-01, 1.65e+00, -1.03e+00, -1.20e+00, 1.25e+01]
58200 [2.29e+00, 4.64e-02, 1.85e-01, -1.17e+00, -3.62e+00, 8.74e-01, 9.88e-01, 1.64e+00, -1.05e+00, -1.21e+00, 1.25e+01]
58300 [2.23e+00, 4.63e-02, 1.87e-01, -1.13e+00, -3.50e+00, 8.45e-01, 9.88e-01, 1.62e+00, -1.09e+00, -1.05e+00, 1.25e+01]
58400 [2.25e+00, 4.63e-02, 1.86e-01, -1.15e+00, -3.51e+00, 8.63e-01, 9.88e-01, 1.61e+00, -1.09e+00, -1.05e+00, 1.24e+01]
58500 [2.27e+00, 4.60e-02, 1.85e-01, -1.16e+00, -3.53e+00, 8.75e-01, 9.88e-01, 1.61e+00, -1.10e+00, -1.06e+00, 1.24e+01]
58600 [2.29e+00, 4.59e-02, 1.85e-01, -1.18e+00, -3.55e+00, 8.81e-01, 9.88e-01, 1.60e+00, -1.11e+00, -1.06e+00, 1.24e+01]
58700 [2.31e+00, 4.66e-02, 1.84e-01, -1.19e+00, -3.55e+00, 8.33e-01, 9.88e-01, 1.60e+00, -1.07e+00, -1.06e+00, 1.24e+01]
58800 [2.30e+00, 4.65e-02, 1.82e-01, -1.18e+00, -3.56e+00, 8.52e-01, 9.88e-01, 1.59e+00, -1.08e+00, -1.07e+00, 1.25e+01]
58900 [2.32e+00, 4.63e-02, 1.82e-01, -1.18e+00, -3.58e+00, 8.67e-01, 9.88e-01, 1.59e+00, -1.10e+00, -1.07e+00, 1.25e+01]
59000 [2.29e+00, 4.66e-02, 1.82e-01, -1.17e+00, -3.60e+00, 8.75e-01, 9.88e-01, 1.58e+00, -1.11e+00, -1.07e+00, 1.25e+01]
59100 [2.30e+00, 4.60e-02, 1.82e-01, -1.19e+00, -3.62e+00, 8.81e-01, 9.88e-01, 1.57e+00, -1.13e+00, -1.08e+00, 1.25e+01]
59200 [2.33e+00, 4.59e-02, 1.83e-01, -1.20e+00, -3.64e+00, 8.76e-01, 9.88e-01, 1.58e+00, -1.13e+00, -1.08e+00, 1.25e+01]
59300 [2.34e+00, 4.64e-02, 1.82e-01, -1.20e+00, -3.63e+00, 8.65e-01, 9.88e-01, 1.57e+00, -1.11e+00, -1.09e+00, 1.25e+01]
59400 [2.33e+00, 4.63e-02, 1.81e-01, -1.19e+00, -3.65e+00, 8.74e-01, 9.88e-01, 1.56e+00, -1.12e+00, -1.09e+00, 1.25e+01]
59500 [2.35e+00, 4.62e-02, 1.81e-01, -1.20e+00, -3.67e+00, 8.80e-01, 9.88e-01, 1.56e+00, -1.13e+00, -1.10e+00, 1.25e+01]
59600 [2.32e+00, 4.62e-02, 1.81e-01, -1.17e+00, -3.60e+00, 8.72e-01, 9.88e-01, 1.55e+00, -1.14e+00, -1.10e+00, 1.25e+01]
59700 [2.35e+00, 4.61e-02, 1.81e-01, -1.19e+00, -3.62e+00, 8.78e-01, 9.88e-01, 1.55e+00, -1.15e+00, -1.11e+00, 1.25e+01]
59800 [2.35e+00, 4.64e-02, 1.80e-01, -1.20e+00, -3.64e+00, 8.58e-01, 9.88e-01, 1.55e+00, -1.14e+00, -1.11e+00, 1.25e+01]
59900 [2.34e+00, 4.64e-02, 1.79e-01, -1.20e+00, -3.66e+00, 8.71e-01, 9.88e-01, 1.54e+00, -1.16e+00, -1.11e+00, 1.25e+01]
60000 [2.36e+00, 4.63e-02, 1.79e-01, -1.22e+00, -3.69e+00, 8.78e-01, 9.88e-01, 1.54e+00, -1.17e+00, -1.12e+00, 1.26e+01]
60000 [2.36e+00, 4.63e-02, 1.79e-01, -1.22e+00, -3.69e+00, 8.78e-01, 9.88e-01, 1.54e+00, -1.17e+00, -1.12e+00, 1.26e+01]
60100 [2.35e+00, 4.65e-02, 1.79e-01, -1.22e+00, -3.67e+00, 8.60e-01, 9.88e-01, 1.55e+00, -1.16e+00, -1.10e+00, 1.26e+01]
60200 [2.36e+00, 4.64e-02, 1.79e-01, -1.22e+00, -3.67e+00, 8.61e-01, 9.88e-01, 1.55e+00, -1.16e+00, -1.11e+00, 1.26e+01]
60300 [2.36e+00, 4.65e-02, 1.79e-01, -1.22e+00, -3.67e+00, 8.61e-01, 9.88e-01, 1.54e+00, -1.16e+00, -1.11e+00, 1.26e+01]
60400 [2.37e+00, 4.68e-02, 1.79e-01, -1.22e+00, -3.67e+00, 8.61e-01, 9.88e-01, 1.54e+00, -1.16e+00, -1.11e+00, 1.26e+01]
60500 [2.38e+00, 4.70e-02, 1.78e-01, -1.22e+00, -3.68e+00, 8.62e-01, 9.88e-01, 1.54e+00, -1.16e+00, -1.11e+00, 1.26e+01]
60600 [2.39e+00, 4.72e-02, 1.78e-01, -1.22e+00, -3.68e+00, 8.62e-01, 9.88e-01, 1.54e+00, -1.16e+00, -1.12e+00, 1.26e+01]
60700 [2.40e+00, 4.73e-02, 1.77e-01, -1.22e+00, -3.68e+00, 8.63e-01, 9.88e-01, 1.54e+00, -1.16e+00, -1.12e+00, 1.26e+01]
60800 [2.36e+00, 4.72e-02, 1.77e-01, -1.21e+00, -3.68e+00, 8.64e-01, 9.88e-01, 1.54e+00, -1.16e+00, -1.12e+00, 1.26e+01]
60900 [2.37e+00, 4.73e-02, 1.77e-01, -1.21e+00, -3.68e+00, 8.64e-01, 9.88e-01, 1.54e+00, -1.16e+00, -1.13e+00, 1.26e+01]
61000 [2.38e+00, 4.74e-02, 1.76e-01, -1.22e+00, -3.69e+00, 8.65e-01, 9.88e-01, 1.54e+00, -1.16e+00, -1.13e+00, 1.26e+01]
61100 [2.39e+00, 4.75e-02, 1.76e-01, -1.22e+00, -3.69e+00, 8.66e-01, 9.88e-01, 1.54e+00, -1.16e+00, -1.14e+00, 1.26e+01]
61200 [2.41e+00, 4.76e-02, 1.75e-01, -1.22e+00, -3.69e+00, 8.66e-01, 9.88e-01, 1.54e+00, -1.16e+00, -1.15e+00, 1.26e+01]
61300 [2.39e+00, 4.72e-02, 1.75e-01, -1.22e+00, -3.70e+00, 8.67e-01, 9.88e-01, 1.54e+00, -1.16e+00, -1.15e+00, 1.26e+01]
61400 [2.37e+00, 4.76e-02, 1.75e-01, -1.21e+00, -3.70e+00, 8.68e-01, 9.88e-01, 1.53e+00, -1.17e+00, -1.14e+00, 1.26e+01]
61500 [2.38e+00, 4.76e-02, 1.75e-01, -1.21e+00, -3.70e+00, 8.69e-01, 9.88e-01, 1.53e+00, -1.17e+00, -1.15e+00, 1.26e+01]
61600 [2.39e+00, 4.76e-02, 1.75e-01, -1.21e+00, -3.71e+00, 8.69e-01, 9.88e-01, 1.53e+00, -1.17e+00, -1.16e+00, 1.26e+01]
61700 [2.40e+00, 4.76e-02, 1.74e-01, -1.22e+00, -3.71e+00, 8.70e-01, 9.88e-01, 1.53e+00, -1.17e+00, -1.17e+00, 1.26e+01]
61800 [2.42e+00, 4.77e-02, 1.73e-01, -1.22e+00, -3.72e+00, 8.71e-01, 9.88e-01, 1.53e+00, -1.17e+00, -1.18e+00, 1.26e+01]
61900 [2.41e+00, 4.68e-02, 1.73e-01, -1.22e+00, -3.72e+00, 8.71e-01, 9.88e-01, 1.53e+00, -1.17e+00, -1.18e+00, 1.26e+01]
62000 [2.37e+00, 4.74e-02, 1.74e-01, -1.21e+00, -3.71e+00, 8.68e-01, 9.88e-01, 1.53e+00, -1.17e+00, -1.07e+00, 1.26e+01]
62100 [2.39e+00, 4.76e-02, 1.74e-01, -1.21e+00, -3.72e+00, 8.69e-01, 9.88e-01, 1.53e+00, -1.17e+00, -1.08e+00, 1.26e+01]
62200 [2.40e+00, 4.76e-02, 1.74e-01, -1.21e+00, -3.72e+00, 8.70e-01, 9.88e-01, 1.53e+00, -1.17e+00, -1.09e+00, 1.26e+01]
62300 [2.41e+00, 4.76e-02, 1.73e-01, -1.22e+00, -3.73e+00, 8.71e-01, 9.88e-01, 1.53e+00, -1.17e+00, -1.10e+00, 1.26e+01]
62400 [2.43e+00, 4.76e-02, 1.73e-01, -1.22e+00, -3.74e+00, 8.72e-01, 9.88e-01, 1.53e+00, -1.17e+00, -1.10e+00, 1.26e+01]
62500 [2.38e+00, 5.00e-02, 1.73e-01, -1.18e+00, -3.71e+00, 8.72e-01, 9.88e-01, 1.52e+00, -1.18e+00, -1.10e+00, 1.26e+01]
62600 [2.39e+00, 4.73e-02, 1.72e-01, -1.19e+00, -3.70e+00, 8.72e-01, 9.88e-01, 1.52e+00, -1.18e+00, -1.10e+00, 1.26e+01]
62700 [2.40e+00, 4.73e-02, 1.72e-01, -1.19e+00, -3.71e+00, 8.72e-01, 9.88e-01, 1.52e+00, -1.18e+00, -1.11e+00, 1.26e+01]
62800 [2.41e+00, 4.74e-02, 1.72e-01, -1.20e+00, -3.72e+00, 8.73e-01, 9.88e-01, 1.52e+00, -1.18e+00, -1.12e+00, 1.26e+01]
62900 [2.41e+00, 4.72e-02, 1.72e-01, -1.21e+00, -3.72e+00, 8.71e-01, 9.88e-01, 1.52e+00, -1.18e+00, -1.12e+00, 1.26e+01]
63000 [2.43e+00, 4.76e-02, 1.72e-01, -1.22e+00, -3.73e+00, 8.71e-01, 9.88e-01, 1.52e+00, -1.18e+00, -1.13e+00, 1.26e+01]
63100 [2.44e+00, 4.77e-02, 1.71e-01, -1.23e+00, -3.74e+00, 8.72e-01, 9.88e-01, 1.52e+00, -1.19e+00, -1.15e+00, 1.26e+01]
63200 [2.41e+00, 4.77e-02, 1.72e-01, -1.23e+00, -3.74e+00, 8.71e-01, 9.88e-01, 1.52e+00, -1.19e+00, -1.14e+00, 1.26e+01]
63300 [2.43e+00, 4.77e-02, 1.72e-01, -1.24e+00, -3.75e+00, 8.72e-01, 9.88e-01, 1.52e+00, -1.19e+00, -1.15e+00, 1.26e+01]
63400 [2.45e+00, 4.77e-02, 1.71e-01, -1.24e+00, -3.76e+00, 8.73e-01, 9.88e-01, 1.52e+00, -1.20e+00, -1.17e+00, 1.26e+01]
63500 [2.29e+00, 4.58e-02, 1.81e-01, -1.14e+00, -3.57e+00, 7.70e-01, 9.88e-01, 1.49e+00, -1.24e+00, -9.91e-01, 1.25e+01]
63600 [2.27e+00, 4.72e-02, 1.79e-01, -1.13e+00, -3.49e+00, 7.45e-01, 9.88e-01, 1.48e+00, -1.27e+00, -9.50e-01, 1.25e+01]
63700 [2.27e+00, 4.76e-02, 1.74e-01, -1.13e+00, -3.49e+00, 7.50e-01, 9.88e-01, 1.48e+00, -1.27e+00, -9.52e-01, 1.25e+01]
63800 [2.27e+00, 4.78e-02, 1.70e-01, -1.13e+00, -3.49e+00, 7.54e-01, 9.88e-01, 1.48e+00, -1.27e+00, -9.54e-01, 1.25e+01]
63900 [2.28e+00, 4.80e-02, 1.67e-01, -1.14e+00, -3.50e+00, 7.59e-01, 9.88e-01, 1.48e+00, -1.27e+00, -9.57e-01, 1.25e+01]
64000 [2.28e+00, 4.81e-02, 1.64e-01, -1.14e+00, -3.50e+00, 7.64e-01, 9.88e-01, 1.47e+00, -1.27e+00, -9.61e-01, 1.25e+01]
64100 [2.28e+00, 4.82e-02, 1.62e-01, -1.14e+00, -3.50e+00, 7.68e-01, 9.88e-01, 1.47e+00, -1.27e+00, -9.64e-01, 1.25e+01]
64200 [2.29e+00, 4.83e-02, 1.61e-01, -1.14e+00, -3.50e+00, 7.73e-01, 9.88e-01, 1.47e+00, -1.28e+00, -9.68e-01, 1.25e+01]
64300 [2.29e+00, 4.84e-02, 1.60e-01, -1.14e+00, -3.50e+00, 7.78e-01, 9.88e-01, 1.47e+00, -1.28e+00, -9.72e-01, 1.25e+01]
64400 [2.30e+00, 4.85e-02, 1.59e-01, -1.14e+00, -3.51e+00, 7.83e-01, 9.88e-01, 1.47e+00, -1.28e+00, -9.77e-01, 1.25e+01]
64500 [2.30e+00, 4.86e-02, 1.59e-01, -1.15e+00, -3.51e+00, 7.88e-01, 9.88e-01, 1.47e+00, -1.29e+00, -9.82e-01, 1.25e+01]
64600 [2.31e+00, 4.86e-02, 1.59e-01, -1.15e+00, -3.51e+00, 7.93e-01, 9.88e-01, 1.47e+00, -1.29e+00, -9.87e-01, 1.25e+01]
64700 [2.31e+00, 4.87e-02, 1.59e-01, -1.15e+00, -3.51e+00, 7.99e-01, 9.88e-01, 1.47e+00, -1.29e+00, -9.92e-01, 1.25e+01]
64800 [2.32e+00, 4.87e-02, 1.59e-01, -1.15e+00, -3.52e+00, 8.04e-01, 9.88e-01, 1.47e+00, -1.29e+00, -9.98e-01, 1.25e+01]
64900 [2.33e+00, 4.88e-02, 1.59e-01, -1.15e+00, -3.52e+00, 8.10e-01, 9.88e-01, 1.47e+00, -1.30e+00, -1.00e+00, 1.25e+01]
65000 [2.33e+00, 4.88e-02, 1.60e-01, -1.16e+00, -3.52e+00, 8.16e-01, 9.88e-01, 1.47e+00, -1.30e+00, -1.01e+00, 1.25e+01]
65100 [2.34e+00, 4.88e-02, 1.61e-01, -1.16e+00, -3.53e+00, 8.21e-01, 9.88e-01, 1.47e+00, -1.30e+00, -1.02e+00, 1.25e+01]
65200 [2.35e+00, 4.88e-02, 1.61e-01, -1.16e+00, -3.53e+00, 8.27e-01, 9.88e-01, 1.47e+00, -1.31e+00, -1.02e+00, 1.25e+01]
65300 [2.35e+00, 4.88e-02, 1.62e-01, -1.17e+00, -3.54e+00, 8.33e-01, 9.88e-01, 1.47e+00, -1.31e+00, -1.03e+00, 1.25e+01]
65400 [2.36e+00, 4.88e-02, 1.63e-01, -1.17e+00, -3.54e+00, 8.38e-01, 9.88e-01, 1.47e+00, -1.31e+00, -1.04e+00, 1.25e+01]
65500 [2.33e+00, 4.89e-02, 1.66e-01, -1.15e+00, -3.54e+00, 8.36e-01, 9.88e-01, 1.47e+00, -1.30e+00, -1.03e+00, 1.25e+01]
65600 [2.34e+00, 4.87e-02, 1.66e-01, -1.16e+00, -3.55e+00, 8.42e-01, 9.88e-01, 1.47e+00, -1.30e+00, -1.04e+00, 1.25e+01]
65700 [2.35e+00, 4.85e-02, 1.66e-01, -1.17e+00, -3.55e+00, 8.48e-01, 9.88e-01, 1.47e+00, -1.31e+00, -1.04e+00, 1.25e+01]
65800 [2.36e+00, 4.85e-02, 1.67e-01, -1.18e+00, -3.55e+00, 8.53e-01, 9.88e-01, 1.47e+00, -1.31e+00, -1.05e+00, 1.25e+01]
65900 [2.37e+00, 4.88e-02, 1.67e-01, -1.18e+00, -3.55e+00, 8.32e-01, 9.88e-01, 1.47e+00, -1.29e+00, -1.06e+00, 1.25e+01]
66000 [2.37e+00, 4.89e-02, 1.66e-01, -1.19e+00, -3.56e+00, 8.37e-01, 9.88e-01, 1.47e+00, -1.29e+00, -1.07e+00, 1.25e+01]
66100 [2.36e+00, 4.88e-02, 1.67e-01, -1.18e+00, -3.56e+00, 8.44e-01, 9.88e-01, 1.47e+00, -1.29e+00, -1.07e+00, 1.25e+01]
66200 [2.37e+00, 4.87e-02, 1.67e-01, -1.19e+00, -3.57e+00, 8.51e-01, 9.88e-01, 1.47e+00, -1.29e+00, -1.08e+00, 1.25e+01]
66300 [2.38e+00, 4.86e-02, 1.67e-01, -1.20e+00, -3.57e+00, 8.56e-01, 9.88e-01, 1.47e+00, -1.30e+00, -1.09e+00, 1.25e+01]
66400 [2.36e+00, 4.86e-02, 1.69e-01, -1.20e+00, -3.58e+00, 8.59e-01, 9.88e-01, 1.47e+00, -1.30e+00, -1.09e+00, 1.25e+01]
66500 [2.37e+00, 4.85e-02, 1.70e-01, -1.20e+00, -3.59e+00, 8.63e-01, 9.88e-01, 1.47e+00, -1.30e+00, -1.10e+00, 1.25e+01]
66600 [2.38e+00, 4.88e-02, 1.70e-01, -1.21e+00, -3.59e+00, 8.52e-01, 9.88e-01, 1.47e+00, -1.29e+00, -1.11e+00, 1.25e+01]
66700 [2.40e+00, 4.88e-02, 1.69e-01, -1.22e+00, -3.59e+00, 8.58e-01, 9.88e-01, 1.47e+00, -1.29e+00, -1.12e+00, 1.25e+01]
66800 [2.38e+00, 4.89e-02, 1.69e-01, -1.20e+00, -3.59e+00, 8.51e-01, 9.88e-01, 1.47e+00, -1.28e+00, -1.12e+00, 1.25e+01]
66900 [2.39e+00, 4.88e-02, 1.69e-01, -1.21e+00, -3.60e+00, 8.58e-01, 9.88e-01, 1.47e+00, -1.29e+00, -1.14e+00, 1.25e+01]
67000 [2.41e+00, 4.87e-02, 1.69e-01, -1.22e+00, -3.60e+00, 8.64e-01, 9.88e-01, 1.47e+00, -1.29e+00, -1.15e+00, 1.25e+01]
67100 [2.39e+00, 4.90e-02, 1.69e-01, -1.22e+00, -3.59e+00, 8.51e-01, 9.88e-01, 1.46e+00, -1.32e+00, -1.14e+00, 1.25e+01]
67200 [2.41e+00, 4.88e-02, 1.68e-01, -1.23e+00, -3.60e+00, 8.59e-01, 9.88e-01, 1.46e+00, -1.33e+00, -1.16e+00, 1.25e+01]
67300 [2.40e+00, 4.92e-02, 1.68e-01, -1.22e+00, -3.58e+00, 8.42e-01, 9.88e-01, 1.46e+00, -1.29e+00, -1.16e+00, 1.25e+01]
67400 [2.41e+00, 4.90e-02, 1.68e-01, -1.22e+00, -3.58e+00, 8.50e-01, 9.88e-01, 1.46e+00, -1.29e+00, -1.17e+00, 1.25e+01]
67500 [2.41e+00, 4.91e-02, 1.67e-01, -1.22e+00, -3.59e+00, 8.58e-01, 9.88e-01, 1.46e+00, -1.30e+00, -1.18e+00, 1.25e+01]
67600 [2.42e+00, 4.88e-02, 1.67e-01, -1.23e+00, -3.60e+00, 8.64e-01, 9.88e-01, 1.46e+00, -1.30e+00, -1.19e+00, 1.25e+01]
67700 [2.43e+00, 4.87e-02, 1.67e-01, -1.24e+00, -3.61e+00, 8.68e-01, 9.88e-01, 1.46e+00, -1.31e+00, -1.21e+00, 1.25e+01]
67800 [2.41e+00, 4.88e-02, 1.68e-01, -1.22e+00, -3.62e+00, 8.67e-01, 9.88e-01, 1.46e+00, -1.30e+00, -1.20e+00, 1.25e+01]
67900 [2.43e+00, 4.89e-02, 1.68e-01, -1.24e+00, -3.62e+00, 8.50e-01, 9.88e-01, 1.46e+00, -1.29e+00, -1.22e+00, 1.25e+01]
68000 [2.43e+00, 4.89e-02, 1.67e-01, -1.23e+00, -3.63e+00, 8.57e-01, 9.88e-01, 1.45e+00, -1.29e+00, -1.23e+00, 1.25e+01]
68100 [2.44e+00, 4.89e-02, 1.67e-01, -1.24e+00, -3.64e+00, 8.63e-01, 9.88e-01, 1.45e+00, -1.30e+00, -1.24e+00, 1.25e+01]
68200 [2.44e+00, 4.88e-02, 1.67e-01, -1.24e+00, -3.63e+00, 8.57e-01, 9.88e-01, 1.45e+00, -1.29e+00, -1.25e+00, 1.25e+01]
68300 [2.44e+00, 4.93e-02, 1.66e-01, -1.24e+00, -3.61e+00, 8.45e-01, 9.88e-01, 1.45e+00, -1.32e+00, -1.25e+00, 1.25e+01]
68400 [2.46e+00, 4.92e-02, 1.65e-01, -1.25e+00, -3.62e+00, 8.57e-01, 9.88e-01, 1.45e+00, -1.33e+00, -1.27e+00, 1.25e+01]
68500 [2.45e+00, 4.90e-02, 1.65e-01, -1.25e+00, -3.64e+00, 8.62e-01, 9.88e-01, 1.44e+00, -1.33e+00, -1.27e+00, 1.25e+01]
68600 [2.46e+00, 4.87e-02, 1.65e-01, -1.25e+00, -3.65e+00, 8.65e-01, 9.88e-01, 1.44e+00, -1.33e+00, -1.28e+00, 1.25e+01]
68700 [2.45e+00, 4.90e-02, 1.65e-01, -1.25e+00, -3.66e+00, 8.66e-01, 9.88e-01, 1.44e+00, -1.33e+00, -1.28e+00, 1.25e+01]
68800 [2.47e+00, 4.93e-02, 1.65e-01, -1.26e+00, -3.66e+00, 8.48e-01, 9.88e-01, 1.44e+00, -1.30e+00, -1.31e+00, 1.25e+01]
68900 [2.47e+00, 4.93e-02, 1.64e-01, -1.25e+00, -3.67e+00, 8.58e-01, 9.88e-01, 1.43e+00, -1.31e+00, -1.32e+00, 1.25e+01]
69000 [2.47e+00, 4.92e-02, 1.64e-01, -1.25e+00, -3.69e+00, 8.64e-01, 9.88e-01, 1.43e+00, -1.31e+00, -1.32e+00, 1.25e+01]
69100 [2.43e+00, 5.01e-02, 1.66e-01, -1.21e+00, -3.63e+00, 8.16e-01, 9.88e-01, 1.42e+00, -1.27e+00, -1.29e+00, 1.25e+01]
69200 [2.35e+00, 5.02e-02, 1.67e-01, -1.13e+00, -3.47e+00, 7.15e-01, 9.88e-01, 1.41e+00, -1.21e+00, -1.22e+00, 1.25e+01]
69300 [2.35e+00, 4.98e-02, 1.64e-01, -1.14e+00, -3.48e+00, 7.23e-01, 9.88e-01, 1.41e+00, -1.21e+00, -1.22e+00, 1.25e+01]
69400 [2.35e+00, 4.94e-02, 1.61e-01, -1.14e+00, -3.48e+00, 7.32e-01, 9.88e-01, 1.41e+00, -1.21e+00, -1.22e+00, 1.25e+01]
69500 [2.36e+00, 4.91e-02, 1.59e-01, -1.14e+00, -3.49e+00, 7.40e-01, 9.88e-01, 1.41e+00, -1.21e+00, -1.22e+00, 1.25e+01]
69600 [2.36e+00, 4.89e-02, 1.57e-01, -1.14e+00, -3.49e+00, 7.48e-01, 9.88e-01, 1.40e+00, -1.22e+00, -1.22e+00, 1.25e+01]
69700 [2.36e+00, 4.89e-02, 1.55e-01, -1.15e+00, -3.50e+00, 7.57e-01, 9.88e-01, 1.40e+00, -1.22e+00, -1.22e+00, 1.25e+01]
69800 [2.36e+00, 4.89e-02, 1.54e-01, -1.15e+00, -3.50e+00, 7.65e-01, 9.88e-01, 1.40e+00, -1.22e+00, -1.22e+00, 1.25e+01]
69900 [2.37e+00, 4.89e-02, 1.53e-01, -1.15e+00, -3.51e+00, 7.73e-01, 9.88e-01, 1.40e+00, -1.22e+00, -1.22e+00, 1.25e+01]
70000 [2.37e+00, 4.89e-02, 1.53e-01, -1.15e+00, -3.51e+00, 7.82e-01, 9.88e-01, 1.40e+00, -1.22e+00, -1.22e+00, 1.25e+01]
