0 [0.00e+00, 0.00e+00, 0.00e+00, 0.00e+00]
350 [8.35e-02, -2.60e-02, 7.67e-02, 5.94e-02]
700 [9.07e-02, -7.43e-03, 1.24e-01, 9.32e-02]
1050 [9.62e-02, 7.08e-03, 2.14e-01, 1.33e-01]
1400 [1.00e-01, 1.74e-02, 2.66e-01, 1.59e-01]
1750 [1.04e-01, 2.70e-02, 3.04e-01, 1.78e-01]
2100 [1.09e-01, 3.68e-02, 3.50e-01, 2.07e-01]
2450 [1.11e-01, 4.22e-02, 3.83e-01, 2.23e-01]
2800 [1.12e-01, 4.47e-02, 4.19e-01, 2.42e-01]
3150 [1.13e-01, 4.64e-02, 4.44e-01, 2.55e-01]
3500 [1.14e-01, 4.79e-02, 4.77e-01, 2.71e-01]
3850 [1.14e-01, 4.81e-02, 5.03e-01, 2.83e-01]
4200 [1.16e-01, 5.04e-02, 5.28e-01, 2.98e-01]
4550 [1.16e-01, 5.06e-02, 5.50e-01, 3.09e-01]
4900 [1.16e-01, 5.19e-02, 5.71e-01, 3.21e-01]
5250 [1.17e-01, 5.33e-02, 5.91e-01, 3.34e-01]
5600 [1.18e-01, 5.45e-02, 6.09e-01, 3.43e-01]
5950 [1.18e-01, 5.47e-02, 6.28e-01, 3.54e-01]
6300 [1.18e-01, 5.52e-02, 6.43e-01, 3.62e-01]
6650 [1.19e-01, 5.57e-02, 6.58e-01, 3.71e-01]
7000 [1.19e-01, 5.60e-02, 6.74e-01, 3.80e-01]
7350 [1.18e-01, 5.63e-02, 6.87e-01, 3.87e-01]
7700 [1.19e-01, 5.66e-02, 7.01e-01, 3.95e-01]
8050 [1.19e-01, 5.69e-02, 7.15e-01, 4.03e-01]
8400 [1.20e-01, 5.70e-02, 7.28e-01, 4.11e-01]
8750 [1.20e-01, 5.71e-02, 7.39e-01, 4.17e-01]
9100 [1.20e-01, 5.74e-02, 7.52e-01, 4.25e-01]
9450 [1.20e-01, 5.76e-02, 7.61e-01, 4.30e-01]
9800 [1.20e-01, 5.76e-02, 7.72e-01, 4.37e-01]
10150 [1.20e-01, 5.81e-02, 7.83e-01, 4.43e-01]
10500 [9.73e-02, 4.47e-02, 7.97e-01, 4.18e-01]
10850 [1.04e-01, 3.24e-02, 7.66e-01, 4.05e-01]
11200 [1.12e-01, 3.80e-02, 7.66e-01, 4.05e-01]
11550 [1.14e-01, 4.24e-02, 7.66e-01, 4.06e-01]
11900 [1.15e-01, 4.62e-02, 7.66e-01, 4.06e-01]
12250 [1.16e-01, 4.96e-02, 7.66e-01, 4.07e-01]
12600 [1.17e-01, 5.24e-02, 7.67e-01, 4.07e-01]
12950 [1.18e-01, 5.48e-02, 7.68e-01, 4.08e-01]
13300 [1.19e-01, 5.67e-02, 7.69e-01, 4.09e-01]
13650 [1.19e-01, 5.83e-02, 7.69e-01, 4.11e-01]
14000 [1.20e-01, 5.96e-02, 7.71e-01, 4.13e-01]
14350 [1.20e-01, 6.05e-02, 7.72e-01, 4.15e-01]
14700 [1.21e-01, 6.11e-02, 7.74e-01, 4.17e-01]
15050 [1.21e-01, 6.14e-02, 7.76e-01, 4.19e-01]
15400 [1.21e-01, 6.16e-02, 7.78e-01, 4.22e-01]
15750 [1.20e-01, 6.04e-02, 7.79e-01, 4.25e-01]
16100 [1.21e-01, 6.17e-02, 7.83e-01, 4.29e-01]
16450 [1.21e-01, 6.11e-02, 7.85e-01, 4.32e-01]
16800 [1.21e-01, 6.09e-02, 7.89e-01, 4.36e-01]
17150 [1.21e-01, 6.07e-02, 7.92e-01, 4.40e-01]
17500 [1.21e-01, 6.01e-02, 7.94e-01, 4.43e-01]
17850 [1.21e-01, 6.02e-02, 7.99e-01, 4.48e-01]
18200 [1.21e-01, 6.05e-02, 8.04e-01, 4.52e-01]
18550 [1.21e-01, 5.97e-02, 8.09e-01, 4.56e-01]
18900 [1.21e-01, 6.01e-02, 8.15e-01, 4.61e-01]
19250 [1.21e-01, 6.01e-02, 8.21e-01, 4.65e-01]
19600 [1.21e-01, 5.99e-02, 8.26e-01, 4.69e-01]
19950 [1.21e-01, 6.00e-02, 8.33e-01, 4.73e-01]
20300 [1.21e-01, 6.01e-02, 8.39e-01, 4.77e-01]
20650 [1.21e-01, 6.00e-02, 8.45e-01, 4.81e-01]
21000 [1.21e-01, 5.99e-02, 8.51e-01, 4.85e-01]
21350 [1.22e-01, 6.01e-02, 8.57e-01, 4.88e-01]
21700 [1.22e-01, 6.00e-02, 8.63e-01, 4.92e-01]
22050 [1.22e-01, 6.02e-02, 8.68e-01, 4.95e-01]
22400 [1.22e-01, 6.00e-02, 8.74e-01, 4.98e-01]
22750 [1.22e-01, 5.98e-02, 8.80e-01, 5.01e-01]
23100 [1.22e-01, 6.00e-02, 8.85e-01, 5.04e-01]
23450 [1.22e-01, 5.98e-02, 8.90e-01, 5.07e-01]
23800 [1.22e-01, 5.99e-02, 8.95e-01, 5.10e-01]
24150 [1.22e-01, 6.01e-02, 9.00e-01, 5.12e-01]
24500 [1.22e-01, 5.97e-02, 9.05e-01, 5.15e-01]
24850 [1.22e-01, 5.93e-02, 9.09e-01, 5.18e-01]
25200 [1.22e-01, 5.98e-02, 9.14e-01, 5.21e-01]
25550 [1.21e-01, 5.95e-02, 9.17e-01, 5.22e-01]
25900 [1.22e-01, 5.94e-02, 9.22e-01, 5.25e-01]
26250 [1.22e-01, 5.97e-02, 9.26e-01, 5.27e-01]
26600 [1.22e-01, 5.98e-02, 9.31e-01, 5.30e-01]
26950 [1.22e-01, 5.97e-02, 9.35e-01, 5.32e-01]
27300 [1.22e-01, 5.97e-02, 9.39e-01, 5.34e-01]
27650 [1.22e-01, 5.98e-02, 9.44e-01, 5.37e-01]
28000 [1.22e-01, 5.97e-02, 9.47e-01, 5.39e-01]
28350 [1.22e-01, 5.99e-02, 9.51e-01, 5.41e-01]
28700 [1.22e-01, 5.99e-02, 9.55e-01, 5.43e-01]
29050 [1.22e-01, 5.98e-02, 9.58e-01, 5.45e-01]
29400 [1.22e-01, 6.00e-02, 9.62e-01, 5.47e-01]
29750 [1.22e-01, 6.00e-02, 9.66e-01, 5.50e-01]
30100 [1.22e-01, 6.00e-02, 9.69e-01, 5.51e-01]
30450 [1.22e-01, 6.00e-02, 9.72e-01, 5.53e-01]
30800 [1.22e-01, 6.01e-02, 9.75e-01, 5.55e-01]
31150 [1.22e-01, 5.99e-02, 9.78e-01, 5.56e-01]
31500 [1.22e-01, 6.02e-02, 9.77e-01, 5.55e-01]
31850 [1.22e-01, 6.01e-02, 9.80e-01, 5.57e-01]
32200 [1.22e-01, 6.04e-02, 9.83e-01, 5.59e-01]
32550 [1.22e-01, 6.03e-02, 9.88e-01, 5.62e-01]
32900 [1.22e-01, 6.05e-02, 9.91e-01, 5.63e-01]
33250 [1.22e-01, 6.04e-02, 9.94e-01, 5.65e-01]
33600 [1.22e-01, 6.05e-02, 9.97e-01, 5.67e-01]
33950 [1.22e-01, 6.03e-02, 1.00e+00, 5.68e-01]
34300 [1.22e-01, 6.02e-02, 1.00e+00, 5.70e-01]
34650 [1.22e-01, 6.03e-02, 1.01e+00, 5.71e-01]
35000 [1.22e-01, 6.04e-02, 1.01e+00, 5.73e-01]
