0 [1.00e+00, 1.00e+00, 1.00e+00, 1.00e+00, 1.00e+00, 1.00e+00, 1.00e+00, 1.00e+00, 1.00e+00, 1.00e+00, 1.00e+00]
100 [9.79e-01, 9.37e-01, 9.96e-01, 9.86e-01, 1.03e+00, 9.54e-01, 1.02e+00, 1.02e+00, 9.81e-01, 9.81e-01, 1.01e+00]
200 [9.81e-01, 8.98e-01, 9.86e-01, 9.90e-01, 1.06e+00, 9.30e-01, 1.02e+00, 1.02e+00, 9.83e-01, 9.80e-01, 1.01e+00]
300 [9.84e-01, 8.65e-01, 9.74e-01, 9.89e-01, 1.07e+00, 9.13e-01, 1.02e+00, 1.02e+00, 9.84e-01, 9.80e-01, 1.02e+00]
400 [9.88e-01, 8.37e-01, 9.58e-01, 9.84e-01, 1.09e+00, 9.00e-01, 1.02e+00, 1.03e+00, 9.83e-01, 9.80e-01, 1.02e+00]
500 [9.92e-01, 8.10e-01, 9.41e-01, 9.77e-01, 1.10e+00, 8.90e-01, 1.02e+00, 1.02e+00, 9.82e-01, 9.81e-01, 1.02e+00]
600 [9.95e-01, 7.85e-01, 9.21e-01, 9.69e-01, 1.11e+00, 8.81e-01, 1.02e+00, 1.02e+00, 9.80e-01, 9.81e-01, 1.02e+00]
700 [9.99e-01, 7.59e-01, 8.99e-01, 9.60e-01, 1.11e+00, 8.74e-01, 1.02e+00, 1.02e+00, 9.78e-01, 9.81e-01, 1.02e+00]
800 [1.00e+00, 7.34e-01, 8.76e-01, 9.50e-01, 1.12e+00, 8.68e-01, 1.02e+00, 1.02e+00, 9.76e-01, 9.81e-01, 1.02e+00]
900 [9.90e-01, 7.07e-01, 8.51e-01, 9.32e-01, 1.12e+00, 8.63e-01, 1.02e+00, 1.02e+00, 9.74e-01, 9.81e-01, 1.02e+00]
1000 [9.94e-01, 6.79e-01, 8.25e-01, 9.22e-01, 1.13e+00, 8.58e-01, 1.02e+00, 1.02e+00, 9.71e-01, 9.82e-01, 1.02e+00]
1100 [9.97e-01, 6.51e-01, 7.98e-01, 9.12e-01, 1.13e+00, 8.54e-01, 1.02e+00, 1.02e+00, 9.68e-01, 9.82e-01, 1.02e+00]
1200 [1.00e+00, 6.20e-01, 7.71e-01, 9.02e-01, 1.14e+00, 8.50e-01, 1.02e+00, 1.02e+00, 9.66e-01, 9.82e-01, 1.02e+00]
1300 [1.00e+00, 5.88e-01, 7.43e-01, 8.92e-01, 1.14e+00, 8.47e-01, 1.02e+00, 1.01e+00, 9.63e-01, 9.82e-01, 1.02e+00]
1400 [1.01e+00, 5.54e-01, 7.14e-01, 8.83e-01, 1.14e+00, 8.45e-01, 1.02e+00, 1.01e+00, 9.61e-01, 9.82e-01, 1.02e+00]
1500 [9.77e-01, 5.18e-01, 6.85e-01, 8.58e-01, 1.15e+00, 8.42e-01, 1.02e+00, 1.02e+00, 9.58e-01, 9.82e-01, 1.02e+00]
1600 [9.80e-01, 4.79e-01, 6.56e-01, 8.50e-01, 1.15e+00, 8.40e-01, 1.02e+00, 1.02e+00, 9.56e-01, 9.83e-01, 1.02e+00]
1700 [9.82e-01, 4.37e-01, 6.27e-01, 8.42e-01, 1.15e+00, 8.38e-01, 1.02e+00, 1.02e+00, 9.54e-01, 9.83e-01, 1.02e+00]
1800 [9.85e-01, 3.92e-01, 5.98e-01, 8.34e-01, 1.15e+00, 8.37e-01, 1.02e+00, 1.02e+00, 9.52e-01, 9.83e-01, 1.02e+00]
1900 [9.87e-01, 3.43e-01, 5.69e-01, 8.27e-01, 1.15e+00, 8.36e-01, 1.02e+00, 1.02e+00, 9.50e-01, 9.83e-01, 1.02e+00]
2000 [9.89e-01, 2.91e-01, 5.42e-01, 8.20e-01, 1.15e+00, 8.35e-01, 1.02e+00, 1.02e+00, 9.48e-01, 9.83e-01, 1.02e+00]
2100 [9.90e-01, 2.35e-01, 5.15e-01, 8.15e-01, 1.15e+00, 8.34e-01, 1.02e+00, 1.02e+00, 9.47e-01, 9.83e-01, 1.02e+00]
2200 [9.38e-01, 1.75e-01, 4.89e-01, 7.82e-01, 1.15e+00, 8.34e-01, 1.02e+00, 1.03e+00, 9.46e-01, 9.83e-01, 1.02e+00]
2300 [9.38e-01, 1.14e-01, 4.66e-01, 7.78e-01, 1.15e+00, 8.34e-01, 1.02e+00, 1.03e+00, 9.44e-01, 9.83e-01, 1.02e+00]
2400 [9.39e-01, 6.27e-02, 4.47e-01, 7.74e-01, 1.15e+00, 8.34e-01, 1.02e+00, 1.03e+00, 9.44e-01, 9.83e-01, 1.02e+00]
2500 [9.39e-01, 3.57e-02, 4.33e-01, 7.72e-01, 1.15e+00, 8.34e-01, 1.02e+00, 1.03e+00, 9.43e-01, 9.83e-01, 1.03e+00]
2600 [9.40e-01, 2.71e-02, 4.23e-01, 7.70e-01, 1.15e+00, 8.34e-01, 1.02e+00, 1.03e+00, 9.42e-01, 9.83e-01, 1.03e+00]
2700 [9.42e-01, 2.48e-02, 4.14e-01, 7.69e-01, 1.15e+00, 8.35e-01, 1.02e+00, 1.03e+00, 9.42e-01, 9.83e-01, 1.03e+00]
2800 [9.44e-01, 2.43e-02, 4.07e-01, 7.67e-01, 1.15e+00, 8.35e-01, 1.02e+00, 1.04e+00, 9.42e-01, 9.83e-01, 1.03e+00]
2900 [9.47e-01, 2.45e-02, 4.00e-01, 7.65e-01, 1.15e+00, 8.35e-01, 1.02e+00, 1.04e+00, 9.42e-01, 9.83e-01, 1.03e+00]
3000 [9.41e-01, 2.49e-02, 3.94e-01, 7.57e-01, 1.15e+00, 8.35e-01, 1.02e+00, 1.04e+00, 9.41e-01, 9.83e-01, 1.03e+00]
3100 [8.83e-01, 2.63e-02, 3.89e-01, 7.14e-01, 1.15e+00, 8.35e-01, 1.02e+00, 1.05e+00, 9.40e-01, 9.83e-01, 1.03e+00]
3200 [8.87e-01, 2.68e-02, 3.86e-01, 7.12e-01, 1.15e+00, 8.36e-01, 1.02e+00, 1.05e+00, 9.39e-01, 9.83e-01, 1.03e+00]
3300 [8.90e-01, 2.75e-02, 3.84e-01, 7.10e-01, 1.15e+00, 8.36e-01, 1.02e+00, 1.05e+00, 9.39e-01, 9.83e-01, 1.03e+00]
3400 [8.94e-01, 2.82e-02, 3.81e-01, 7.07e-01, 1.15e+00, 8.36e-01, 1.02e+00, 1.05e+00, 9.39e-01, 9.83e-01, 1.03e+00]
3500 [8.98e-01, 2.88e-02, 3.79e-01, 7.04e-01, 1.15e+00, 8.37e-01, 1.02e+00, 1.06e+00, 9.39e-01, 9.83e-01, 1.03e+00]
3600 [9.03e-01, 2.94e-02, 3.76e-01, 7.01e-01, 1.15e+00, 8.37e-01, 1.02e+00, 1.06e+00, 9.39e-01, 9.83e-01, 1.03e+00]
3700 [9.08e-01, 3.00e-02, 3.74e-01, 6.98e-01, 1.15e+00, 8.37e-01, 1.02e+00, 1.06e+00, 9.38e-01, 9.83e-01, 1.03e+00]
3800 [9.13e-01, 3.06e-02, 3.72e-01, 6.95e-01, 1.15e+00, 8.38e-01, 1.02e+00, 1.07e+00, 9.38e-01, 9.83e-01, 1.03e+00]
3900 [9.18e-01, 3.11e-02, 3.70e-01, 6.92e-01, 1.15e+00, 8.38e-01, 1.02e+00, 1.07e+00, 9.38e-01, 9.83e-01, 1.03e+00]
4000 [8.48e-01, 3.25e-02, 3.65e-01, 6.24e-01, 1.15e+00, 8.37e-01, 1.02e+00, 1.08e+00, 9.28e-01, 9.82e-01, 1.03e+00]
4100 [8.54e-01, 3.33e-02, 3.67e-01, 6.22e-01, 1.15e+00, 8.37e-01, 1.02e+00, 1.08e+00, 9.28e-01, 9.82e-01, 1.03e+00]
4200 [8.58e-01, 3.42e-02, 3.68e-01, 6.22e-01, 1.15e+00, 8.34e-01, 1.02e+00, 1.08e+00, 9.21e-01, 9.82e-01, 1.03e+00]
4300 [8.63e-01, 3.45e-02, 3.68e-01, 6.20e-01, 1.15e+00, 8.34e-01, 1.02e+00, 1.09e+00, 9.19e-01, 9.82e-01, 1.03e+00]
4400 [8.69e-01, 3.49e-02, 3.68e-01, 6.17e-01, 1.15e+00, 8.34e-01, 1.02e+00, 1.09e+00, 9.19e-01, 9.82e-01, 1.03e+00]
4500 [8.75e-01, 3.54e-02, 3.67e-01, 6.14e-01, 1.15e+00, 8.35e-01, 1.02e+00, 1.10e+00, 9.19e-01, 9.82e-01, 1.03e+00]
4600 [8.76e-01, 3.61e-02, 3.65e-01, 6.18e-01, 1.15e+00, 8.29e-01, 1.02e+00, 1.10e+00, 9.08e-01, 9.82e-01, 1.03e+00]
4700 [8.82e-01, 3.63e-02, 3.64e-01, 6.16e-01, 1.15e+00, 8.29e-01, 1.02e+00, 1.11e+00, 9.06e-01, 9.82e-01, 1.03e+00]
4800 [8.89e-01, 3.67e-02, 3.63e-01, 6.12e-01, 1.15e+00, 8.29e-01, 1.02e+00, 1.11e+00, 9.06e-01, 9.82e-01, 1.03e+00]
4900 [8.96e-01, 3.72e-02, 3.62e-01, 6.09e-01, 1.15e+00, 8.30e-01, 1.02e+00, 1.12e+00, 9.05e-01, 9.83e-01, 1.03e+00]
5000 [9.04e-01, 3.77e-02, 3.60e-01, 6.05e-01, 1.16e+00, 8.30e-01, 1.02e+00, 1.12e+00, 9.05e-01, 9.83e-01, 1.03e+00]
5100 [8.48e-01, 3.85e-02, 3.61e-01, 5.62e-01, 1.15e+00, 8.31e-01, 1.02e+00, 1.13e+00, 9.06e-01, 9.82e-01, 1.03e+00]
5200 [8.56e-01, 3.93e-02, 3.63e-01, 5.60e-01, 1.15e+00, 8.32e-01, 1.02e+00, 1.14e+00, 9.05e-01, 9.82e-01, 1.03e+00]
5300 [8.64e-01, 3.98e-02, 3.61e-01, 5.56e-01, 1.15e+00, 8.26e-01, 1.02e+00, 1.14e+00, 8.90e-01, 9.82e-01, 1.03e+00]
5400 [8.72e-01, 4.02e-02, 3.61e-01, 5.53e-01, 1.15e+00, 8.27e-01, 1.02e+00, 1.15e+00, 8.89e-01, 9.82e-01, 1.03e+00]
5500 [8.81e-01, 4.06e-02, 3.60e-01, 5.49e-01, 1.16e+00, 8.27e-01, 1.02e+00, 1.16e+00, 8.88e-01, 9.82e-01, 1.03e+00]
5600 [8.90e-01, 4.10e-02, 3.58e-01, 5.46e-01, 1.16e+00, 8.28e-01, 1.02e+00, 1.17e+00, 8.87e-01, 9.82e-01, 1.03e+00]
5700 [8.99e-01, 4.16e-02, 3.53e-01, 5.41e-01, 1.16e+00, 8.18e-01, 1.02e+00, 1.17e+00, 8.61e-01, 9.82e-01, 1.03e+00]
5800 [8.74e-01, 4.21e-02, 3.52e-01, 5.17e-01, 1.16e+00, 8.19e-01, 1.02e+00, 1.18e+00, 8.61e-01, 9.82e-01, 1.03e+00]
5900 [8.84e-01, 4.28e-02, 3.52e-01, 5.14e-01, 1.16e+00, 8.19e-01, 1.02e+00, 1.19e+00, 8.60e-01, 9.82e-01, 1.03e+00]
6000 [8.95e-01, 4.32e-02, 3.51e-01, 5.11e-01, 1.16e+00, 8.20e-01, 1.02e+00, 1.20e+00, 8.59e-01, 9.82e-01, 1.03e+00]
6100 [8.57e-01, 4.40e-02, 3.48e-01, 4.76e-01, 1.16e+00, 8.21e-01, 1.02e+00, 1.21e+00, 8.60e-01, 9.82e-01, 1.03e+00]
6200 [8.51e-01, 4.45e-02, 3.53e-01, 4.64e-01, 1.16e+00, 8.22e-01, 1.02e+00, 1.22e+00, 8.59e-01, 9.82e-01, 1.03e+00]
6300 [8.63e-01, 4.48e-02, 3.53e-01, 4.62e-01, 1.16e+00, 8.21e-01, 1.02e+00, 1.23e+00, 8.53e-01, 9.82e-01, 1.04e+00]
6400 [8.74e-01, 4.52e-02, 3.51e-01, 4.60e-01, 1.16e+00, 8.14e-01, 1.02e+00, 1.24e+00, 8.33e-01, 9.82e-01, 1.04e+00]
6500 [8.86e-01, 4.56e-02, 3.49e-01, 4.57e-01, 1.16e+00, 8.15e-01, 1.02e+00, 1.25e+00, 8.31e-01, 9.82e-01, 1.04e+00]
6600 [8.98e-01, 4.59e-02, 3.46e-01, 4.54e-01, 1.16e+00, 8.16e-01, 1.02e+00, 1.26e+00, 8.30e-01, 9.82e-01, 1.04e+00]
6700 [8.49e-01, 4.61e-02, 3.44e-01, 4.12e-01, 1.16e+00, 8.17e-01, 1.02e+00, 1.28e+00, 8.31e-01, 9.82e-01, 1.04e+00]
6800 [8.49e-01, 4.71e-02, 3.49e-01, 4.04e-01, 1.17e+00, 8.18e-01, 1.02e+00, 1.29e+00, 8.29e-01, 9.82e-01, 1.04e+00]
6900 [8.61e-01, 4.75e-02, 3.48e-01, 4.03e-01, 1.17e+00, 8.11e-01, 1.02e+00, 1.30e+00, 8.08e-01, 9.82e-01, 1.04e+00]
7000 [8.74e-01, 4.78e-02, 3.47e-01, 4.02e-01, 1.17e+00, 8.13e-01, 1.02e+00, 1.31e+00, 8.06e-01, 9.82e-01, 1.04e+00]
7100 [8.86e-01, 4.81e-02, 3.45e-01, 4.01e-01, 1.17e+00, 8.14e-01, 1.02e+00, 1.33e+00, 8.03e-01, 9.82e-01, 1.04e+00]
7200 [8.99e-01, 4.87e-02, 3.38e-01, 3.98e-01, 1.17e+00, 7.99e-01, 1.02e+00, 1.34e+00, 7.68e-01, 9.83e-01, 1.04e+00]
7300 [9.12e-01, 4.91e-02, 3.35e-01, 3.95e-01, 1.17e+00, 8.00e-01, 1.02e+00, 1.36e+00, 7.64e-01, 9.83e-01, 1.04e+00]
7400 [8.80e-01, 4.97e-02, 3.35e-01, 3.66e-01, 1.18e+00, 8.02e-01, 1.02e+00, 1.38e+00, 7.64e-01, 9.83e-01, 1.04e+00]
7500 [8.94e-01, 5.01e-02, 3.34e-01, 3.66e-01, 1.18e+00, 8.03e-01, 1.02e+00, 1.39e+00, 7.61e-01, 9.83e-01, 1.04e+00]
7600 [9.09e-01, 5.04e-02, 3.32e-01, 3.65e-01, 1.18e+00, 8.05e-01, 1.02e+00, 1.41e+00, 7.58e-01, 9.83e-01, 1.04e+00]
7700 [8.66e-01, 4.98e-02, 3.30e-01, 3.23e-01, 1.18e+00, 8.06e-01, 1.02e+00, 1.43e+00, 7.59e-01, 9.83e-01, 1.05e+00]
7800 [8.61e-01, 5.11e-02, 3.36e-01, 3.13e-01, 1.18e+00, 8.08e-01, 1.02e+00, 1.44e+00, 7.56e-01, 9.83e-01, 1.05e+00]
7900 [8.74e-01, 5.15e-02, 3.34e-01, 3.15e-01, 1.19e+00, 7.97e-01, 1.02e+00, 1.46e+00, 7.27e-01, 9.83e-01, 1.05e+00]
8000 [8.88e-01, 5.18e-02, 3.32e-01, 3.17e-01, 1.19e+00, 7.99e-01, 1.02e+00, 1.48e+00, 7.22e-01, 9.83e-01, 1.05e+00]
8100 [9.02e-01, 5.21e-02, 3.29e-01, 3.18e-01, 1.19e+00, 8.01e-01, 1.02e+00, 1.50e+00, 7.18e-01, 9.83e-01, 1.05e+00]
8200 [9.17e-01, 5.23e-02, 3.26e-01, 3.19e-01, 1.20e+00, 8.04e-01, 1.02e+00, 1.52e+00, 7.15e-01, 9.84e-01, 1.05e+00]
8300 [9.31e-01, 5.28e-02, 3.18e-01, 3.19e-01, 1.20e+00, 7.78e-01, 1.02e+00, 1.54e+00, 6.64e-01, 9.84e-01, 1.05e+00]
8400 [9.15e-01, 5.35e-02, 3.16e-01, 2.97e-01, 1.20e+00, 7.81e-01, 1.02e+00, 1.56e+00, 6.62e-01, 9.84e-01, 1.05e+00]
8500 [9.31e-01, 5.39e-02, 3.13e-01, 2.98e-01, 1.21e+00, 7.84e-01, 1.02e+00, 1.58e+00, 6.58e-01, 9.84e-01, 1.05e+00]
8600 [8.89e-01, 5.34e-02, 3.13e-01, 2.55e-01, 1.21e+00, 7.85e-01, 1.02e+00, 1.61e+00, 6.57e-01, 9.84e-01, 1.06e+00]
8700 [9.03e-01, 5.46e-02, 3.15e-01, 2.58e-01, 1.21e+00, 7.88e-01, 1.02e+00, 1.63e+00, 6.51e-01, 9.84e-01, 1.06e+00]
8800 [9.19e-01, 5.47e-02, 3.14e-01, 2.62e-01, 1.22e+00, 7.91e-01, 1.02e+00, 1.65e+00, 6.47e-01, 9.84e-01, 1.06e+00]
8900 [9.36e-01, 5.49e-02, 3.11e-01, 2.65e-01, 1.22e+00, 7.94e-01, 1.02e+00, 1.68e+00, 6.42e-01, 9.85e-01, 1.06e+00]
9000 [9.38e-01, 5.50e-02, 3.06e-01, 2.79e-01, 1.22e+00, 7.62e-01, 1.02e+00, 1.70e+00, 5.92e-01, 9.85e-01, 1.06e+00]
9100 [9.55e-01, 5.57e-02, 3.00e-01, 2.78e-01, 1.23e+00, 7.65e-01, 1.02e+00, 1.73e+00, 5.88e-01, 9.85e-01, 1.06e+00]
9200 [9.08e-01, 5.63e-02, 3.02e-01, 2.26e-01, 1.23e+00, 7.68e-01, 1.02e+00, 1.76e+00, 5.81e-01, 9.84e-01, 1.06e+00]
9300 [9.26e-01, 5.66e-02, 3.01e-01, 2.31e-01, 1.24e+00, 7.72e-01, 1.02e+00, 1.79e+00, 5.76e-01, 9.84e-01, 1.07e+00]
9400 [9.44e-01, 5.67e-02, 2.99e-01, 2.35e-01, 1.24e+00, 7.76e-01, 1.02e+00, 1.81e+00, 5.71e-01, 9.85e-01, 1.07e+00]
9500 [9.62e-01, 5.69e-02, 2.96e-01, 2.38e-01, 1.25e+00, 7.79e-01, 1.02e+00, 1.84e+00, 5.66e-01, 9.85e-01, 1.07e+00]
9600 [8.97e-01, 5.60e-02, 2.99e-01, 1.80e-01, 1.21e+00, 7.80e-01, 1.02e+00, 1.87e+00, 5.69e-01, 9.81e-01, 1.07e+00]
9700 [9.10e-01, 5.72e-02, 3.03e-01, 1.89e-01, 1.21e+00, 7.84e-01, 1.02e+00, 1.88e+00, 5.61e-01, 9.82e-01, 1.07e+00]
9800 [9.25e-01, 5.72e-02, 3.03e-01, 1.96e-01, 1.22e+00, 7.88e-01, 1.02e+00, 1.91e+00, 5.54e-01, 9.82e-01, 1.07e+00]
9900 [9.40e-01, 5.75e-02, 2.98e-01, 2.03e-01, 1.23e+00, 7.63e-01, 1.02e+00, 1.93e+00, 5.10e-01, 9.82e-01, 1.08e+00]
10000 [9.56e-01, 5.78e-02, 2.93e-01, 2.06e-01, 1.24e+00, 7.68e-01, 1.02e+00, 1.96e+00, 5.05e-01, 9.83e-01, 1.08e+00]
10000 [9.56e-01, 5.78e-02, 2.93e-01, 2.06e-01, 1.24e+00, 7.68e-01, 1.02e+00, 1.96e+00, 5.05e-01, 9.83e-01, 1.08e+00]
10100 [9.51e-01, 5.71e-02, 2.90e-01, 2.17e-01, 1.21e+00, 7.48e-01, 1.02e+00, 1.96e+00, 4.80e-01, 9.46e-01, 1.08e+00]
10200 [9.57e-01, 5.82e-02, 2.88e-01, 2.20e-01, 1.21e+00, 7.49e-01, 1.02e+00, 1.97e+00, 4.80e-01, 9.46e-01, 1.08e+00]
10300 [9.66e-01, 5.88e-02, 2.85e-01, 2.23e-01, 1.21e+00, 7.50e-01, 1.02e+00, 1.98e+00, 4.79e-01, 9.46e-01, 1.08e+00]
10400 [9.76e-01, 5.92e-02, 2.81e-01, 2.24e-01, 1.22e+00, 7.52e-01, 1.02e+00, 2.00e+00, 4.78e-01, 9.47e-01, 1.09e+00]
10500 [9.69e-01, 5.89e-02, 2.79e-01, 2.12e-01, 1.22e+00, 7.53e-01, 1.02e+00, 2.02e+00, 4.77e-01, 9.46e-01, 1.09e+00]
10600 [9.58e-01, 6.00e-02, 2.80e-01, 2.01e-01, 1.23e+00, 7.55e-01, 1.02e+00, 2.04e+00, 4.76e-01, 9.45e-01, 1.09e+00]
10700 [9.70e-01, 6.02e-02, 2.79e-01, 2.04e-01, 1.24e+00, 7.57e-01, 1.02e+00, 2.06e+00, 4.75e-01, 9.46e-01, 1.09e+00]
10800 [9.84e-01, 6.04e-02, 2.77e-01, 2.07e-01, 1.24e+00, 7.59e-01, 1.02e+00, 2.09e+00, 4.74e-01, 9.48e-01, 1.09e+00]
10900 [9.98e-01, 6.05e-02, 2.75e-01, 2.09e-01, 1.25e+00, 7.61e-01, 1.02e+00, 2.11e+00, 4.72e-01, 9.49e-01, 1.10e+00]
11000 [9.53e-01, 6.08e-02, 2.76e-01, 1.77e-01, 1.26e+00, 7.62e-01, 1.02e+00, 2.14e+00, 4.73e-01, 9.45e-01, 1.10e+00]
11100 [9.65e-01, 6.10e-02, 2.78e-01, 1.84e-01, 1.27e+00, 7.64e-01, 1.02e+00, 2.16e+00, 4.71e-01, 9.47e-01, 1.10e+00]
11200 [9.79e-01, 6.09e-02, 2.78e-01, 1.90e-01, 1.28e+00, 7.67e-01, 1.02e+00, 2.19e+00, 4.69e-01, 9.49e-01, 1.11e+00]
11300 [9.94e-01, 6.09e-02, 2.76e-01, 1.95e-01, 1.29e+00, 7.70e-01, 1.02e+00, 2.22e+00, 4.67e-01, 9.50e-01, 1.11e+00]
11400 [1.01e+00, 6.10e-02, 2.74e-01, 2.00e-01, 1.30e+00, 7.73e-01, 1.02e+00, 2.25e+00, 4.65e-01, 9.52e-01, 1.11e+00]
11500 [9.63e-01, 6.13e-02, 2.74e-01, 1.49e-01, 1.27e+00, 7.70e-01, 1.02e+00, 2.28e+00, 4.62e-01, 9.32e-01, 1.12e+00]
11600 [9.69e-01, 6.18e-02, 2.77e-01, 1.54e-01, 1.25e+00, 7.73e-01, 1.02e+00, 2.31e+00, 4.57e-01, 9.21e-01, 1.12e+00]
11700 [9.83e-01, 6.16e-02, 2.77e-01, 1.63e-01, 1.26e+00, 7.76e-01, 1.02e+00, 2.34e+00, 4.55e-01, 9.24e-01, 1.13e+00]
11800 [9.96e-01, 6.15e-02, 2.77e-01, 1.71e-01, 1.27e+00, 7.80e-01, 1.02e+00, 2.37e+00, 4.52e-01, 9.27e-01, 1.13e+00]
11900 [1.00e+00, 6.15e-02, 2.73e-01, 1.84e-01, 1.28e+00, 7.54e-01, 1.02e+00, 2.40e+00, 4.35e-01, 9.31e-01, 1.14e+00]
12000 [1.02e+00, 6.18e-02, 2.69e-01, 1.90e-01, 1.30e+00, 7.58e-01, 1.02e+00, 2.43e+00, 4.32e-01, 9.33e-01, 1.14e+00]
12100 [1.03e+00, 6.21e-02, 2.65e-01, 1.96e-01, 1.31e+00, 7.62e-01, 1.02e+00, 2.46e+00, 4.30e-01, 9.34e-01, 1.15e+00]
12200 [9.98e-01, 6.29e-02, 2.67e-01, 1.71e-01, 1.32e+00, 7.58e-01, 1.02e+00, 2.50e+00, 4.27e-01, 9.29e-01, 1.16e+00]
12300 [1.01e+00, 6.28e-02, 2.66e-01, 1.80e-01, 1.34e+00, 7.62e-01, 1.02e+00, 2.53e+00, 4.24e-01, 9.31e-01, 1.16e+00]
12400 [1.03e+00, 6.28e-02, 2.64e-01, 1.89e-01, 1.36e+00, 7.67e-01, 1.02e+00, 2.57e+00, 4.21e-01, 9.34e-01, 1.17e+00]
12500 [1.03e+00, 6.18e-02, 2.62e-01, 1.96e-01, 1.37e+00, 7.43e-01, 1.02e+00, 2.60e+00, 4.03e-01, 9.29e-01, 1.17e+00]
12600 [1.04e+00, 6.34e-02, 2.56e-01, 1.99e-01, 1.33e+00, 7.27e-01, 1.02e+00, 2.64e+00, 3.77e-01, 9.12e-01, 1.18e+00]
12700 [1.05e+00, 6.38e-02, 2.50e-01, 2.04e-01, 1.35e+00, 7.33e-01, 1.02e+00, 2.68e+00, 3.75e-01, 9.12e-01, 1.19e+00]
12800 [1.02e+00, 6.46e-02, 2.51e-01, 1.72e-01, 1.35e+00, 7.37e-01, 1.02e+00, 2.72e+00, 3.74e-01, 9.02e-01, 1.19e+00]
12900 [1.04e+00, 6.45e-02, 2.50e-01, 1.81e-01, 1.37e+00, 7.43e-01, 1.02e+00, 2.75e+00, 3.71e-01, 9.04e-01, 1.20e+00]
13000 [1.06e+00, 6.44e-02, 2.49e-01, 1.90e-01, 1.39e+00, 7.49e-01, 1.02e+00, 2.79e+00, 3.68e-01, 9.06e-01, 1.21e+00]
13100 [1.03e+00, 6.51e-02, 2.51e-01, 1.70e-01, 1.32e+00, 7.44e-01, 1.02e+00, 2.82e+00, 3.75e-01, 8.46e-01, 1.21e+00]
13200 [1.03e+00, 6.46e-02, 2.52e-01, 1.78e-01, 1.30e+00, 7.49e-01, 1.02e+00, 2.86e+00, 3.72e-01, 8.27e-01, 1.22e+00]
13300 [1.05e+00, 6.45e-02, 2.51e-01, 1.87e-01, 1.31e+00, 7.55e-01, 1.02e+00, 2.89e+00, 3.68e-01, 8.29e-01, 1.23e+00]
13400 [1.07e+00, 6.42e-02, 2.47e-01, 1.90e-01, 1.33e+00, 7.31e-01, 1.02e+00, 2.93e+00, 3.51e-01, 8.35e-01, 1.24e+00]
13500 [1.09e+00, 6.52e-02, 2.39e-01, 1.95e-01, 1.35e+00, 7.19e-01, 1.02e+00, 2.96e+00, 3.38e-01, 8.37e-01, 1.25e+00]
13600 [1.07e+00, 6.59e-02, 2.39e-01, 1.82e-01, 1.36e+00, 7.26e-01, 1.02e+00, 3.00e+00, 3.37e-01, 8.32e-01, 1.26e+00]
13700 [1.09e+00, 6.59e-02, 2.36e-01, 1.90e-01, 1.38e+00, 7.33e-01, 1.02e+00, 3.03e+00, 3.34e-01, 8.32e-01, 1.27e+00]
13800 [1.06e+00, 6.65e-02, 2.39e-01, 1.66e-01, 1.40e+00, 7.32e-01, 1.02e+00, 3.07e+00, 3.33e-01, 8.26e-01, 1.28e+00]
13900 [1.08e+00, 6.62e-02, 2.38e-01, 1.78e-01, 1.42e+00, 7.40e-01, 1.02e+00, 3.11e+00, 3.29e-01, 8.27e-01, 1.29e+00]
14000 [1.10e+00, 6.61e-02, 2.37e-01, 1.89e-01, 1.44e+00, 7.47e-01, 1.02e+00, 3.14e+00, 3.25e-01, 8.27e-01, 1.30e+00]
14100 [1.05e+00, 6.70e-02, 2.41e-01, 1.72e-01, 1.44e+00, 7.31e-01, 1.02e+00, 3.18e+00, 3.37e-01, 7.81e-01, 1.31e+00]
14200 [1.07e+00, 6.64e-02, 2.40e-01, 1.88e-01, 1.46e+00, 7.40e-01, 1.02e+00, 3.21e+00, 3.31e-01, 7.80e-01, 1.32e+00]
14300 [1.09e+00, 6.64e-02, 2.40e-01, 2.01e-01, 1.49e+00, 7.49e-01, 1.02e+00, 3.24e+00, 3.26e-01, 7.81e-01, 1.33e+00]
14400 [1.10e+00, 6.70e-02, 2.34e-01, 2.00e-01, 1.38e+00, 7.12e-01, 1.02e+00, 3.27e+00, 2.76e-01, 7.48e-01, 1.35e+00]
14500 [1.12e+00, 6.71e-02, 2.29e-01, 2.07e-01, 1.40e+00, 7.21e-01, 1.02e+00, 3.31e+00, 2.74e-01, 7.45e-01, 1.36e+00]
14600 [1.10e+00, 6.78e-02, 2.30e-01, 1.82e-01, 1.41e+00, 7.28e-01, 1.02e+00, 3.35e+00, 2.77e-01, 7.27e-01, 1.37e+00]
14700 [1.12e+00, 6.75e-02, 2.29e-01, 1.94e-01, 1.42e+00, 7.38e-01, 1.02e+00, 3.38e+00, 2.73e-01, 7.24e-01, 1.39e+00]
14800 [1.08e+00, 6.79e-02, 2.31e-01, 1.61e-01, 1.44e+00, 7.37e-01, 1.02e+00, 3.42e+00, 2.73e-01, 7.11e-01, 1.40e+00]
14900 [1.10e+00, 6.78e-02, 2.32e-01, 1.77e-01, 1.46e+00, 7.47e-01, 1.02e+00, 3.45e+00, 2.67e-01, 7.09e-01, 1.41e+00]
15000 [1.12e+00, 6.79e-02, 2.27e-01, 1.91e-01, 1.47e+00, 7.12e-01, 1.02e+00, 3.49e+00, 2.64e-01, 7.16e-01, 1.43e+00]
15100 [1.14e+00, 6.81e-02, 2.23e-01, 2.03e-01, 1.49e+00, 7.23e-01, 1.02e+00, 3.52e+00, 2.60e-01, 7.11e-01, 1.45e+00]
15200 [1.11e+00, 6.92e-02, 2.25e-01, 1.66e-01, 1.48e+00, 7.24e-01, 1.02e+00, 3.56e+00, 2.60e-01, 6.82e-01, 1.46e+00]
15300 [1.13e+00, 6.87e-02, 2.24e-01, 1.84e-01, 1.50e+00, 7.35e-01, 1.02e+00, 3.59e+00, 2.54e-01, 6.78e-01, 1.48e+00]
15400 [1.15e+00, 6.84e-02, 2.23e-01, 2.00e-01, 1.52e+00, 7.33e-01, 1.02e+00, 3.62e+00, 2.47e-01, 6.76e-01, 1.50e+00]
15500 [1.16e+00, 6.93e-02, 2.15e-01, 2.08e-01, 1.48e+00, 6.89e-01, 1.02e+00, 3.66e+00, 2.16e-01, 6.49e-01, 1.52e+00]
15600 [1.13e+00, 7.04e-02, 2.14e-01, 1.78e-01, 1.50e+00, 6.99e-01, 1.02e+00, 3.69e+00, 2.17e-01, 6.25e-01, 1.53e+00]
15700 [1.15e+00, 7.00e-02, 2.13e-01, 1.92e-01, 1.53e+00, 7.10e-01, 1.02e+00, 3.72e+00, 2.13e-01, 6.16e-01, 1.55e+00]
15800 [1.17e+00, 6.98e-02, 2.12e-01, 2.06e-01, 1.56e+00, 7.21e-01, 1.02e+00, 3.75e+00, 2.08e-01, 6.05e-01, 1.57e+00]
15900 [1.13e+00, 6.99e-02, 2.16e-01, 1.63e-01, 1.45e+00, 7.12e-01, 1.02e+00, 3.79e+00, 2.14e-01, 5.11e-01, 1.59e+00]
16000 [1.15e+00, 7.00e-02, 2.16e-01, 1.81e-01, 1.45e+00, 7.24e-01, 1.02e+00, 3.81e+00, 2.04e-01, 4.88e-01, 1.62e+00]
16100 [1.17e+00, 6.98e-02, 2.16e-01, 1.96e-01, 1.47e+00, 7.35e-01, 1.02e+00, 3.84e+00, 1.98e-01, 4.75e-01, 1.64e+00]
16200 [1.18e+00, 7.04e-02, 2.07e-01, 2.08e-01, 1.47e+00, 6.72e-01, 1.02e+00, 3.86e+00, 1.87e-01, 4.81e-01, 1.67e+00]
16300 [1.18e+00, 7.15e-02, 2.03e-01, 2.03e-01, 1.49e+00, 6.83e-01, 1.02e+00, 3.89e+00, 1.85e-01, 4.59e-01, 1.69e+00]
16400 [1.20e+00, 7.11e-02, 2.01e-01, 2.13e-01, 1.51e+00, 6.94e-01, 1.02e+00, 3.92e+00, 1.81e-01, 4.39e-01, 1.71e+00]
16500 [1.16e+00, 7.17e-02, 2.03e-01, 1.87e-01, 1.53e+00, 7.00e-01, 1.02e+00, 3.95e+00, 1.90e-01, 4.11e-01, 1.74e+00]
16600 [1.18e+00, 7.13e-02, 2.03e-01, 2.03e-01, 1.55e+00, 7.10e-01, 1.02e+00, 3.97e+00, 1.83e-01, 3.87e-01, 1.76e+00]
16700 [1.20e+00, 7.10e-02, 2.03e-01, 2.17e-01, 1.57e+00, 7.22e-01, 1.02e+00, 4.00e+00, 1.78e-01, 3.60e-01, 1.79e+00]
16800 [1.18e+00, 7.13e-02, 2.03e-01, 1.98e-01, 1.56e+00, 6.56e-01, 1.02e+00, 4.03e+00, 2.22e-01, 3.55e-01, 1.82e+00]
16900 [1.19e+00, 7.21e-02, 1.94e-01, 2.16e-01, 1.57e+00, 6.49e-01, 1.02e+00, 4.05e+00, 2.17e-01, 3.32e-01, 1.85e+00]
17000 [1.21e+00, 7.23e-02, 1.89e-01, 2.30e-01, 1.59e+00, 6.60e-01, 1.02e+00, 4.07e+00, 2.12e-01, 3.02e-01, 1.88e+00]
17100 [1.23e+00, 7.24e-02, 1.86e-01, 2.41e-01, 1.61e+00, 6.71e-01, 1.02e+00, 4.09e+00, 2.08e-01, 2.70e-01, 1.91e+00]
17200 [1.19e+00, 7.30e-02, 1.90e-01, 2.12e-01, 1.50e+00, 6.78e-01, 1.02e+00, 4.12e+00, 1.85e-01, 1.83e-01, 1.94e+00]
17300 [1.21e+00, 7.25e-02, 1.91e-01, 2.22e-01, 1.52e+00, 6.90e-01, 1.02e+00, 4.14e+00, 1.79e-01, 1.64e-01, 1.97e+00]
17400 [1.23e+00, 7.23e-02, 1.91e-01, 2.30e-01, 1.54e+00, 7.01e-01, 1.02e+00, 4.16e+00, 1.73e-01, 1.49e-01, 2.00e+00]
17500 [1.25e+00, 7.22e-02, 1.92e-01, 2.37e-01, 1.56e+00, 7.13e-01, 1.02e+00, 4.19e+00, 1.68e-01, 1.35e-01, 2.03e+00]
17600 [1.19e+00, 7.27e-02, 1.97e-01, 2.08e-01, 1.46e+00, 6.99e-01, 1.02e+00, 4.21e+00, 2.01e-01, 1.02e-01, 2.07e+00]
17700 [1.20e+00, 7.24e-02, 1.98e-01, 2.18e-01, 1.48e+00, 7.12e-01, 1.02e+00, 4.23e+00, 1.93e-01, 1.02e-01, 2.11e+00]
17800 [1.22e+00, 7.24e-02, 1.98e-01, 2.27e-01, 1.50e+00, 6.93e-01, 1.02e+00, 4.25e+00, 1.63e-01, 1.17e-01, 2.15e+00]
17900 [1.24e+00, 7.27e-02, 1.91e-01, 2.32e-01, 1.52e+00, 6.65e-01, 1.02e+00, 4.26e+00, 1.40e-01, 1.30e-01, 2.19e+00]
18000 [1.26e+00, 7.29e-02, 1.86e-01, 2.37e-01, 1.53e+00, 6.78e-01, 1.02e+00, 4.28e+00, 1.37e-01, 1.22e-01, 2.22e+00]
18100 [1.23e+00, 7.39e-02, 1.88e-01, 2.04e-01, 1.55e+00, 6.88e-01, 1.02e+00, 4.30e+00, 1.30e-01, 1.07e-01, 2.26e+00]
18200 [1.24e+00, 7.34e-02, 1.89e-01, 2.14e-01, 1.57e+00, 7.00e-01, 1.02e+00, 4.32e+00, 1.23e-01, 1.03e-01, 2.30e+00]
18300 [1.26e+00, 7.32e-02, 1.89e-01, 2.23e-01, 1.60e+00, 7.12e-01, 1.02e+00, 4.34e+00, 1.16e-01, 9.97e-02, 2.34e+00]
18400 [1.26e+00, 7.41e-02, 1.86e-01, 2.17e-01, 1.60e+00, 6.46e-01, 1.02e+00, 4.36e+00, 1.03e-01, 1.32e-01, 2.37e+00]
18500 [1.28e+00, 7.39e-02, 1.80e-01, 2.25e-01, 1.62e+00, 6.56e-01, 1.02e+00, 4.38e+00, 9.72e-02, 1.23e-01, 2.41e+00]
18600 [1.25e+00, 7.49e-02, 1.80e-01, 1.86e-01, 1.61e+00, 6.67e-01, 1.02e+00, 4.40e+00, 1.04e-01, 1.05e-01, 2.45e+00]
18700 [1.27e+00, 7.44e-02, 1.79e-01, 2.01e-01, 1.63e+00, 6.79e-01, 1.02e+00, 4.41e+00, 9.53e-02, 1.01e-01, 2.49e+00]
18800 [1.29e+00, 7.43e-02, 1.79e-01, 2.12e-01, 1.66e+00, 6.91e-01, 1.02e+00, 4.43e+00, 8.79e-02, 9.80e-02, 2.53e+00]
18900 [1.25e+00, 7.48e-02, 1.81e-01, 1.98e-01, 1.53e+00, 6.77e-01, 1.02e+00, 4.44e+00, 7.43e-02, 5.39e-02, 2.57e+00]
19000 [1.27e+00, 7.44e-02, 1.81e-01, 2.05e-01, 1.54e+00, 6.90e-01, 1.02e+00, 4.45e+00, 6.79e-02, 6.58e-02, 2.61e+00]
19100 [1.29e+00, 7.42e-02, 1.81e-01, 2.10e-01, 1.55e+00, 7.03e-01, 1.02e+00, 4.47e+00, 6.29e-02, 7.42e-02, 2.66e+00]
19200 [1.29e+00, 7.39e-02, 1.82e-01, 2.04e-01, 1.56e+00, 6.61e-01, 1.02e+00, 4.49e+00, 5.53e-02, 9.86e-02, 2.69e+00]
19300 [1.28e+00, 7.52e-02, 1.74e-01, 1.98e-01, 1.56e+00, 6.21e-01, 1.02e+00, 4.50e+00, 6.23e-02, 1.02e-01, 2.72e+00]
19400 [1.30e+00, 7.54e-02, 1.68e-01, 2.06e-01, 1.57e+00, 6.32e-01, 1.02e+00, 4.51e+00, 5.79e-02, 9.98e-02, 2.75e+00]
19500 [1.32e+00, 7.55e-02, 1.65e-01, 2.10e-01, 1.58e+00, 6.42e-01, 1.02e+00, 4.53e+00, 5.47e-02, 9.80e-02, 2.79e+00]
19600 [1.27e+00, 7.64e-02, 1.66e-01, 1.71e-01, 1.59e+00, 6.52e-01, 1.02e+00, 4.55e+00, 6.06e-02, 8.86e-02, 2.82e+00]
19700 [1.29e+00, 7.60e-02, 1.68e-01, 1.82e-01, 1.61e+00, 6.62e-01, 1.02e+00, 4.56e+00, 5.38e-02, 8.87e-02, 2.86e+00]
19800 [1.31e+00, 7.58e-02, 1.69e-01, 1.92e-01, 1.62e+00, 6.73e-01, 1.02e+00, 4.57e+00, 4.75e-02, 8.95e-02, 2.90e+00]
19900 [1.33e+00, 7.56e-02, 1.70e-01, 2.00e-01, 1.63e+00, 6.84e-01, 1.02e+00, 4.58e+00, 4.20e-02, 9.02e-02, 2.94e+00]
20000 [1.34e+00, 7.55e-02, 1.71e-01, 2.03e-01, 1.65e+00, 6.94e-01, 1.02e+00, 4.60e+00, 3.92e-02, 9.05e-02, 2.98e+00]
20000 [1.34e+00, 7.55e-02, 1.71e-01, 2.03e-01, 1.65e+00, 6.94e-01, 1.02e+00, 4.60e+00, 3.92e-02, 9.05e-02, 2.98e+00]
20100 [1.32e+00, 7.55e-02, 1.73e-01, 1.85e-01, 1.62e+00, 6.82e-01, 1.02e+00, 4.60e+00, 5.12e-02, 8.92e-02, 2.98e+00]
20200 [1.32e+00, 7.60e-02, 1.73e-01, 1.86e-01, 1.63e+00, 6.85e-01, 1.02e+00, 4.60e+00, 5.06e-02, 8.95e-02, 2.99e+00]
20300 [1.33e+00, 7.58e-02, 1.73e-01, 1.87e-01, 1.63e+00, 6.88e-01, 1.02e+00, 4.60e+00, 5.00e-02, 9.00e-02, 3.00e+00]
20400 [1.33e+00, 7.57e-02, 1.73e-01, 1.89e-01, 1.64e+00, 6.92e-01, 1.02e+00, 4.60e+00, 4.92e-02, 9.06e-02, 3.01e+00]
20500 [1.33e+00, 7.57e-02, 1.73e-01, 1.90e-01, 1.65e+00, 6.96e-01, 1.02e+00, 4.60e+00, 4.83e-02, 9.10e-02, 3.03e+00]
20600 [1.34e+00, 7.57e-02, 1.74e-01, 1.92e-01, 1.65e+00, 7.01e-01, 1.02e+00, 4.60e+00, 4.74e-02, 9.14e-02, 3.04e+00]
20700 [1.34e+00, 7.57e-02, 1.74e-01, 1.94e-01, 1.66e+00, 7.07e-01, 1.02e+00, 4.60e+00, 4.64e-02, 9.18e-02, 3.06e+00]
20800 [1.34e+00, 7.57e-02, 1.75e-01, 1.96e-01, 1.67e+00, 7.13e-01, 1.02e+00, 4.60e+00, 4.52e-02, 9.20e-02, 3.08e+00]
20900 [1.35e+00, 7.59e-02, 1.73e-01, 1.98e-01, 1.67e+00, 6.74e-01, 1.02e+00, 4.60e+00, 3.13e-02, 9.59e-02, 3.10e+00]
21000 [1.35e+00, 7.59e-02, 1.71e-01, 2.00e-01, 1.68e+00, 6.80e-01, 1.02e+00, 4.60e+00, 3.01e-02, 9.57e-02, 3.12e+00]
21100 [1.36e+00, 7.61e-02, 1.70e-01, 2.02e-01, 1.69e+00, 6.87e-01, 1.02e+00, 4.60e+00, 2.90e-02, 9.52e-02, 3.14e+00]
21200 [1.36e+00, 7.62e-02, 1.70e-01, 2.04e-01, 1.70e+00, 6.94e-01, 1.02e+00, 4.61e+00, 2.77e-02, 9.47e-02, 3.16e+00]
21300 [1.37e+00, 7.66e-02, 1.69e-01, 2.07e-01, 1.69e+00, 6.91e-01, 1.02e+00, 4.61e+00, 3.20e-02, 9.95e-02, 3.19e+00]
21400 [1.37e+00, 7.64e-02, 1.68e-01, 2.10e-01, 1.68e+00, 6.88e-01, 1.02e+00, 4.61e+00, 3.19e-02, 1.00e-01, 3.21e+00]
21500 [1.37e+00, 7.64e-02, 1.68e-01, 2.09e-01, 1.69e+00, 6.96e-01, 1.02e+00, 4.61e+00, 3.06e-02, 9.82e-02, 3.24e+00]
21600 [1.37e+00, 7.66e-02, 1.69e-01, 2.07e-01, 1.70e+00, 7.04e-01, 1.02e+00, 4.61e+00, 2.88e-02, 9.52e-02, 3.27e+00]
21700 [1.38e+00, 7.68e-02, 1.68e-01, 2.09e-01, 1.71e+00, 6.80e-01, 1.02e+00, 4.61e+00, 2.22e-02, 1.02e-01, 3.30e+00]
21800 [1.37e+00, 7.73e-02, 1.67e-01, 2.06e-01, 1.68e+00, 6.89e-01, 1.02e+00, 4.61e+00, 2.20e-02, 8.68e-02, 3.33e+00]
21900 [1.38e+00, 7.70e-02, 1.68e-01, 2.08e-01, 1.68e+00, 6.98e-01, 1.02e+00, 4.62e+00, 1.93e-02, 8.39e-02, 3.37e+00]
22000 [1.39e+00, 7.71e-02, 1.68e-01, 2.10e-01, 1.69e+00, 6.79e-01, 1.02e+00, 4.62e+00, 1.91e-02, 9.99e-02, 3.40e+00]
22100 [1.39e+00, 7.74e-02, 1.64e-01, 2.07e-01, 1.70e+00, 6.69e-01, 1.02e+00, 4.62e+00, 1.84e-02, 1.03e-01, 3.44e+00]
22200 [1.38e+00, 7.80e-02, 1.64e-01, 2.01e-01, 1.72e+00, 6.80e-01, 1.02e+00, 4.62e+00, 1.88e-02, 9.82e-02, 3.47e+00]
22300 [1.39e+00, 7.77e-02, 1.64e-01, 2.04e-01, 1.73e+00, 6.91e-01, 1.02e+00, 4.63e+00, 1.68e-02, 9.65e-02, 3.51e+00]
22400 [1.38e+00, 7.78e-02, 1.64e-01, 1.97e-01, 1.66e+00, 6.97e-01, 1.02e+00, 4.63e+00, 1.63e-02, 6.24e-02, 3.55e+00]
22500 [1.39e+00, 7.78e-02, 1.66e-01, 2.01e-01, 1.66e+00, 7.06e-01, 1.02e+00, 4.63e+00, 1.25e-02, 6.89e-02, 3.60e+00]
22600 [1.40e+00, 7.79e-02, 1.64e-01, 2.04e-01, 1.68e+00, 6.78e-01, 1.02e+00, 4.63e+00, 8.53e-03, 8.87e-02, 3.64e+00]
22700 [1.39e+00, 7.81e-02, 1.64e-01, 1.96e-01, 1.69e+00, 6.90e-01, 1.02e+00, 4.64e+00, 9.68e-03, 8.94e-02, 3.68e+00]
22800 [1.40e+00, 7.81e-02, 1.64e-01, 2.01e-01, 1.70e+00, 7.02e-01, 1.02e+00, 4.64e+00, 6.83e-03, 9.07e-02, 3.73e+00]
22900 [1.40e+00, 7.88e-02, 1.62e-01, 1.94e-01, 1.71e+00, 6.51e-01, 1.02e+00, 4.64e+00, 7.73e-03, 1.12e-01, 3.77e+00]
23000 [1.41e+00, 7.87e-02, 1.59e-01, 1.99e-01, 1.73e+00, 6.64e-01, 1.02e+00, 4.65e+00, 4.69e-03, 1.05e-01, 3.82e+00]
23100 [1.39e+00, 7.90e-02, 1.58e-01, 1.82e-01, 1.74e+00, 6.76e-01, 1.02e+00, 4.65e+00, 7.54e-03, 9.33e-02, 3.87e+00]
23200 [1.41e+00, 7.90e-02, 1.59e-01, 1.89e-01, 1.75e+00, 6.89e-01, 1.02e+00, 4.65e+00, 3.66e-03, 9.25e-02, 3.92e+00]
23300 [1.42e+00, 7.89e-02, 1.61e-01, 1.96e-01, 1.77e+00, 7.02e-01, 1.02e+00, 4.66e+00, -3.48e-04, 9.24e-02, 3.97e+00]
23400 [1.42e+00, 7.91e-02, 1.58e-01, 1.97e-01, 1.67e+00, 6.49e-01, 1.02e+00, 4.66e+00, -1.39e-02, 6.83e-02, 4.02e+00]
23500 [1.43e+00, 7.94e-02, 1.55e-01, 1.98e-01, 1.68e+00, 6.63e-01, 1.02e+00, 4.66e+00, -1.59e-02, 7.79e-02, 4.07e+00]
23600 [1.41e+00, 7.97e-02, 1.56e-01, 1.83e-01, 1.70e+00, 6.75e-01, 1.02e+00, 4.67e+00, -1.41e-02, 8.17e-02, 4.12e+00]
23700 [1.43e+00, 7.96e-02, 1.57e-01, 1.90e-01, 1.71e+00, 6.89e-01, 1.02e+00, 4.67e+00, -1.74e-02, 8.55e-02, 4.18e+00]
23800 [1.44e+00, 7.95e-02, 1.58e-01, 1.96e-01, 1.73e+00, 7.02e-01, 1.02e+00, 4.68e+00, -2.05e-02, 8.80e-02, 4.23e+00]
23900 [1.41e+00, 8.02e-02, 1.54e-01, 1.76e-01, 1.73e+00, 6.20e-01, 1.02e+00, 4.68e+00, -2.56e-03, 1.18e-01, 4.27e+00]
24000 [1.43e+00, 8.04e-02, 1.50e-01, 1.86e-01, 1.74e+00, 6.33e-01, 1.02e+00, 4.68e+00, -6.43e-03, 1.10e-01, 4.32e+00]
24100 [1.45e+00, 8.05e-02, 1.48e-01, 1.93e-01, 1.76e+00, 6.46e-01, 1.02e+00, 4.68e+00, -9.38e-03, 1.04e-01, 4.37e+00]
24200 [1.41e+00, 8.13e-02, 1.49e-01, 1.40e-01, 1.74e+00, 6.57e-01, 1.02e+00, 4.69e+00, -8.24e-03, 8.28e-02, 4.42e+00]
24300 [1.42e+00, 8.11e-02, 1.50e-01, 1.53e-01, 1.75e+00, 6.69e-01, 1.02e+00, 4.70e+00, -1.65e-02, 8.36e-02, 4.48e+00]
24400 [1.44e+00, 8.08e-02, 1.52e-01, 1.66e-01, 1.77e+00, 6.81e-01, 1.02e+00, 4.70e+00, -2.26e-02, 8.62e-02, 4.53e+00]
24500 [1.46e+00, 8.05e-02, 1.53e-01, 1.78e-01, 1.78e+00, 6.94e-01, 1.02e+00, 4.70e+00, -2.68e-02, 8.82e-02, 4.59e+00]
24600 [1.45e+00, 8.08e-02, 1.51e-01, 1.90e-01, 1.72e+00, 6.53e-01, 1.02e+00, 4.70e+00, -3.20e-02, 8.64e-02, 4.64e+00]
24700 [1.47e+00, 8.09e-02, 1.50e-01, 1.95e-01, 1.73e+00, 6.68e-01, 1.02e+00, 4.71e+00, -3.49e-02, 8.90e-02, 4.70e+00]
24800 [1.44e+00, 8.12e-02, 1.50e-01, 1.74e-01, 1.74e+00, 6.70e-01, 1.02e+00, 4.72e+00, -1.69e-02, 8.93e-02, 4.76e+00]
24900 [1.46e+00, 8.11e-02, 1.51e-01, 1.84e-01, 1.76e+00, 6.84e-01, 1.02e+00, 4.72e+00, -2.15e-02, 9.07e-02, 4.83e+00]
25000 [1.48e+00, 8.11e-02, 1.52e-01, 1.91e-01, 1.78e+00, 6.91e-01, 1.02e+00, 4.73e+00, -2.63e-02, 9.25e-02, 4.89e+00]
25100 [1.46e+00, 8.17e-02, 1.49e-01, 1.75e-01, 1.76e+00, 6.33e-01, 1.02e+00, 4.74e+00, -4.22e-02, 1.01e-01, 4.94e+00]
25200 [1.48e+00, 8.18e-02, 1.46e-01, 1.84e-01, 1.77e+00, 6.46e-01, 1.02e+00, 4.74e+00, -4.63e-02, 9.66e-02, 4.99e+00]
25300 [1.45e+00, 8.24e-02, 1.46e-01, 1.49e-01, 1.78e+00, 6.59e-01, 1.02e+00, 4.75e+00, -4.03e-02, 8.42e-02, 5.05e+00]
25400 [1.47e+00, 8.21e-02, 1.46e-01, 1.62e-01, 1.79e+00, 6.71e-01, 1.02e+00, 4.75e+00, -4.57e-02, 8.59e-02, 5.11e+00]
25500 [1.49e+00, 8.20e-02, 1.47e-01, 1.74e-01, 1.81e+00, 6.84e-01, 1.02e+00, 4.76e+00, -5.16e-02, 8.75e-02, 5.17e+00]
25600 [1.47e+00, 8.24e-02, 1.46e-01, 1.72e-01, 1.73e+00, 6.24e-01, 1.02e+00, 4.76e+00, 3.95e-02, 1.26e-01, 5.21e+00]
25700 [1.48e+00, 8.25e-02, 1.42e-01, 1.83e-01, 1.71e+00, 6.24e-01, 1.02e+00, 4.76e+00, 5.58e-02, 1.09e-01, 5.28e+00]
25800 [1.50e+00, 8.27e-02, 1.40e-01, 1.93e-01, 1.72e+00, 6.37e-01, 1.02e+00, 4.77e+00, 5.29e-02, 1.07e-01, 5.34e+00]
25900 [1.47e+00, 8.35e-02, 1.40e-01, 1.62e-01, 1.73e+00, 6.49e-01, 1.02e+00, 4.78e+00, 5.33e-02, 1.02e-01, 5.39e+00]
26000 [1.48e+00, 8.31e-02, 1.41e-01, 1.74e-01, 1.75e+00, 6.62e-01, 1.02e+00, 4.79e+00, 4.92e-02, 1.01e-01, 5.46e+00]
26100 [1.50e+00, 8.30e-02, 1.42e-01, 1.86e-01, 1.76e+00, 6.74e-01, 1.02e+00, 4.79e+00, 4.55e-02, 1.01e-01, 5.52e+00]
26200 [1.52e+00, 8.28e-02, 1.44e-01, 1.96e-01, 1.77e+00, 6.60e-01, 1.02e+00, 4.80e+00, 1.56e-02, 8.01e-02, 5.58e+00]
26300 [1.52e+00, 8.33e-02, 1.41e-01, 1.85e-01, 1.76e+00, 6.27e-01, 1.02e+00, 4.81e+00, -3.37e-02, 7.25e-02, 5.62e+00]
26400 [1.51e+00, 8.36e-02, 1.38e-01, 1.68e-01, 1.78e+00, 6.40e-01, 1.02e+00, 4.82e+00, -3.42e-02, 7.99e-02, 5.67e+00]
26500 [1.51e+00, 8.39e-02, 1.38e-01, 1.68e-01, 1.80e+00, 6.52e-01, 1.02e+00, 4.83e+00, -3.66e-02, 8.42e-02, 5.72e+00]
26600 [1.53e+00, 8.38e-02, 1.39e-01, 1.78e-01, 1.81e+00, 6.64e-01, 1.02e+00, 4.83e+00, -3.96e-02, 8.79e-02, 5.78e+00]
26700 [1.49e+00, 8.20e-02, 1.39e-01, 1.35e-01, 1.81e+00, 6.71e-01, 1.02e+00, 4.85e+00, -3.92e-02, 1.28e-02, 5.83e+00]
26800 [1.51e+00, 8.44e-02, 1.42e-01, 1.52e-01, 1.83e+00, 6.82e-01, 1.02e+00, 4.85e+00, -4.59e-02, 3.15e-02, 5.89e+00]
26900 [1.53e+00, 8.42e-02, 1.43e-01, 1.66e-01, 1.83e+00, 6.47e-01, 1.02e+00, 4.85e+00, -3.63e-02, 6.43e-02, 5.94e+00]
27000 [1.55e+00, 8.42e-02, 1.40e-01, 1.78e-01, 1.84e+00, 6.49e-01, 1.02e+00, 4.86e+00, -4.30e-02, 7.56e-02, 6.00e+00]
27100 [1.52e+00, 8.49e-02, 1.40e-01, 1.56e-01, 1.83e+00, 6.61e-01, 1.02e+00, 4.87e+00, -4.45e-02, 8.03e-02, 6.06e+00]
27200 [1.54e+00, 8.45e-02, 1.40e-01, 1.70e-01, 1.85e+00, 6.74e-01, 1.02e+00, 4.87e+00, -4.96e-02, 8.36e-02, 6.12e+00]
27300 [1.56e+00, 8.45e-02, 1.41e-01, 1.81e-01, 1.87e+00, 6.88e-01, 1.02e+00, 4.88e+00, -5.34e-02, 8.61e-02, 6.18e+00]
27400 [1.53e+00, 8.51e-02, 1.39e-01, 1.59e-01, 1.80e+00, 6.01e-01, 1.02e+00, 4.88e+00, -3.61e-02, 1.04e-01, 6.23e+00]
27500 [1.55e+00, 8.53e-02, 1.34e-01, 1.71e-01, 1.81e+00, 6.15e-01, 1.02e+00, 4.89e+00, -3.95e-02, 1.01e-01, 6.29e+00]
27600 [1.58e+00, 8.54e-02, 1.31e-01, 1.79e-01, 1.83e+00, 6.27e-01, 1.02e+00, 4.89e+00, -4.19e-02, 9.88e-02, 6.35e+00]
27700 [1.53e+00, 8.60e-02, 1.31e-01, 1.51e-01, 1.82e+00, 6.39e-01, 1.02e+00, 4.90e+00, -4.75e-02, 9.30e-02, 6.40e+00]
27800 [1.55e+00, 8.57e-02, 1.32e-01, 1.64e-01, 1.83e+00, 6.52e-01, 1.02e+00, 4.90e+00, -5.11e-02, 9.20e-02, 6.46e+00]
27900 [1.57e+00, 8.56e-02, 1.33e-01, 1.74e-01, 1.85e+00, 6.64e-01, 1.02e+00, 4.91e+00, -5.41e-02, 9.20e-02, 6.52e+00]
28000 [1.58e+00, 8.54e-02, 1.34e-01, 1.73e-01, 1.87e+00, 6.76e-01, 1.02e+00, 4.92e+00, -5.84e-02, 9.19e-02, 6.58e+00]
28100 [1.54e+00, 8.60e-02, 1.37e-01, 1.53e-01, 1.79e+00, 6.82e-01, 1.02e+00, 4.93e+00, -8.02e-02, 6.62e-02, 6.65e+00]
28200 [1.56e+00, 8.58e-02, 1.38e-01, 1.63e-01, 1.80e+00, 6.47e-01, 1.02e+00, 4.94e+00, -8.20e-02, 8.50e-02, 6.71e+00]
28300 [1.58e+00, 8.60e-02, 1.36e-01, 1.72e-01, 1.82e+00, 6.60e-01, 1.02e+00, 4.95e+00, -8.46e-02, 8.69e-02, 6.77e+00]
28400 [1.60e+00, 8.61e-02, 1.36e-01, 1.80e-01, 1.84e+00, 6.75e-01, 1.02e+00, 4.96e+00, -8.73e-02, 8.80e-02, 6.84e+00]
28500 [1.56e+00, 8.65e-02, 1.37e-01, 1.47e-01, 1.83e+00, 6.77e-01, 1.02e+00, 4.97e+00, -8.67e-02, 7.32e-02, 6.91e+00]
28600 [1.58e+00, 8.63e-02, 1.38e-01, 1.60e-01, 1.85e+00, 6.63e-01, 1.02e+00, 4.98e+00, -8.83e-02, 8.59e-02, 6.98e+00]
28700 [1.60e+00, 8.65e-02, 1.35e-01, 1.71e-01, 1.86e+00, 6.47e-01, 1.02e+00, 4.98e+00, -8.58e-02, 9.18e-02, 7.05e+00]
28800 [1.58e+00, 8.79e-02, 1.34e-01, 1.48e-01, 1.86e+00, 6.61e-01, 1.02e+00, 4.99e+00, -8.67e-02, 8.74e-02, 7.12e+00]
28900 [1.60e+00, 8.70e-02, 1.34e-01, 1.61e-01, 1.88e+00, 6.75e-01, 1.02e+00, 5.00e+00, -9.15e-02, 8.69e-02, 7.19e+00]
29000 [1.61e+00, 8.66e-02, 1.36e-01, 1.67e-01, 1.89e+00, 6.49e-01, 1.02e+00, 5.00e+00, -8.61e-02, 9.83e-02, 7.25e+00]
29100 [1.62e+00, 8.73e-02, 1.32e-01, 1.70e-01, 1.88e+00, 6.37e-01, 1.02e+00, 5.01e+00, -9.90e-02, 9.60e-02, 7.32e+00]
29200 [1.60e+00, 8.81e-02, 1.30e-01, 1.48e-01, 1.88e+00, 6.51e-01, 1.02e+00, 5.02e+00, -9.98e-02, 8.73e-02, 7.39e+00]
29300 [1.62e+00, 8.78e-02, 1.30e-01, 1.62e-01, 1.91e+00, 6.66e-01, 1.02e+00, 5.02e+00, -1.05e-01, 8.69e-02, 7.46e+00]
29400 [1.59e+00, 8.85e-02, 1.31e-01, 1.48e-01, 1.86e+00, 6.55e-01, 1.02e+00, 5.03e+00, -1.35e-01, 5.43e-02, 7.53e+00]
29500 [1.61e+00, 8.84e-02, 1.31e-01, 1.56e-01, 1.84e+00, 6.58e-01, 1.02e+00, 5.03e+00, -1.46e-01, 4.77e-02, 7.60e+00]
29600 [1.63e+00, 8.83e-02, 1.31e-01, 1.65e-01, 1.86e+00, 6.74e-01, 1.02e+00, 5.04e+00, -1.50e-01, 6.42e-02, 7.67e+00]
29700 [1.60e+00, 8.88e-02, 1.32e-01, 1.31e-01, 1.87e+00, 6.14e-01, 1.02e+00, 5.06e+00, -1.19e-01, 8.61e-02, 7.73e+00]
29800 [1.61e+00, 8.89e-02, 1.28e-01, 1.44e-01, 1.88e+00, 6.21e-01, 1.02e+00, 5.06e+00, -1.27e-01, 8.47e-02, 7.80e+00]
29900 [1.63e+00, 8.91e-02, 1.26e-01, 1.58e-01, 1.90e+00, 6.37e-01, 1.02e+00, 5.06e+00, -1.31e-01, 8.45e-02, 7.87e+00]
30000 [1.62e+00, 8.80e-02, 1.26e-01, 1.42e-01, 1.91e+00, 6.49e-01, 1.02e+00, 5.07e+00, -1.38e-01, 7.90e-02, 7.94e+00]
30000 [1.62e+00, 8.80e-02, 1.26e-01, 1.42e-01, 1.91e+00, 6.49e-01, 1.02e+00, 5.07e+00, -1.38e-01, 7.90e-02, 7.94e+00]
30100 [1.61e+00, 8.46e-02, 1.30e-01, 1.28e-01, 1.90e+00, 6.31e-01, 1.02e+00, 5.07e+00, -1.38e-01, 5.24e-02, 7.95e+00]
30200 [1.61e+00, 8.81e-02, 1.30e-01, 1.29e-01, 1.90e+00, 6.39e-01, 1.02e+00, 5.07e+00, -1.40e-01, 5.59e-02, 7.98e+00]
30300 [1.61e+00, 8.92e-02, 1.30e-01, 1.31e-01, 1.90e+00, 6.48e-01, 1.02e+00, 5.07e+00, -1.42e-01, 5.96e-02, 8.02e+00]
30400 [1.61e+00, 8.93e-02, 1.30e-01, 1.32e-01, 1.90e+00, 6.59e-01, 1.02e+00, 5.07e+00, -1.44e-01, 6.31e-02, 8.06e+00]
30500 [1.61e+00, 8.93e-02, 1.30e-01, 1.33e-01, 1.91e+00, 6.48e-01, 1.02e+00, 5.07e+00, -1.46e-01, 6.89e-02, 8.11e+00]
30600 [1.62e+00, 8.93e-02, 1.29e-01, 1.35e-01, 1.91e+00, 6.41e-01, 1.02e+00, 5.07e+00, -1.46e-01, 7.35e-02, 8.16e+00]
30700 [1.62e+00, 8.94e-02, 1.29e-01, 1.37e-01, 1.92e+00, 6.55e-01, 1.02e+00, 5.07e+00, -1.49e-01, 7.56e-02, 8.21e+00]
30800 [1.62e+00, 8.95e-02, 1.29e-01, 1.39e-01, 1.92e+00, 6.69e-01, 1.02e+00, 5.07e+00, -1.51e-01, 7.74e-02, 8.27e+00]
30900 [1.63e+00, 8.96e-02, 1.30e-01, 1.41e-01, 1.93e+00, 6.83e-01, 1.02e+00, 5.07e+00, -1.53e-01, 7.89e-02, 8.32e+00]
31000 [1.63e+00, 8.98e-02, 1.29e-01, 1.43e-01, 1.93e+00, 6.30e-01, 1.02e+00, 5.07e+00, -1.43e-01, 8.77e-02, 8.37e+00]
31100 [1.63e+00, 8.99e-02, 1.28e-01, 1.45e-01, 1.94e+00, 6.44e-01, 1.02e+00, 5.07e+00, -1.45e-01, 8.70e-02, 8.43e+00]
31200 [1.64e+00, 9.01e-02, 1.28e-01, 1.47e-01, 1.95e+00, 6.57e-01, 1.02e+00, 5.07e+00, -1.47e-01, 8.63e-02, 8.49e+00]
31300 [1.64e+00, 9.02e-02, 1.28e-01, 1.49e-01, 1.95e+00, 6.71e-01, 1.02e+00, 5.07e+00, -1.50e-01, 8.56e-02, 8.55e+00]
31400 [1.65e+00, 9.03e-02, 1.29e-01, 1.51e-01, 1.96e+00, 6.81e-01, 1.02e+00, 5.07e+00, -1.52e-01, 8.56e-02, 8.61e+00]
31500 [1.65e+00, 9.08e-02, 1.26e-01, 1.53e-01, 1.96e+00, 6.11e-01, 1.02e+00, 5.07e+00, -1.47e-01, 9.75e-02, 8.64e+00]
31600 [1.65e+00, 9.05e-02, 1.24e-01, 1.55e-01, 1.97e+00, 6.22e-01, 1.02e+00, 5.07e+00, -1.49e-01, 9.17e-02, 8.68e+00]
31700 [1.65e+00, 9.10e-02, 1.22e-01, 1.56e-01, 1.98e+00, 6.33e-01, 1.02e+00, 5.07e+00, -1.51e-01, 8.87e-02, 8.73e+00]
31800 [1.65e+00, 9.10e-02, 1.22e-01, 1.58e-01, 1.97e+00, 6.43e-01, 1.02e+00, 5.07e+00, -1.52e-01, 8.62e-02, 8.78e+00]
31900 [1.66e+00, 9.12e-02, 1.22e-01, 1.60e-01, 1.99e+00, 6.53e-01, 1.02e+00, 5.07e+00, -1.54e-01, 8.49e-02, 8.83e+00]
32000 [1.65e+00, 9.20e-02, 1.23e-01, 1.54e-01, 1.97e+00, 6.54e-01, 1.02e+00, 5.07e+00, -1.68e-01, 8.58e-02, 8.88e+00]
32100 [1.66e+00, 9.15e-02, 1.24e-01, 1.55e-01, 1.98e+00, 6.64e-01, 1.02e+00, 5.07e+00, -1.71e-01, 8.35e-02, 8.94e+00]
32200 [1.66e+00, 9.16e-02, 1.25e-01, 1.58e-01, 1.99e+00, 6.75e-01, 1.02e+00, 5.07e+00, -1.73e-01, 8.22e-02, 8.99e+00]
32300 [1.65e+00, 9.20e-02, 1.24e-01, 1.50e-01, 1.97e+00, 6.01e-01, 1.02e+00, 5.07e+00, -1.18e-01, 1.02e-01, 9.02e+00]
32400 [1.66e+00, 9.23e-02, 1.21e-01, 1.54e-01, 1.98e+00, 6.13e-01, 1.02e+00, 5.07e+00, -1.20e-01, 9.53e-02, 9.08e+00]
32500 [1.67e+00, 9.26e-02, 1.20e-01, 1.58e-01, 2.00e+00, 6.26e-01, 1.02e+00, 5.07e+00, -1.22e-01, 9.13e-02, 9.14e+00]
32600 [1.65e+00, 9.30e-02, 1.20e-01, 1.40e-01, 1.97e+00, 6.35e-01, 1.02e+00, 5.07e+00, -1.46e-01, 8.66e-02, 9.20e+00]
32700 [1.66e+00, 9.29e-02, 1.20e-01, 1.45e-01, 1.99e+00, 6.47e-01, 1.02e+00, 5.07e+00, -1.49e-01, 8.43e-02, 9.26e+00]
32800 [1.67e+00, 9.30e-02, 1.21e-01, 1.50e-01, 2.00e+00, 6.60e-01, 1.02e+00, 5.07e+00, -1.51e-01, 8.34e-02, 9.32e+00]
32900 [1.65e+00, 9.34e-02, 1.23e-01, 1.53e-01, 1.90e+00, 6.48e-01, 1.02e+00, 5.07e+00, -1.62e-01, 6.53e-02, 9.38e+00]
33000 [1.66e+00, 9.32e-02, 1.23e-01, 1.56e-01, 1.90e+00, 6.61e-01, 1.02e+00, 5.07e+00, -1.65e-01, 6.70e-02, 9.44e+00]
33100 [1.67e+00, 9.33e-02, 1.24e-01, 1.59e-01, 1.92e+00, 6.75e-01, 1.02e+00, 5.07e+00, -1.67e-01, 7.53e-02, 9.51e+00]
33200 [1.68e+00, 9.36e-02, 1.24e-01, 1.59e-01, 1.92e+00, 6.06e-01, 1.02e+00, 5.07e+00, -1.74e-01, 1.09e-01, 9.55e+00]
33300 [1.68e+00, 9.45e-02, 1.20e-01, 1.53e-01, 1.94e+00, 6.18e-01, 1.02e+00, 5.07e+00, -1.75e-01, 9.59e-02, 9.61e+00]
33400 [1.69e+00, 9.44e-02, 1.19e-01, 1.57e-01, 1.95e+00, 6.30e-01, 1.02e+00, 5.07e+00, -1.76e-01, 8.84e-02, 9.67e+00]
33500 [1.68e+00, 9.50e-02, 1.19e-01, 1.44e-01, 1.96e+00, 6.42e-01, 1.02e+00, 5.07e+00, -1.85e-01, 8.22e-02, 9.73e+00]
33600 [1.69e+00, 9.49e-02, 1.19e-01, 1.49e-01, 1.97e+00, 6.54e-01, 1.02e+00, 5.07e+00, -1.87e-01, 8.10e-02, 9.79e+00]
33700 [1.68e+00, 9.36e-02, 1.21e-01, 1.34e-01, 1.98e+00, 6.55e-01, 1.02e+00, 5.07e+00, -2.24e-01, 6.31e-02, 9.85e+00]
33800 [1.69e+00, 9.53e-02, 1.22e-01, 1.40e-01, 1.99e+00, 6.67e-01, 1.02e+00, 5.07e+00, -2.29e-01, 6.83e-02, 9.92e+00]
33900 [1.70e+00, 9.57e-02, 1.23e-01, 1.43e-01, 2.00e+00, 6.28e-01, 1.02e+00, 5.07e+00, -2.12e-01, 9.06e-02, 9.98e+00]
34000 [1.70e+00, 9.59e-02, 1.20e-01, 1.38e-01, 2.01e+00, 6.33e-01, 1.02e+00, 5.07e+00, -2.16e-01, 8.37e-02, 1.00e+01]
34100 [1.70e+00, 9.63e-02, 1.19e-01, 1.40e-01, 2.03e+00, 6.46e-01, 1.02e+00, 5.07e+00, -2.20e-01, 7.89e-02, 1.01e+01]
34200 [1.69e+00, 9.65e-02, 1.19e-01, 1.35e-01, 2.00e+00, 6.54e-01, 1.02e+00, 5.07e+00, -2.40e-01, 7.00e-02, 1.02e+01]
34300 [1.71e+00, 9.66e-02, 1.20e-01, 1.42e-01, 2.01e+00, 6.68e-01, 1.02e+00, 5.07e+00, -2.42e-01, 7.26e-02, 1.03e+01]
34400 [1.69e+00, 9.78e-02, 1.21e-01, 1.17e-01, 1.99e+00, 6.07e-01, 1.02e+00, 5.07e+00, -2.50e-01, 6.23e-02, 1.03e+01]
34500 [1.71e+00, 9.76e-02, 1.18e-01, 1.26e-01, 2.01e+00, 6.21e-01, 1.02e+00, 5.06e+00, -2.52e-01, 6.52e-02, 1.04e+01]
34600 [1.72e+00, 9.79e-02, 1.16e-01, 1.35e-01, 2.03e+00, 6.36e-01, 1.02e+00, 5.06e+00, -2.54e-01, 6.89e-02, 1.05e+01]
34700 [1.70e+00, 9.81e-02, 1.17e-01, 1.30e-01, 2.00e+00, 6.45e-01, 1.02e+00, 5.06e+00, -2.70e-01, 5.70e-02, 1.05e+01]
34800 [1.72e+00, 9.81e-02, 1.17e-01, 1.37e-01, 2.02e+00, 6.60e-01, 1.02e+00, 5.06e+00, -2.72e-01, 6.52e-02, 1.06e+01]
34900 [1.70e+00, 9.88e-02, 1.18e-01, 1.11e-01, 2.01e+00, 6.39e-01, 1.02e+00, 5.06e+00, -3.41e-01, 6.83e-02, 1.07e+01]
35000 [1.72e+00, 9.88e-02, 1.18e-01, 1.20e-01, 2.03e+00, 6.54e-01, 1.02e+00, 5.06e+00, -3.44e-01, 6.37e-02, 1.07e+01]
35100 [1.74e+00, 9.89e-02, 1.19e-01, 1.27e-01, 2.06e+00, 6.70e-01, 1.02e+00, 5.06e+00, -3.44e-01, 6.27e-02, 1.08e+01]
35200 [1.71e+00, 9.93e-02, 1.19e-01, 1.30e-01, 1.95e+00, 6.58e-01, 1.02e+00, 5.05e+00, -4.10e-01, 4.62e-02, 1.09e+01]
35300 [1.73e+00, 9.95e-02, 1.19e-01, 1.31e-01, 1.96e+00, 6.74e-01, 1.02e+00, 5.05e+00, -4.08e-01, 5.22e-02, 1.10e+01]
35400 [1.73e+00, 1.00e-01, 1.17e-01, 1.20e-01, 1.97e+00, 6.25e-01, 1.02e+00, 5.06e+00, -3.70e-01, 6.14e-02, 1.10e+01]
35500 [1.75e+00, 1.00e-01, 1.16e-01, 1.23e-01, 1.98e+00, 6.42e-01, 1.02e+00, 5.05e+00, -3.70e-01, 5.91e-02, 1.11e+01]
35600 [1.73e+00, 1.01e-01, 1.15e-01, 1.04e-01, 2.00e+00, 6.52e-01, 1.02e+00, 5.05e+00, -3.81e-01, 5.46e-02, 1.12e+01]
35700 [1.75e+00, 1.01e-01, 1.16e-01, 1.13e-01, 2.01e+00, 6.68e-01, 1.02e+00, 5.05e+00, -3.82e-01, 5.65e-02, 1.13e+01]
35800 [1.74e+00, 1.01e-01, 1.15e-01, 9.85e-02, 1.98e+00, 6.09e-01, 1.02e+00, 5.05e+00, -3.18e-01, 2.44e-02, 1.13e+01]
35900 [1.76e+00, 1.02e-01, 1.13e-01, 1.12e-01, 1.99e+00, 6.25e-01, 1.02e+00, 5.05e+00, -3.20e-01, 4.33e-02, 1.14e+01]
36000 [1.73e+00, 1.03e-01, 1.12e-01, 8.52e-02, 2.01e+00, 6.33e-01, 1.02e+00, 5.05e+00, -3.40e-01, 5.38e-02, 1.15e+01]
36100 [1.74e+00, 1.03e-01, 1.13e-01, 9.92e-02, 2.02e+00, 6.48e-01, 1.02e+00, 5.05e+00, -3.43e-01, 5.75e-02, 1.16e+01]
36200 [1.76e+00, 1.03e-01, 1.14e-01, 1.11e-01, 2.04e+00, 6.64e-01, 1.02e+00, 5.05e+00, -3.46e-01, 5.99e-02, 1.16e+01]
36300 [1.74e+00, 1.01e-01, 1.15e-01, 8.46e-02, 2.00e+00, 5.94e-01, 1.02e+00, 5.05e+00, -3.61e-01, 4.54e-02, 1.17e+01]
36400 [1.76e+00, 1.04e-01, 1.11e-01, 9.60e-02, 2.01e+00, 6.01e-01, 1.02e+00, 5.04e+00, -3.71e-01, 4.53e-02, 1.18e+01]
36500 [1.78e+00, 1.04e-01, 1.09e-01, 1.06e-01, 2.03e+00, 6.16e-01, 1.02e+00, 5.04e+00, -3.72e-01, 5.01e-02, 1.19e+01]
36600 [1.76e+00, 1.05e-01, 1.09e-01, 9.16e-02, 2.03e+00, 6.26e-01, 1.02e+00, 5.04e+00, -3.77e-01, 4.86e-02, 1.19e+01]
36700 [1.78e+00, 1.05e-01, 1.09e-01, 1.03e-01, 2.05e+00, 6.41e-01, 1.02e+00, 5.04e+00, -3.78e-01, 5.32e-02, 1.20e+01]
36800 [1.75e+00, 1.05e-01, 1.10e-01, 8.20e-02, 2.05e+00, 6.22e-01, 1.02e+00, 5.04e+00, -4.17e-01, 6.07e-02, 1.21e+01]
36900 [1.76e+00, 1.06e-01, 1.10e-01, 9.24e-02, 2.07e+00, 6.35e-01, 1.02e+00, 5.03e+00, -4.20e-01, 5.54e-02, 1.22e+01]
37000 [1.78e+00, 1.06e-01, 1.10e-01, 1.03e-01, 2.09e+00, 6.51e-01, 1.02e+00, 5.03e+00, -4.21e-01, 5.40e-02, 1.22e+01]
37100 [1.75e+00, 1.05e-01, 1.11e-01, 1.05e-01, 2.05e+00, 6.01e-01, 1.02e+00, 5.03e+00, -4.81e-01, 5.59e-02, 1.23e+01]
37200 [1.77e+00, 1.07e-01, 1.08e-01, 1.09e-01, 2.05e+00, 6.05e-01, 1.02e+00, 5.02e+00, -4.87e-01, 4.79e-02, 1.24e+01]
37300 [1.79e+00, 1.07e-01, 1.07e-01, 1.12e-01, 2.07e+00, 6.23e-01, 1.02e+00, 5.01e+00, -4.84e-01, 4.57e-02, 1.25e+01]
37400 [1.77e+00, 1.08e-01, 1.07e-01, 6.71e-02, 2.04e+00, 6.23e-01, 1.02e+00, 5.02e+00, -4.63e-01, 3.70e-02, 1.25e+01]
37500 [1.79e+00, 1.08e-01, 1.07e-01, 7.99e-02, 2.06e+00, 6.41e-01, 1.02e+00, 5.01e+00, -4.64e-01, 4.25e-02, 1.26e+01]
37600 [1.81e+00, 1.08e-01, 1.08e-01, 9.01e-02, 2.08e+00, 6.57e-01, 1.02e+00, 5.01e+00, -4.65e-01, 4.58e-02, 1.27e+01]
37700 [1.78e+00, 1.09e-01, 1.06e-01, 8.30e-02, 2.01e+00, 6.14e-01, 1.02e+00, 5.01e+00, -4.01e-01, 4.49e-02, 1.28e+01]
37800 [1.80e+00, 1.10e-01, 1.05e-01, 9.38e-02, 2.03e+00, 6.31e-01, 1.02e+00, 5.00e+00, -4.03e-01, 5.20e-02, 1.28e+01]
37900 [1.80e+00, 1.10e-01, 1.06e-01, 8.57e-02, 2.05e+00, 6.36e-01, 1.02e+00, 5.01e+00, -4.12e-01, 5.83e-02, 1.29e+01]
38000 [1.78e+00, 1.11e-01, 1.06e-01, 6.94e-02, 2.05e+00, 6.01e-01, 1.02e+00, 5.00e+00, -4.01e-01, 3.29e-02, 1.30e+01]
38100 [1.80e+00, 1.11e-01, 1.04e-01, 8.40e-02, 2.07e+00, 6.20e-01, 1.02e+00, 5.00e+00, -4.03e-01, 4.63e-02, 1.31e+01]
38200 [1.82e+00, 1.11e-01, 1.04e-01, 9.54e-02, 2.09e+00, 6.37e-01, 1.02e+00, 4.99e+00, -4.04e-01, 5.22e-02, 1.32e+01]
38300 [1.78e+00, 1.11e-01, 1.05e-01, 6.84e-02, 2.05e+00, 6.03e-01, 1.02e+00, 5.00e+00, -4.49e-01, 3.55e-02, 1.32e+01]
38400 [1.80e+00, 1.12e-01, 1.04e-01, 8.17e-02, 2.07e+00, 6.22e-01, 1.02e+00, 4.99e+00, -4.51e-01, 4.31e-02, 1.33e+01]
38500 [1.81e+00, 1.13e-01, 1.04e-01, 9.20e-02, 2.09e+00, 6.40e-01, 1.02e+00, 4.99e+00, -4.51e-01, 4.74e-02, 1.34e+01]
38600 [1.81e+00, 1.13e-01, 1.05e-01, 8.65e-02, 2.11e+00, 6.38e-01, 1.02e+00, 4.99e+00, -4.72e-01, 5.12e-02, 1.35e+01]
38700 [1.79e+00, 1.14e-01, 1.04e-01, 6.43e-02, 2.02e+00, 6.08e-01, 1.02e+00, 4.99e+00, -5.51e-01, 2.87e-02, 1.35e+01]
38800 [1.81e+00, 1.15e-01, 1.03e-01, 7.24e-02, 2.03e+00, 6.27e-01, 1.02e+00, 4.98e+00, -5.50e-01, 3.30e-02, 1.36e+01]
38900 [1.83e+00, 1.15e-01, 1.04e-01, 7.88e-02, 2.04e+00, 6.44e-01, 1.02e+00, 4.98e+00, -5.50e-01, 3.62e-02, 1.37e+01]
39000 [1.79e+00, 1.15e-01, 1.03e-01, 5.48e-02, 2.02e+00, 5.67e-01, 1.02e+00, 4.99e+00, -4.74e-01, 3.18e-02, 1.37e+01]
39100 [1.81e+00, 1.16e-01, 9.99e-02, 6.71e-02, 2.03e+00, 5.81e-01, 1.02e+00, 4.98e+00, -4.73e-01, 3.69e-02, 1.38e+01]
39200 [1.83e+00, 1.17e-01, 9.83e-02, 7.74e-02, 2.05e+00, 5.96e-01, 1.02e+00, 4.97e+00, -4.73e-01, 4.15e-02, 1.39e+01]
39300 [1.83e+00, 1.18e-01, 9.70e-02, 7.61e-02, 2.06e+00, 6.08e-01, 1.02e+00, 4.98e+00, -4.76e-01, 3.85e-02, 1.40e+01]
39400 [1.80e+00, 1.18e-01, 9.83e-02, 5.62e-02, 2.07e+00, 6.13e-01, 1.02e+00, 4.98e+00, -4.93e-01, 2.30e-02, 1.40e+01]
39500 [1.82e+00, 1.18e-01, 9.91e-02, 6.89e-02, 2.09e+00, 6.27e-01, 1.02e+00, 4.98e+00, -4.94e-01, 4.00e-02, 1.41e+01]
39600 [1.84e+00, 1.19e-01, 1.00e-01, 7.87e-02, 2.10e+00, 6.42e-01, 1.02e+00, 4.98e+00, -4.94e-01, 4.50e-02, 1.42e+01]
39700 [1.81e+00, 1.20e-01, 9.99e-02, 5.65e-02, 2.07e+00, 5.79e-01, 1.02e+00, 4.98e+00, -4.64e-01, 4.42e-02, 1.42e+01]
39800 [1.83e+00, 1.20e-01, 9.79e-02, 6.87e-02, 2.09e+00, 5.93e-01, 1.02e+00, 4.98e+00, -4.64e-01, 4.28e-02, 1.43e+01]
39900 [1.85e+00, 1.21e-01, 9.70e-02, 7.88e-02, 2.11e+00, 6.07e-01, 1.02e+00, 4.97e+00, -4.64e-01, 4.46e-02, 1.44e+01]
40000 [1.80e+00, 1.22e-01, 9.62e-02, 4.87e-02, 2.10e+00, 5.96e-01, 1.02e+00, 4.98e+00, -4.87e-01, 4.13e-02, 1.45e+01]
40000 [1.80e+00, 1.22e-01, 9.62e-02, 4.87e-02, 2.10e+00, 5.96e-01, 1.02e+00, 4.98e+00, -4.87e-01, 4.13e-02, 1.45e+01]
40100 [1.79e+00, 1.19e-01, 8.94e-02, 4.18e-02, 2.08e+00, 5.75e-01, 1.02e+00, 4.98e+00, -4.67e-01, 3.58e-02, 1.44e+01]
40200 [1.79e+00, 1.21e-01, 8.98e-02, 4.23e-02, 2.08e+00, 5.75e-01, 1.02e+00, 4.98e+00, -4.67e-01, 3.59e-02, 1.44e+01]
40300 [1.79e+00, 1.21e-01, 9.02e-02, 4.30e-02, 2.08e+00, 5.76e-01, 1.02e+00, 4.98e+00, -4.67e-01, 3.59e-02, 1.44e+01]
40400 [1.80e+00, 1.22e-01, 9.06e-02, 4.38e-02, 2.08e+00, 5.76e-01, 1.02e+00, 4.98e+00, -4.67e-01, 3.60e-02, 1.44e+01]
40500 [1.80e+00, 1.22e-01, 9.09e-02, 4.47e-02, 2.08e+00, 5.77e-01, 1.02e+00, 4.98e+00, -4.67e-01, 3.62e-02, 1.44e+01]
40600 [1.80e+00, 1.23e-01, 9.13e-02, 4.58e-02, 2.08e+00, 5.78e-01, 1.02e+00, 4.98e+00, -4.67e-01, 3.64e-02, 1.44e+01]
40700 [1.80e+00, 1.23e-01, 9.16e-02, 4.68e-02, 2.08e+00, 5.79e-01, 1.02e+00, 4.98e+00, -4.67e-01, 3.66e-02, 1.44e+01]
40800 [1.81e+00, 1.24e-01, 9.19e-02, 4.80e-02, 2.08e+00, 5.80e-01, 1.02e+00, 4.98e+00, -4.67e-01, 3.68e-02, 1.45e+01]
40900 [1.81e+00, 1.24e-01, 9.21e-02, 4.92e-02, 2.08e+00, 5.81e-01, 1.02e+00, 4.98e+00, -4.68e-01, 3.70e-02, 1.45e+01]
41000 [1.81e+00, 1.25e-01, 9.23e-02, 5.04e-02, 2.08e+00, 5.83e-01, 1.02e+00, 4.98e+00, -4.68e-01, 3.73e-02, 1.45e+01]
41100 [1.82e+00, 1.25e-01, 9.24e-02, 5.17e-02, 2.09e+00, 5.84e-01, 1.02e+00, 4.98e+00, -4.68e-01, 3.76e-02, 1.45e+01]
41200 [1.82e+00, 1.26e-01, 9.25e-02, 5.30e-02, 2.09e+00, 5.86e-01, 1.02e+00, 4.98e+00, -4.68e-01, 3.79e-02, 1.45e+01]
41300 [1.83e+00, 1.27e-01, 9.25e-02, 5.44e-02, 2.09e+00, 5.87e-01, 1.02e+00, 4.98e+00, -4.68e-01, 3.82e-02, 1.45e+01]
41400 [1.83e+00, 1.27e-01, 9.26e-02, 5.58e-02, 2.09e+00, 5.89e-01, 1.02e+00, 4.98e+00, -4.68e-01, 3.86e-02, 1.45e+01]
41500 [1.83e+00, 1.28e-01, 9.30e-02, 5.70e-02, 2.09e+00, 5.91e-01, 1.02e+00, 4.98e+00, -4.68e-01, 3.90e-02, 1.45e+01]
41600 [1.83e+00, 1.29e-01, 9.33e-02, 5.73e-02, 2.09e+00, 5.92e-01, 1.02e+00, 4.98e+00, -4.69e-01, 3.95e-02, 1.45e+01]
41700 [1.84e+00, 1.29e-01, 9.30e-02, 5.88e-02, 2.10e+00, 5.94e-01, 1.02e+00, 4.98e+00, -4.69e-01, 3.98e-02, 1.45e+01]
41800 [1.83e+00, 1.30e-01, 9.21e-02, 5.80e-02, 2.10e+00, 5.95e-01, 1.02e+00, 4.98e+00, -4.69e-01, 4.03e-02, 1.45e+01]
41900 [1.83e+00, 1.31e-01, 9.24e-02, 5.96e-02, 2.10e+00, 5.97e-01, 1.02e+00, 4.98e+00, -4.69e-01, 4.07e-02, 1.45e+01]
42000 [1.84e+00, 1.32e-01, 9.28e-02, 6.11e-02, 2.10e+00, 5.99e-01, 1.02e+00, 4.98e+00, -4.69e-01, 4.11e-02, 1.45e+01]
42100 [1.83e+00, 1.32e-01, 9.49e-02, 5.92e-02, 2.11e+00, 5.98e-01, 1.02e+00, 4.98e+00, -4.71e-01, 4.21e-02, 1.45e+01]
42200 [1.84e+00, 1.33e-01, 9.39e-02, 6.10e-02, 2.11e+00, 6.01e-01, 1.02e+00, 4.98e+00, -4.71e-01, 4.25e-02, 1.45e+01]
42300 [1.84e+00, 1.34e-01, 9.26e-02, 6.10e-02, 2.11e+00, 6.01e-01, 1.02e+00, 4.98e+00, -4.71e-01, 4.30e-02, 1.45e+01]
42400 [1.84e+00, 1.35e-01, 9.29e-02, 6.29e-02, 2.12e+00, 6.04e-01, 1.02e+00, 4.98e+00, -4.72e-01, 4.33e-02, 1.45e+01]
42500 [1.83e+00, 1.36e-01, 9.30e-02, 6.04e-02, 2.12e+00, 6.02e-01, 1.02e+00, 4.99e+00, -4.73e-01, 4.42e-02, 1.45e+01]
42600 [1.84e+00, 1.37e-01, 9.29e-02, 6.26e-02, 2.12e+00, 6.05e-01, 1.02e+00, 4.99e+00, -4.73e-01, 4.44e-02, 1.45e+01]
42700 [1.83e+00, 1.37e-01, 9.43e-02, 5.82e-02, 2.12e+00, 5.96e-01, 1.02e+00, 4.99e+00, -4.75e-01, 4.59e-02, 1.45e+01]
42800 [1.84e+00, 1.39e-01, 9.34e-02, 6.09e-02, 2.13e+00, 6.00e-01, 1.02e+00, 4.99e+00, -4.75e-01, 4.60e-02, 1.45e+01]
42900 [1.84e+00, 1.40e-01, 9.27e-02, 6.32e-02, 2.13e+00, 6.03e-01, 1.02e+00, 4.99e+00, -4.75e-01, 4.60e-02, 1.45e+01]
43000 [1.83e+00, 1.41e-01, 9.24e-02, 6.23e-02, 2.10e+00, 5.98e-01, 1.02e+00, 4.99e+00, -4.84e-01, 4.68e-02, 1.45e+01]
43100 [1.84e+00, 1.42e-01, 9.20e-02, 6.47e-02, 2.11e+00, 6.02e-01, 1.02e+00, 4.99e+00, -4.84e-01, 4.66e-02, 1.45e+01]
43200 [1.83e+00, 1.40e-01, 9.29e-02, 5.86e-02, 2.11e+00, 5.97e-01, 1.02e+00, 4.99e+00, -4.88e-01, 4.58e-02, 1.45e+01]
43300 [1.84e+00, 1.42e-01, 9.31e-02, 6.02e-02, 2.11e+00, 5.98e-01, 1.02e+00, 4.99e+00, -4.88e-01, 4.47e-02, 1.45e+01]
43400 [1.85e+00, 1.44e-01, 9.24e-02, 6.34e-02, 2.12e+00, 6.03e-01, 1.02e+00, 4.99e+00, -4.88e-01, 4.48e-02, 1.45e+01]
43500 [1.83e+00, 1.46e-01, 9.17e-02, 5.57e-02, 2.11e+00, 5.88e-01, 1.02e+00, 4.99e+00, -4.82e-01, 4.46e-02, 1.45e+01]
43600 [1.84e+00, 1.47e-01, 9.08e-02, 5.91e-02, 2.12e+00, 5.93e-01, 1.02e+00, 4.99e+00, -4.82e-01, 4.42e-02, 1.45e+01]
43700 [1.86e+00, 1.48e-01, 9.02e-02, 6.24e-02, 2.13e+00, 5.99e-01, 1.02e+00, 5.00e+00, -4.82e-01, 4.41e-02, 1.45e+01]
43800 [1.83e+00, 1.47e-01, 9.10e-02, 4.73e-02, 2.12e+00, 5.90e-01, 1.02e+00, 5.00e+00, -4.94e-01, 3.90e-02, 1.45e+01]
43900 [1.84e+00, 1.49e-01, 9.04e-02, 5.20e-02, 2.13e+00, 5.96e-01, 1.02e+00, 5.00e+00, -4.95e-01, 3.94e-02, 1.45e+01]
44000 [1.85e+00, 1.50e-01, 9.01e-02, 5.62e-02, 2.13e+00, 6.02e-01, 1.02e+00, 5.00e+00, -4.95e-01, 3.99e-02, 1.45e+01]
44100 [1.83e+00, 1.51e-01, 8.96e-02, 4.51e-02, 2.11e+00, 5.78e-01, 1.02e+00, 5.00e+00, -4.94e-01, 3.69e-02, 1.45e+01]
44200 [1.84e+00, 1.53e-01, 8.86e-02, 5.05e-02, 2.11e+00, 5.83e-01, 1.02e+00, 5.01e+00, -4.94e-01, 3.70e-02, 1.45e+01]
44300 [1.85e+00, 1.54e-01, 8.79e-02, 5.54e-02, 2.12e+00, 5.91e-01, 1.02e+00, 5.01e+00, -4.94e-01, 3.78e-02, 1.45e+01]
44400 [1.82e+00, 1.51e-01, 8.84e-02, 3.73e-02, 2.12e+00, 5.77e-01, 1.02e+00, 5.01e+00, -4.98e-01, 3.55e-02, 1.45e+01]
44500 [1.83e+00, 1.55e-01, 8.78e-02, 4.28e-02, 2.12e+00, 5.80e-01, 1.02e+00, 5.01e+00, -4.97e-01, 3.33e-02, 1.45e+01]
44600 [1.84e+00, 1.57e-01, 8.72e-02, 4.91e-02, 2.13e+00, 5.88e-01, 1.02e+00, 5.02e+00, -4.98e-01, 3.44e-02, 1.46e+01]
44700 [1.86e+00, 1.58e-01, 8.69e-02, 5.45e-02, 2.14e+00, 5.96e-01, 1.02e+00, 5.02e+00, -4.98e-01, 3.56e-02, 1.46e+01]
44800 [1.83e+00, 1.58e-01, 8.70e-02, 2.82e-02, 2.09e+00, 5.53e-01, 1.02e+00, 5.02e+00, -4.75e-01, 2.92e-02, 1.46e+01]
44900 [1.84e+00, 1.60e-01, 8.52e-02, 3.75e-02, 2.10e+00, 5.61e-01, 1.02e+00, 5.03e+00, -4.75e-01, 3.09e-02, 1.46e+01]
45000 [1.85e+00, 1.62e-01, 8.40e-02, 4.56e-02, 2.11e+00, 5.69e-01, 1.02e+00, 5.03e+00, -4.75e-01, 3.30e-02, 1.46e+01]
45100 [1.84e+00, 1.63e-01, 8.29e-02, 3.95e-02, 2.12e+00, 5.70e-01, 1.02e+00, 5.03e+00, -4.81e-01, 3.47e-02, 1.46e+01]
45200 [1.83e+00, 1.64e-01, 8.36e-02, 3.88e-02, 2.12e+00, 5.71e-01, 1.02e+00, 5.04e+00, -4.85e-01, 3.48e-02, 1.46e+01]
45300 [1.85e+00, 1.65e-01, 8.34e-02, 4.71e-02, 2.14e+00, 5.80e-01, 1.02e+00, 5.04e+00, -4.86e-01, 3.56e-02, 1.46e+01]
45400 [1.86e+00, 1.67e-01, 8.36e-02, 5.39e-02, 2.15e+00, 5.89e-01, 1.02e+00, 5.04e+00, -4.86e-01, 3.66e-02, 1.46e+01]
45500 [1.82e+00, 1.59e-01, 8.51e-02, 2.33e-02, 2.14e+00, 5.60e-01, 1.02e+00, 5.05e+00, -5.17e-01, 1.79e-02, 1.46e+01]
45600 [1.83e+00, 1.65e-01, 8.49e-02, 3.35e-02, 2.15e+00, 5.69e-01, 1.02e+00, 5.06e+00, -5.19e-01, 1.64e-02, 1.46e+01]
45700 [1.85e+00, 1.68e-01, 8.43e-02, 4.35e-02, 2.17e+00, 5.80e-01, 1.02e+00, 5.06e+00, -5.20e-01, 2.16e-02, 1.46e+01]
45800 [1.86e+00, 1.70e-01, 8.41e-02, 5.14e-02, 2.18e+00, 5.91e-01, 1.02e+00, 5.06e+00, -5.20e-01, 2.54e-02, 1.46e+01]
45900 [1.84e+00, 1.72e-01, 8.15e-02, 9.95e-03, 2.13e+00, 5.42e-01, 1.02e+00, 5.08e+00, -4.74e-01, 2.83e-02, 1.46e+01]
46000 [1.85e+00, 1.74e-01, 8.02e-02, 2.43e-02, 2.14e+00, 5.54e-01, 1.02e+00, 5.08e+00, -4.76e-01, 2.99e-02, 1.47e+01]
46100 [1.87e+00, 1.75e-01, 7.96e-02, 3.61e-02, 2.16e+00, 5.65e-01, 1.02e+00, 5.08e+00, -4.77e-01, 3.19e-02, 1.47e+01]
46200 [1.83e+00, 1.76e-01, 7.87e-02, 2.52e-02, 2.11e+00, 5.44e-01, 1.02e+00, 5.09e+00, -4.71e-01, 3.50e-02, 1.47e+01]
46300 [1.84e+00, 1.78e-01, 7.84e-02, 3.79e-02, 2.13e+00, 5.56e-01, 1.02e+00, 5.09e+00, -4.72e-01, 3.44e-02, 1.47e+01]
46400 [1.86e+00, 1.80e-01, 7.84e-02, 4.79e-02, 2.14e+00, 5.67e-01, 1.02e+00, 5.10e+00, -4.73e-01, 3.49e-02, 1.47e+01]
46500 [1.87e+00, 1.81e-01, 7.88e-02, 5.55e-02, 2.16e+00, 5.79e-01, 1.02e+00, 5.11e+00, -4.73e-01, 3.59e-02, 1.47e+01]
46600 [1.82e+00, 1.83e-01, 7.85e-02, 1.88e-02, 2.12e+00, 5.37e-01, 1.02e+00, 5.12e+00, -5.06e-01, 2.92e-02, 1.47e+01]
46700 [1.84e+00, 1.85e-01, 7.77e-02, 3.20e-02, 2.14e+00, 5.50e-01, 1.02e+00, 5.12e+00, -5.07e-01, 2.81e-02, 1.47e+01]
46800 [1.85e+00, 1.84e-01, 7.74e-02, 4.14e-02, 2.15e+00, 5.60e-01, 1.02e+00, 5.13e+00, -5.06e-01, 2.83e-02, 1.47e+01]
46900 [1.87e+00, 1.87e-01, 7.77e-02, 5.06e-02, 2.17e+00, 5.72e-01, 1.02e+00, 5.14e+00, -5.06e-01, 2.94e-02, 1.48e+01]
47000 [1.85e+00, 1.79e-01, 7.73e-02, 3.85e-02, 2.15e+00, 5.37e-01, 1.02e+00, 5.16e+00, -4.91e-01, -1.51e-02, 1.48e+01]
47100 [1.86e+00, 1.85e-01, 7.71e-02, 5.01e-02, 2.17e+00, 5.50e-01, 1.02e+00, 5.16e+00, -4.92e-01, 4.47e-03, 1.48e+01]
47200 [1.86e+00, 1.88e-01, 7.85e-02, 4.16e-02, 2.17e+00, 5.58e-01, 1.02e+00, 5.17e+00, -5.02e-01, 1.75e-02, 1.48e+01]
47300 [1.86e+00, 1.90e-01, 7.71e-02, 4.30e-02, 2.19e+00, 5.55e-01, 1.02e+00, 5.17e+00, -5.12e-01, 2.48e-02, 1.48e+01]
47400 [1.86e+00, 1.93e-01, 7.69e-02, 3.64e-02, 2.19e+00, 5.50e-01, 1.02e+00, 5.18e+00, -5.16e-01, 2.62e-02, 1.48e+01]
47500 [1.87e+00, 1.94e-01, 7.66e-02, 4.79e-02, 2.21e+00, 5.64e-01, 1.02e+00, 5.19e+00, -5.17e-01, 2.56e-02, 1.49e+01]
47600 [1.84e+00, 1.96e-01, 7.55e-02, 2.32e-02, 2.16e+00, 5.15e-01, 1.02e+00, 5.20e+00, -5.21e-01, 3.29e-02, 1.49e+01]
47700 [1.85e+00, 1.98e-01, 7.39e-02, 3.80e-02, 2.17e+00, 5.30e-01, 1.02e+00, 5.21e+00, -5.21e-01, 2.55e-02, 1.49e+01]
47800 [1.87e+00, 2.00e-01, 7.34e-02, 4.96e-02, 2.20e+00, 5.44e-01, 1.02e+00, 5.21e+00, -5.21e-01, 2.37e-02, 1.49e+01]
47900 [1.84e+00, 1.89e-01, 7.63e-02, 1.23e-02, 2.18e+00, 5.01e-01, 1.02e+00, 5.24e+00, -5.50e-01, 1.02e-02, 1.49e+01]
48000 [1.85e+00, 1.93e-01, 7.50e-02, 2.87e-02, 2.20e+00, 5.09e-01, 1.02e+00, 5.24e+00, -5.56e-01, 1.62e-03, 1.49e+01]
48100 [1.86e+00, 1.97e-01, 7.35e-02, 4.47e-02, 2.23e+00, 5.22e-01, 1.02e+00, 5.24e+00, -5.56e-01, 9.24e-03, 1.50e+01]
48200 [1.84e+00, 2.01e-01, 7.17e-02, 1.31e-02, 2.23e+00, 5.27e-01, 1.02e+00, 5.26e+00, -5.74e-01, 1.03e-02, 1.50e+01]
48300 [1.85e+00, 2.03e-01, 7.20e-02, 3.05e-02, 2.25e+00, 5.40e-01, 1.02e+00, 5.26e+00, -5.75e-01, 1.07e-02, 1.50e+01]
48400 [1.87e+00, 2.05e-01, 7.25e-02, 4.39e-02, 2.28e+00, 5.53e-01, 1.02e+00, 5.26e+00, -5.76e-01, 1.25e-02, 1.50e+01]
48500 [1.87e+00, 2.07e-01, 7.13e-02, 4.86e-02, 2.21e+00, 5.13e-01, 1.02e+00, 5.27e+00, -4.96e-01, 2.23e-02, 1.50e+01]
48600 [1.86e+00, 2.09e-01, 7.01e-02, 4.21e-02, 2.23e+00, 5.22e-01, 1.02e+00, 5.28e+00, -5.03e-01, 2.31e-02, 1.51e+01]
48700 [1.88e+00, 2.11e-01, 7.00e-02, 5.42e-02, 2.25e+00, 5.35e-01, 1.02e+00, 5.28e+00, -5.03e-01, 2.31e-02, 1.51e+01]
48800 [1.84e+00, 2.14e-01, 6.98e-02, 2.21e-02, 2.26e+00, 5.21e-01, 1.02e+00, 5.30e+00, -5.34e-01, 2.23e-02, 1.51e+01]
48900 [1.86e+00, 2.15e-01, 6.99e-02, 3.96e-02, 2.28e+00, 5.34e-01, 1.02e+00, 5.30e+00, -5.35e-01, 1.80e-02, 1.51e+01]
49000 [1.88e+00, 2.17e-01, 7.04e-02, 5.23e-02, 2.30e+00, 5.48e-01, 1.02e+00, 5.31e+00, -5.35e-01, 1.86e-02, 1.51e+01]
49100 [1.87e+00, 2.16e-01, 6.88e-02, 5.07e-02, 2.23e+00, 4.95e-01, 1.02e+00, 5.32e+00, -4.68e-01, 2.41e-02, 1.52e+01]
49200 [1.86e+00, 2.19e-01, 6.74e-02, 3.92e-02, 2.25e+00, 5.05e-01, 1.02e+00, 5.33e+00, -4.74e-01, 2.62e-02, 1.52e+01]
49300 [1.87e+00, 2.21e-01, 6.72e-02, 5.08e-02, 2.27e+00, 5.17e-01, 1.02e+00, 5.34e+00, -4.75e-01, 2.48e-02, 1.52e+01]
49400 [1.88e+00, 2.21e-01, 6.73e-02, 5.08e-02, 2.28e+00, 5.24e-01, 1.02e+00, 5.35e+00, -4.81e-01, 2.52e-02, 1.52e+01]
49500 [1.87e+00, 2.23e-01, 6.77e-02, 4.04e-02, 2.30e+00, 5.22e-01, 1.02e+00, 5.36e+00, -4.96e-01, 2.48e-02, 1.53e+01]
49600 [1.88e+00, 2.25e-01, 6.77e-02, 4.77e-02, 2.32e+00, 5.31e-01, 1.02e+00, 5.36e+00, -5.02e-01, 1.96e-02, 1.53e+01]
49700 [1.88e+00, 2.26e-01, 6.82e-02, 4.43e-02, 2.33e+00, 5.24e-01, 1.02e+00, 5.37e+00, -5.13e-01, 1.86e-02, 1.53e+01]
49800 [1.89e+00, 2.28e-01, 6.80e-02, 4.33e-02, 2.34e+00, 5.31e-01, 1.02e+00, 5.38e+00, -5.23e-01, 1.73e-02, 1.54e+01]
49900 [1.88e+00, 2.29e-01, 6.73e-02, 4.81e-02, 2.31e+00, 5.13e-01, 1.02e+00, 5.39e+00, -4.88e-01, 1.87e-02, 1.54e+01]
50000 [1.87e+00, 2.31e-01, 6.69e-02, 3.38e-02, 2.32e+00, 5.10e-01, 1.02e+00, 5.40e+00, -5.08e-01, 1.94e-02, 1.54e+01]
50000 [1.87e+00, 2.31e-01, 6.69e-02, 3.38e-02, 2.32e+00, 5.10e-01, 1.02e+00, 5.40e+00, -5.08e-01, 1.94e-02, 1.54e+01]
50100 [1.85e+00, 2.25e-01, 7.59e-02, 2.34e-02, 2.30e+00, 4.98e-01, 1.02e+00, 5.40e+00, -5.20e-01, 1.97e-02, 1.54e+01]
50200 [1.86e+00, 2.26e-01, 7.53e-02, 2.38e-02, 2.31e+00, 4.99e-01, 1.02e+00, 5.40e+00, -5.20e-01, 1.98e-02, 1.54e+01]
50300 [1.86e+00, 2.27e-01, 7.46e-02, 2.45e-02, 2.31e+00, 5.00e-01, 1.02e+00, 5.41e+00, -5.20e-01, 1.99e-02, 1.54e+01]
50400 [1.86e+00, 2.28e-01, 7.38e-02, 2.53e-02, 2.31e+00, 5.01e-01, 1.02e+00, 5.41e+00, -5.20e-01, 1.98e-02, 1.54e+01]
50500 [1.86e+00, 2.29e-01, 7.29e-02, 2.64e-02, 2.31e+00, 5.02e-01, 1.02e+00, 5.41e+00, -5.21e-01, 1.98e-02, 1.54e+01]
50600 [1.86e+00, 2.31e-01, 7.20e-02, 2.75e-02, 2.31e+00, 5.04e-01, 1.02e+00, 5.41e+00, -5.21e-01, 1.97e-02, 1.54e+01]
50700 [1.86e+00, 2.32e-01, 7.12e-02, 2.89e-02, 2.31e+00, 5.05e-01, 1.02e+00, 5.41e+00, -5.21e-01, 1.95e-02, 1.54e+01]
50800 [1.86e+00, 2.34e-01, 7.04e-02, 3.03e-02, 2.32e+00, 5.07e-01, 1.02e+00, 5.41e+00, -5.21e-01, 1.94e-02, 1.54e+01]
50900 [1.87e+00, 2.35e-01, 6.96e-02, 3.19e-02, 2.32e+00, 5.09e-01, 1.02e+00, 5.41e+00, -5.21e-01, 1.92e-02, 1.54e+01]
51000 [1.87e+00, 2.36e-01, 6.90e-02, 3.35e-02, 2.32e+00, 5.10e-01, 1.02e+00, 5.41e+00, -5.21e-01, 1.90e-02, 1.54e+01]
51100 [1.87e+00, 2.38e-01, 6.84e-02, 3.53e-02, 2.33e+00, 5.12e-01, 1.02e+00, 5.41e+00, -5.21e-01, 1.89e-02, 1.54e+01]
51200 [1.87e+00, 2.39e-01, 6.78e-02, 3.71e-02, 2.33e+00, 5.14e-01, 1.02e+00, 5.41e+00, -5.21e-01, 1.87e-02, 1.54e+01]
51300 [1.88e+00, 2.41e-01, 6.74e-02, 3.89e-02, 2.33e+00, 5.16e-01, 1.02e+00, 5.41e+00, -5.21e-01, 1.85e-02, 1.54e+01]
51400 [1.88e+00, 2.43e-01, 6.71e-02, 4.08e-02, 2.34e+00, 5.18e-01, 1.02e+00, 5.41e+00, -5.21e-01, 1.84e-02, 1.54e+01]
51500 [1.88e+00, 2.44e-01, 6.68e-02, 4.27e-02, 2.34e+00, 5.21e-01, 1.02e+00, 5.41e+00, -5.20e-01, 1.83e-02, 1.54e+01]
51600 [1.89e+00, 2.46e-01, 6.66e-02, 4.47e-02, 2.35e+00, 5.23e-01, 1.02e+00, 5.41e+00, -5.20e-01, 1.82e-02, 1.54e+01]
51700 [1.87e+00, 2.48e-01, 5.98e-02, 3.18e-02, 2.32e+00, 4.98e-01, 1.02e+00, 5.41e+00, -5.19e-01, 1.75e-02, 1.54e+01]
51800 [1.87e+00, 2.50e-01, 6.07e-02, 3.47e-02, 2.33e+00, 5.00e-01, 1.02e+00, 5.41e+00, -5.19e-01, 1.71e-02, 1.54e+01]
51900 [1.88e+00, 2.51e-01, 6.15e-02, 3.76e-02, 2.33e+00, 5.03e-01, 1.02e+00, 5.41e+00, -5.19e-01, 1.67e-02, 1.54e+01]
52000 [1.88e+00, 2.52e-01, 6.20e-02, 4.03e-02, 2.34e+00, 5.05e-01, 1.02e+00, 5.41e+00, -5.19e-01, 1.64e-02, 1.54e+01]
52100 [1.89e+00, 2.54e-01, 6.25e-02, 4.29e-02, 2.35e+00, 5.08e-01, 1.02e+00, 5.41e+00, -5.19e-01, 1.62e-02, 1.54e+01]
52200 [1.89e+00, 2.55e-01, 6.29e-02, 4.54e-02, 2.35e+00, 5.11e-01, 1.02e+00, 5.41e+00, -5.18e-01, 1.60e-02, 1.54e+01]
52300 [1.86e+00, 2.46e-01, 6.56e-02, 4.40e-02, 2.33e+00, 4.75e-01, 1.02e+00, 5.41e+00, -5.22e-01, 1.69e-02, 1.54e+01]
52400 [1.87e+00, 2.50e-01, 6.45e-02, 4.67e-02, 2.33e+00, 4.77e-01, 1.02e+00, 5.41e+00, -5.21e-01, 1.61e-02, 1.54e+01]
52500 [1.87e+00, 2.54e-01, 6.35e-02, 4.98e-02, 2.34e+00, 4.81e-01, 1.02e+00, 5.41e+00, -5.21e-01, 1.54e-02, 1.54e+01]
52600 [1.88e+00, 2.57e-01, 6.27e-02, 5.26e-02, 2.35e+00, 4.85e-01, 1.02e+00, 5.41e+00, -5.21e-01, 1.49e-02, 1.54e+01]
52700 [1.89e+00, 2.59e-01, 6.22e-02, 5.52e-02, 2.35e+00, 4.89e-01, 1.02e+00, 5.41e+00, -5.21e-01, 1.45e-02, 1.54e+01]
52800 [1.89e+00, 2.61e-01, 6.18e-02, 5.77e-02, 2.36e+00, 4.93e-01, 1.02e+00, 5.41e+00, -5.20e-01, 1.43e-02, 1.54e+01]
52900 [1.86e+00, 2.55e-01, 6.21e-02, 2.73e-02, 2.33e+00, 4.77e-01, 1.02e+00, 5.42e+00, -5.22e-01, 1.28e-02, 1.54e+01]
53000 [1.87e+00, 2.59e-01, 6.19e-02, 3.23e-02, 2.34e+00, 4.82e-01, 1.02e+00, 5.42e+00, -5.22e-01, 1.22e-02, 1.54e+01]
53100 [1.87e+00, 2.62e-01, 6.18e-02, 3.70e-02, 2.35e+00, 4.87e-01, 1.02e+00, 5.42e+00, -5.22e-01, 1.18e-02, 1.55e+01]
53200 [1.88e+00, 2.65e-01, 6.17e-02, 4.12e-02, 2.36e+00, 4.91e-01, 1.02e+00, 5.42e+00, -5.22e-01, 1.16e-02, 1.55e+01]
53300 [1.89e+00, 2.67e-01, 6.16e-02, 4.51e-02, 2.37e+00, 4.97e-01, 1.02e+00, 5.42e+00, -5.22e-01, 1.17e-02, 1.55e+01]
53400 [1.87e+00, 2.69e-01, 6.00e-02, 3.94e-02, 2.36e+00, 4.75e-01, 1.02e+00, 5.42e+00, -5.26e-01, 1.52e-02, 1.55e+01]
53500 [1.86e+00, 2.72e-01, 5.92e-02, 3.68e-02, 2.30e+00, 4.48e-01, 1.02e+00, 5.42e+00, -5.05e-01, 1.27e-02, 1.55e+01]
53600 [1.86e+00, 2.74e-01, 5.83e-02, 4.20e-02, 2.31e+00, 4.53e-01, 1.02e+00, 5.42e+00, -5.05e-01, 1.19e-02, 1.55e+01]
53700 [1.87e+00, 2.76e-01, 5.78e-02, 4.68e-02, 2.32e+00, 4.59e-01, 1.02e+00, 5.42e+00, -5.05e-01, 1.15e-02, 1.55e+01]
53800 [1.88e+00, 2.78e-01, 5.75e-02, 5.09e-02, 2.33e+00, 4.64e-01, 1.02e+00, 5.42e+00, -5.05e-01, 1.15e-02, 1.55e+01]
53900 [1.89e+00, 2.80e-01, 5.74e-02, 5.46e-02, 2.34e+00, 4.69e-01, 1.02e+00, 5.43e+00, -5.04e-01, 1.17e-02, 1.55e+01]
54000 [1.88e+00, 2.77e-01, 5.75e-02, 4.22e-02, 2.34e+00, 4.71e-01, 1.02e+00, 5.43e+00, -5.10e-01, 1.04e-02, 1.55e+01]
54100 [1.89e+00, 2.80e-01, 5.80e-02, 4.73e-02, 2.35e+00, 4.77e-01, 1.02e+00, 5.43e+00, -5.10e-01, 1.08e-02, 1.55e+01]
54200 [1.87e+00, 2.73e-01, 5.91e-02, 2.91e-02, 2.35e+00, 4.59e-01, 1.02e+00, 5.44e+00, -5.27e-01, 6.98e-03, 1.55e+01]
54300 [1.87e+00, 2.72e-01, 5.97e-02, 3.44e-02, 2.36e+00, 4.63e-01, 1.02e+00, 5.44e+00, -5.29e-01, -4.22e-03, 1.55e+01]
54400 [1.88e+00, 2.77e-01, 5.94e-02, 4.12e-02, 2.38e+00, 4.71e-01, 1.02e+00, 5.44e+00, -5.29e-01, -3.26e-04, 1.55e+01]
54500 [1.89e+00, 2.80e-01, 5.91e-02, 4.63e-02, 2.39e+00, 4.79e-01, 1.02e+00, 5.44e+00, -5.29e-01, 2.81e-03, 1.55e+01]
54600 [1.86e+00, 2.84e-01, 5.76e-02, 1.37e-02, 2.33e+00, 4.33e-01, 1.02e+00, 5.45e+00, -5.10e-01, 7.74e-03, 1.55e+01]
54700 [1.87e+00, 2.87e-01, 5.64e-02, 2.35e-02, 2.35e+00, 4.41e-01, 1.02e+00, 5.45e+00, -5.11e-01, 6.87e-03, 1.55e+01]
54800 [1.88e+00, 2.90e-01, 5.58e-02, 3.19e-02, 2.36e+00, 4.48e-01, 1.02e+00, 5.45e+00, -5.11e-01, 6.90e-03, 1.55e+01]
54900 [1.90e+00, 2.92e-01, 5.55e-02, 3.90e-02, 2.38e+00, 4.56e-01, 1.02e+00, 5.45e+00, -5.11e-01, 7.51e-03, 1.55e+01]
55000 [1.85e+00, 2.95e-01, 5.43e-02, 5.98e-03, 2.36e+00, 4.29e-01, 1.02e+00, 5.47e+00, -5.38e-01, 6.67e-03, 1.55e+01]
55100 [1.86e+00, 2.97e-01, 5.42e-02, 1.78e-02, 2.37e+00, 4.36e-01, 1.02e+00, 5.47e+00, -5.38e-01, 3.39e-03, 1.55e+01]
55200 [1.87e+00, 3.00e-01, 5.42e-02, 2.77e-02, 2.39e+00, 4.44e-01, 1.02e+00, 5.47e+00, -5.38e-01, 2.32e-03, 1.55e+01]
55300 [1.88e+00, 2.99e-01, 5.46e-02, 3.64e-02, 2.39e+00, 4.47e-01, 1.02e+00, 5.47e+00, -5.27e-01, 2.99e-03, 1.55e+01]
55400 [1.88e+00, 3.00e-01, 5.38e-02, 2.82e-02, 2.39e+00, 4.36e-01, 1.02e+00, 5.47e+00, -5.34e-01, 6.60e-03, 1.55e+01]
55500 [1.88e+00, 3.00e-01, 5.35e-02, 2.83e-02, 2.36e+00, 4.26e-01, 1.02e+00, 5.48e+00, -5.16e-01, 4.08e-03, 1.55e+01]
55600 [1.89e+00, 3.03e-01, 5.31e-02, 3.71e-02, 2.38e+00, 4.35e-01, 1.02e+00, 5.48e+00, -5.16e-01, 4.17e-03, 1.55e+01]
55700 [1.87e+00, 3.02e-01, 5.28e-02, 2.25e-02, 2.37e+00, 4.15e-01, 1.02e+00, 5.49e+00, -5.21e-01, -2.08e-03, 1.55e+01]
55800 [1.88e+00, 3.05e-01, 5.23e-02, 3.29e-02, 2.39e+00, 4.24e-01, 1.02e+00, 5.49e+00, -5.21e-01, 8.75e-05, 1.55e+01]
55900 [1.90e+00, 3.08e-01, 5.22e-02, 4.13e-02, 2.41e+00, 4.34e-01, 1.02e+00, 5.49e+00, -5.21e-01, 2.19e-03, 1.55e+01]
56000 [1.87e+00, 3.09e-01, 5.16e-02, 1.73e-02, 2.38e+00, 4.02e-01, 1.02e+00, 5.51e+00, -5.47e-01, -8.30e-04, 1.56e+01]
56100 [1.88e+00, 3.12e-01, 5.09e-02, 2.89e-02, 2.40e+00, 4.12e-01, 1.02e+00, 5.51e+00, -5.46e-01, -3.92e-03, 1.56e+01]
56200 [1.90e+00, 3.15e-01, 5.07e-02, 3.80e-02, 2.42e+00, 4.22e-01, 1.02e+00, 5.51e+00, -5.46e-01, -3.57e-03, 1.56e+01]
56300 [1.86e+00, 3.04e-01, 5.23e-02, -5.62e-03, 2.38e+00, 4.06e-01, 1.02e+00, 5.53e+00, -5.62e-01, -1.23e-02, 1.56e+01]
56400 [1.87e+00, 3.08e-01, 5.20e-02, 9.04e-03, 2.40e+00, 4.17e-01, 1.02e+00, 5.53e+00, -5.62e-01, -9.60e-03, 1.56e+01]
56500 [1.88e+00, 3.13e-01, 5.20e-02, 2.14e-02, 2.42e+00, 4.29e-01, 1.02e+00, 5.53e+00, -5.62e-01, -7.31e-03, 1.56e+01]
56600 [1.89e+00, 3.16e-01, 5.01e-02, 2.75e-02, 2.37e+00, 3.87e-01, 1.02e+00, 5.54e+00, -5.06e-01, 3.75e-04, 1.56e+01]
56700 [1.89e+00, 3.20e-01, 4.88e-02, 2.64e-02, 2.39e+00, 3.94e-01, 1.02e+00, 5.54e+00, -5.10e-01, 3.12e-04, 1.56e+01]
56800 [1.90e+00, 3.23e-01, 4.83e-02, 3.19e-02, 2.41e+00, 4.03e-01, 1.02e+00, 5.55e+00, -5.12e-01, 1.22e-03, 1.56e+01]
56900 [1.88e+00, 3.26e-01, 4.84e-02, 1.69e-02, 2.42e+00, 4.03e-01, 1.02e+00, 5.56e+00, -5.27e-01, -1.94e-03, 1.56e+01]
57000 [1.89e+00, 3.29e-01, 4.86e-02, 2.91e-02, 2.44e+00, 4.13e-01, 1.02e+00, 5.57e+00, -5.27e-01, -1.56e-03, 1.56e+01]
57100 [1.89e+00, 3.29e-01, 4.79e-02, 3.02e-02, 2.40e+00, 3.85e-01, 1.02e+00, 5.57e+00, -4.77e-01, 4.75e-03, 1.56e+01]
57200 [1.88e+00, 3.31e-01, 4.79e-02, 1.98e-02, 2.41e+00, 3.87e-01, 1.02e+00, 5.58e+00, -4.88e-01, 5.01e-03, 1.56e+01]
57300 [1.90e+00, 3.33e-01, 4.73e-02, 3.09e-02, 2.43e+00, 3.98e-01, 1.02e+00, 5.59e+00, -4.89e-01, 4.42e-03, 1.56e+01]
57400 [1.89e+00, 3.35e-01, 4.73e-02, 1.97e-02, 2.43e+00, 3.94e-01, 1.02e+00, 5.60e+00, -4.92e-01, 3.93e-03, 1.56e+01]
57500 [1.88e+00, 3.37e-01, 4.68e-02, 2.24e-02, 2.43e+00, 3.67e-01, 1.02e+00, 5.61e+00, -4.97e-01, 7.24e-03, 1.56e+01]
57600 [1.89e+00, 3.39e-01, 4.59e-02, 3.66e-02, 2.43e+00, 3.70e-01, 1.02e+00, 5.61e+00, -4.83e-01, 1.46e-03, 1.56e+01]
57700 [1.89e+00, 3.40e-01, 4.55e-02, 2.26e-02, 2.42e+00, 3.79e-01, 1.02e+00, 5.63e+00, -4.86e-01, 1.43e-03, 1.56e+01]
57800 [1.90e+00, 3.42e-01, 4.62e-02, 2.77e-02, 2.44e+00, 3.84e-01, 1.02e+00, 5.63e+00, -4.90e-01, 3.36e-03, 1.56e+01]
57900 [1.90e+00, 3.44e-01, 4.57e-02, 2.22e-02, 2.45e+00, 3.81e-01, 1.02e+00, 5.65e+00, -4.98e-01, 1.19e-04, 1.57e+01]
58000 [1.90e+00, 3.46e-01, 4.59e-02, 2.34e-02, 2.45e+00, 3.77e-01, 1.02e+00, 5.66e+00, -4.92e-01, 1.35e-03, 1.57e+01]
58100 [1.90e+00, 3.47e-01, 4.53e-02, 1.93e-02, 2.45e+00, 3.77e-01, 1.02e+00, 5.67e+00, -4.95e-01, -4.75e-04, 1.57e+01]
58200 [1.91e+00, 3.49e-01, 4.49e-02, 2.46e-02, 2.47e+00, 3.74e-01, 1.02e+00, 5.68e+00, -4.92e-01, 4.07e-05, 1.57e+01]
58300 [1.89e+00, 3.53e-01, 4.39e-02, 2.01e-02, 2.46e+00, 3.54e-01, 1.02e+00, 5.69e+00, -4.98e-01, -6.58e-03, 1.57e+01]
58400 [1.90e+00, 3.53e-01, 4.42e-02, 2.25e-02, 2.45e+00, 3.56e-01, 1.02e+00, 5.70e+00, -4.82e-01, -1.56e-03, 1.57e+01]
58500 [1.90e+00, 3.55e-01, 4.36e-02, 1.38e-02, 2.45e+00, 3.57e-01, 1.02e+00, 5.71e+00, -4.82e-01, -2.89e-03, 1.57e+01]
58600 [1.89e+00, 3.58e-01, 4.29e-02, 1.22e-02, 2.42e+00, 3.20e-01, 1.02e+00, 5.72e+00, -4.75e-01, -8.23e-03, 1.57e+01]
58700 [1.90e+00, 3.60e-01, 4.14e-02, 2.44e-02, 2.41e+00, 3.15e-01, 1.02e+00, 5.73e+00, -4.61e-01, -5.07e-03, 1.57e+01]
58800 [1.89e+00, 3.62e-01, 4.08e-02, 2.06e-02, 2.43e+00, 3.21e-01, 1.02e+00, 5.74e+00, -4.67e-01, -3.77e-03, 1.57e+01]
58900 [1.91e+00, 3.64e-01, 4.07e-02, 3.23e-02, 2.46e+00, 3.30e-01, 1.02e+00, 5.75e+00, -4.66e-01, -1.96e-03, 1.57e+01]
59000 [1.91e+00, 3.66e-01, 4.08e-02, 2.74e-02, 2.46e+00, 3.37e-01, 1.02e+00, 5.76e+00, -4.67e-01, -1.81e-03, 1.57e+01]
59100 [1.91e+00, 3.67e-01, 4.05e-02, 2.96e-02, 2.46e+00, 3.24e-01, 1.02e+00, 5.77e+00, -4.62e-01, -2.81e-03, 1.57e+01]
59200 [1.89e+00, 3.70e-01, 4.04e-02, 1.28e-02, 2.45e+00, 3.19e-01, 1.02e+00, 5.79e+00, -4.67e-01, -5.10e-03, 1.57e+01]
59300 [1.91e+00, 3.72e-01, 4.03e-02, 2.82e-02, 2.47e+00, 3.22e-01, 1.02e+00, 5.79e+00, -4.54e-01, -4.57e-04, 1.57e+01]
59400 [1.91e+00, 3.74e-01, 4.01e-02, 2.29e-02, 2.47e+00, 3.23e-01, 1.02e+00, 5.81e+00, -4.59e-01, -1.68e-03, 1.57e+01]
59500 [1.91e+00, 3.76e-01, 3.98e-02, 2.50e-02, 2.48e+00, 3.11e-01, 1.02e+00, 5.82e+00, -4.55e-01, -3.10e-03, 1.57e+01]
59600 [1.91e+00, 3.78e-01, 3.93e-02, 2.26e-02, 2.48e+00, 3.06e-01, 1.02e+00, 5.83e+00, -4.50e-01, 6.38e-04, 1.57e+01]
59700 [1.91e+00, 3.80e-01, 3.88e-02, 2.57e-02, 2.48e+00, 3.04e-01, 1.02e+00, 5.84e+00, -4.40e-01, -2.63e-04, 1.57e+01]
59800 [1.91e+00, 3.82e-01, 3.84e-02, 2.38e-02, 2.47e+00, 2.98e-01, 1.02e+00, 5.85e+00, -4.33e-01, -9.92e-04, 1.57e+01]
59900 [1.91e+00, 3.83e-01, 3.80e-02, 2.49e-02, 2.48e+00, 2.91e-01, 1.02e+00, 5.86e+00, -4.34e-01, -1.93e-03, 1.57e+01]
60000 [1.90e+00, 3.86e-01, 3.79e-02, 1.29e-02, 2.47e+00, 2.82e-01, 1.02e+00, 5.88e+00, -4.38e-01, -4.91e-03, 1.57e+01]
60000 [1.90e+00, 3.86e-01, 3.79e-02, 1.29e-02, 2.47e+00, 2.82e-01, 1.02e+00, 5.88e+00, -4.38e-01, -4.91e-03, 1.57e+01]
60100 [1.88e+00, 3.81e-01, 3.54e-02, 2.01e-02, 2.45e+00, 2.64e-01, 1.02e+00, 5.88e+00, -4.22e-01, -5.79e-03, 1.57e+01]
60200 [1.88e+00, 3.82e-01, 3.57e-02, 2.09e-02, 2.45e+00, 2.64e-01, 1.02e+00, 5.88e+00, -4.22e-01, -5.76e-03, 1.57e+01]
60300 [1.89e+00, 3.83e-01, 3.58e-02, 2.18e-02, 2.45e+00, 2.64e-01, 1.02e+00, 5.88e+00, -4.22e-01, -5.64e-03, 1.57e+01]
60400 [1.89e+00, 3.85e-01, 3.60e-02, 2.28e-02, 2.45e+00, 2.65e-01, 1.02e+00, 5.88e+00, -4.22e-01, -5.49e-03, 1.57e+01]
60500 [1.89e+00, 3.87e-01, 3.61e-02, 2.40e-02, 2.45e+00, 2.65e-01, 1.02e+00, 5.88e+00, -4.22e-01, -5.35e-03, 1.57e+01]
60600 [1.89e+00, 3.89e-01, 3.62e-02, 2.54e-02, 2.45e+00, 2.65e-01, 1.02e+00, 5.88e+00, -4.22e-01, -5.21e-03, 1.57e+01]
60700 [1.89e+00, 3.91e-01, 3.63e-02, 2.69e-02, 2.45e+00, 2.65e-01, 1.02e+00, 5.88e+00, -4.22e-01, -5.08e-03, 1.57e+01]
60800 [1.90e+00, 3.93e-01, 3.63e-02, 2.85e-02, 2.45e+00, 2.65e-01, 1.02e+00, 5.88e+00, -4.22e-01, -4.95e-03, 1.57e+01]
60900 [1.90e+00, 3.95e-01, 3.62e-02, 3.03e-02, 2.45e+00, 2.66e-01, 1.02e+00, 5.88e+00, -4.22e-01, -4.81e-03, 1.57e+01]
61000 [1.90e+00, 3.97e-01, 3.62e-02, 3.21e-02, 2.45e+00, 2.66e-01, 1.02e+00, 5.88e+00, -4.22e-01, -4.67e-03, 1.57e+01]
61100 [1.91e+00, 4.00e-01, 3.61e-02, 3.41e-02, 2.45e+00, 2.66e-01, 1.02e+00, 5.88e+00, -4.21e-01, -4.51e-03, 1.57e+01]
61200 [1.91e+00, 4.02e-01, 3.60e-02, 3.60e-02, 2.45e+00, 2.67e-01, 1.02e+00, 5.88e+00, -4.21e-01, -4.33e-03, 1.57e+01]
61300 [1.91e+00, 4.05e-01, 3.59e-02, 3.81e-02, 2.46e+00, 2.67e-01, 1.02e+00, 5.88e+00, -4.21e-01, -4.14e-03, 1.57e+01]
61400 [1.92e+00, 4.07e-01, 3.58e-02, 4.01e-02, 2.46e+00, 2.68e-01, 1.02e+00, 5.88e+00, -4.21e-01, -3.94e-03, 1.57e+01]
61500 [1.92e+00, 4.10e-01, 3.57e-02, 4.21e-02, 2.46e+00, 2.68e-01, 1.02e+00, 5.88e+00, -4.21e-01, -3.72e-03, 1.57e+01]
61600 [1.91e+00, 3.95e-01, 4.06e-02, 3.77e-02, 2.46e+00, 2.55e-01, 1.02e+00, 5.88e+00, -4.25e-01, -3.39e-03, 1.57e+01]
61700 [1.91e+00, 3.98e-01, 3.81e-02, 4.02e-02, 2.46e+00, 2.56e-01, 1.02e+00, 5.88e+00, -4.25e-01, -3.45e-03, 1.57e+01]
61800 [1.92e+00, 4.02e-01, 3.66e-02, 4.29e-02, 2.46e+00, 2.56e-01, 1.02e+00, 5.88e+00, -4.25e-01, -3.54e-03, 1.57e+01]
61900 [1.91e+00, 4.06e-01, 3.44e-02, 3.76e-02, 2.46e+00, 2.56e-01, 1.02e+00, 5.89e+00, -4.26e-01, -3.94e-03, 1.57e+01]
62000 [1.91e+00, 4.10e-01, 3.49e-02, 4.05e-02, 2.46e+00, 2.56e-01, 1.02e+00, 5.89e+00, -4.26e-01, -4.07e-03, 1.57e+01]
62100 [1.92e+00, 4.14e-01, 3.50e-02, 4.35e-02, 2.47e+00, 2.56e-01, 1.02e+00, 5.89e+00, -4.26e-01, -4.18e-03, 1.57e+01]
62200 [1.90e+00, 4.17e-01, 3.60e-02, 3.11e-02, 2.47e+00, 2.55e-01, 1.02e+00, 5.89e+00, -4.28e-01, -4.41e-03, 1.57e+01]
62300 [1.91e+00, 4.20e-01, 3.55e-02, 3.43e-02, 2.47e+00, 2.55e-01, 1.02e+00, 5.89e+00, -4.28e-01, -4.51e-03, 1.57e+01]
62400 [1.91e+00, 4.24e-01, 3.52e-02, 3.82e-02, 2.47e+00, 2.56e-01, 1.02e+00, 5.89e+00, -4.28e-01, -4.65e-03, 1.57e+01]
62500 [1.92e+00, 4.25e-01, 3.46e-02, 4.01e-02, 2.47e+00, 2.56e-01, 1.02e+00, 5.89e+00, -4.28e-01, -4.75e-03, 1.57e+01]
62600 [1.91e+00, 4.27e-01, 3.43e-02, 3.51e-02, 2.48e+00, 2.57e-01, 1.02e+00, 5.90e+00, -4.28e-01, -4.91e-03, 1.57e+01]
62700 [1.91e+00, 4.29e-01, 3.52e-02, 3.29e-02, 2.48e+00, 2.56e-01, 1.02e+00, 5.90e+00, -4.29e-01, -5.07e-03, 1.57e+01]
62800 [1.92e+00, 4.31e-01, 3.47e-02, 3.30e-02, 2.48e+00, 2.55e-01, 1.02e+00, 5.90e+00, -4.29e-01, -5.10e-03, 1.57e+01]
62900 [1.91e+00, 4.34e-01, 3.46e-02, 2.90e-02, 2.48e+00, 2.53e-01, 1.02e+00, 5.90e+00, -4.27e-01, -5.18e-03, 1.57e+01]
63000 [1.91e+00, 4.35e-01, 3.51e-02, 2.59e-02, 2.48e+00, 2.48e-01, 1.02e+00, 5.90e+00, -4.25e-01, -5.14e-03, 1.57e+01]
63100 [1.91e+00, 4.37e-01, 3.41e-02, 2.36e-02, 2.48e+00, 2.45e-01, 1.02e+00, 5.91e+00, -4.24e-01, -5.27e-03, 1.57e+01]
63200 [1.92e+00, 4.40e-01, 3.42e-02, 2.67e-02, 2.48e+00, 2.43e-01, 1.02e+00, 5.91e+00, -4.23e-01, -5.60e-03, 1.57e+01]
63300 [1.91e+00, 4.42e-01, 3.40e-02, 2.43e-02, 2.48e+00, 2.39e-01, 1.02e+00, 5.91e+00, -4.21e-01, -5.70e-03, 1.57e+01]
63400 [1.91e+00, 4.44e-01, 3.40e-02, 2.28e-02, 2.48e+00, 2.32e-01, 1.02e+00, 5.91e+00, -4.19e-01, -5.78e-03, 1.57e+01]
63500 [1.91e+00, 4.46e-01, 3.36e-02, 2.28e-02, 2.48e+00, 2.30e-01, 1.02e+00, 5.92e+00, -4.14e-01, -6.06e-03, 1.57e+01]
63600 [1.91e+00, 4.49e-01, 3.35e-02, 2.09e-02, 2.48e+00, 2.27e-01, 1.02e+00, 5.92e+00, -4.11e-01, -6.40e-03, 1.57e+01]
63700 [1.91e+00, 4.51e-01, 3.33e-02, 2.38e-02, 2.48e+00, 2.21e-01, 1.02e+00, 5.92e+00, -4.10e-01, -6.53e-03, 1.57e+01]
63800 [1.91e+00, 4.52e-01, 3.32e-02, 2.22e-02, 2.48e+00, 2.15e-01, 1.02e+00, 5.92e+00, -4.04e-01, -6.48e-03, 1.57e+01]
63900 [1.91e+00, 4.55e-01, 3.34e-02, 1.74e-02, 2.48e+00, 2.13e-01, 1.02e+00, 5.93e+00, -4.04e-01, -6.95e-03, 1.57e+01]
64000 [1.92e+00, 4.57e-01, 3.32e-02, 2.71e-02, 2.48e+00, 2.10e-01, 1.02e+00, 5.93e+00, -4.02e-01, -7.11e-03, 1.57e+01]
64100 [1.90e+00, 4.60e-01, 3.27e-02, 1.34e-02, 2.47e+00, 2.00e-01, 1.02e+00, 5.93e+00, -3.92e-01, -6.85e-03, 1.57e+01]
64200 [1.91e+00, 4.63e-01, 3.29e-02, 2.60e-02, 2.48e+00, 1.98e-01, 1.02e+00, 5.93e+00, -3.90e-01, -6.73e-03, 1.57e+01]
64300 [1.91e+00, 4.65e-01, 3.29e-02, 2.20e-02, 2.48e+00, 1.94e-01, 1.02e+00, 5.94e+00, -3.88e-01, -6.38e-03, 1.57e+01]
64400 [1.91e+00, 4.68e-01, 3.28e-02, 2.67e-02, 2.48e+00, 1.92e-01, 1.02e+00, 5.94e+00, -3.84e-01, -5.97e-03, 1.57e+01]
64500 [1.91e+00, 4.70e-01, 3.28e-02, 2.65e-02, 2.48e+00, 1.88e-01, 1.02e+00, 5.94e+00, -3.80e-01, -5.45e-03, 1.57e+01]
64600 [1.91e+00, 4.72e-01, 3.26e-02, 2.46e-02, 2.48e+00, 1.85e-01, 1.02e+00, 5.94e+00, -3.75e-01, -5.05e-03, 1.57e+01]
64700 [1.91e+00, 4.74e-01, 3.26e-02, 2.51e-02, 2.48e+00, 1.82e-01, 1.02e+00, 5.95e+00, -3.70e-01, -4.16e-03, 1.57e+01]
64800 [1.91e+00, 4.77e-01, 3.26e-02, 3.00e-02, 2.47e+00, 1.64e-01, 1.02e+00, 5.95e+00, -3.57e-01, -2.67e-03, 1.57e+01]
64900 [1.89e+00, 4.78e-01, 3.26e-02, 1.56e-02, 2.47e+00, 1.53e-01, 1.02e+00, 5.95e+00, -3.56e-01, -5.46e-03, 1.57e+01]
65000 [1.90e+00, 4.82e-01, 3.32e-02, 2.34e-02, 2.47e+00, 1.45e-01, 1.02e+00, 5.96e+00, -3.52e-01, -8.52e-03, 1.57e+01]
65100 [1.91e+00, 4.85e-01, 3.35e-02, 3.72e-02, 2.48e+00, 1.42e-01, 1.02e+00, 5.96e+00, -3.51e-01, -5.79e-03, 1.57e+01]
65200 [1.91e+00, 4.87e-01, 3.36e-02, 3.07e-02, 2.48e+00, 1.41e-01, 1.02e+00, 5.96e+00, -3.48e-01, -3.87e-03, 1.57e+01]
65300 [1.91e+00, 4.89e-01, 3.35e-02, 3.84e-02, 2.48e+00, 1.37e-01, 1.02e+00, 5.96e+00, -3.42e-01, -1.89e-03, 1.57e+01]
65400 [1.91e+00, 4.91e-01, 3.39e-02, 3.87e-02, 2.48e+00, 1.34e-01, 1.02e+00, 5.96e+00, -3.38e-01, -1.54e-04, 1.57e+01]
65500 [1.90e+00, 4.95e-01, 3.36e-02, 1.95e-02, 2.47e+00, 1.34e-01, 1.02e+00, 5.97e+00, -3.31e-01, 1.24e-03, 1.57e+01]
65600 [1.91e+00, 4.97e-01, 3.39e-02, 3.65e-02, 2.48e+00, 1.31e-01, 1.02e+00, 5.97e+00, -3.29e-01, 3.24e-03, 1.57e+01]
65700 [1.91e+00, 4.99e-01, 3.41e-02, 3.28e-02, 2.48e+00, 1.28e-01, 1.02e+00, 5.97e+00, -3.23e-01, 5.36e-03, 1.57e+01]
65800 [1.90e+00, 5.02e-01, 3.40e-02, 2.39e-02, 2.48e+00, 1.26e-01, 1.02e+00, 5.98e+00, -3.16e-01, 7.00e-03, 1.57e+01]
65900 [1.91e+00, 5.05e-01, 3.43e-02, 3.66e-02, 2.49e+00, 1.24e-01, 1.02e+00, 5.98e+00, -3.14e-01, 8.97e-03, 1.57e+01]
66000 [1.91e+00, 5.07e-01, 3.46e-02, 3.80e-02, 2.47e+00, 1.13e-01, 1.02e+00, 5.98e+00, -2.98e-01, 1.32e-02, 1.57e+01]
66100 [1.90e+00, 5.10e-01, 3.49e-02, 2.62e-02, 2.47e+00, 1.14e-01, 1.02e+00, 5.98e+00, -2.95e-01, 1.33e-02, 1.57e+01]
66200 [1.91e+00, 5.13e-01, 3.51e-02, 4.21e-02, 2.49e+00, 1.13e-01, 1.02e+00, 5.98e+00, -2.94e-01, 1.59e-02, 1.57e+01]
66300 [1.90e+00, 5.13e-01, 3.55e-02, 2.76e-02, 2.45e+00, 1.09e-01, 1.02e+00, 5.99e+00, -2.72e-01, 7.74e-03, 1.57e+01]
66400 [1.91e+00, 5.17e-01, 3.55e-02, 4.18e-02, 2.47e+00, 1.07e-01, 1.02e+00, 5.99e+00, -2.74e-01, 1.99e-02, 1.57e+01]
66500 [1.88e+00, 5.19e-01, 3.58e-02, 1.49e-02, 2.43e+00, 9.93e-02, 1.02e+00, 6.00e+00, -2.55e-01, 2.72e-02, 1.57e+01]
66600 [1.90e+00, 5.23e-01, 3.63e-02, 3.00e-02, 2.45e+00, 9.89e-02, 1.02e+00, 6.00e+00, -2.56e-01, 3.07e-02, 1.58e+01]
66700 [1.89e+00, 5.25e-01, 3.63e-02, 2.54e-02, 2.46e+00, 9.90e-02, 1.02e+00, 6.00e+00, -2.56e-01, 3.18e-02, 1.58e+01]
66800 [1.90e+00, 5.28e-01, 3.65e-02, 3.31e-02, 2.47e+00, 9.88e-02, 1.02e+00, 6.00e+00, -2.55e-01, 3.26e-02, 1.58e+01]
66900 [1.90e+00, 5.30e-01, 3.63e-02, 2.40e-02, 2.46e+00, 9.94e-02, 1.02e+00, 6.01e+00, -2.50e-01, 3.34e-02, 1.58e+01]
67000 [1.91e+00, 5.33e-01, 3.65e-02, 3.03e-02, 2.48e+00, 9.87e-02, 1.02e+00, 6.01e+00, -2.50e-01, 3.54e-02, 1.58e+01]
67100 [1.91e+00, 5.35e-01, 3.66e-02, 2.97e-02, 2.47e+00, 9.50e-02, 1.02e+00, 6.01e+00, -2.40e-01, 3.95e-02, 1.59e+01]
67200 [1.91e+00, 5.37e-01, 3.66e-02, 2.60e-02, 2.48e+00, 9.63e-02, 1.02e+00, 6.01e+00, -2.39e-01, 3.89e-02, 1.59e+01]
67300 [1.90e+00, 5.40e-01, 3.67e-02, 2.07e-02, 2.48e+00, 9.34e-02, 1.02e+00, 6.02e+00, -2.36e-01, 4.05e-02, 1.59e+01]
67400 [1.90e+00, 5.43e-01, 3.69e-02, 1.85e-02, 2.47e+00, 9.15e-02, 1.02e+00, 6.02e+00, -2.26e-01, 3.05e-02, 1.59e+01]
67500 [1.90e+00, 5.46e-01, 3.68e-02, 1.70e-02, 2.47e+00, 9.08e-02, 1.02e+00, 6.02e+00, -2.21e-01, 4.41e-02, 1.59e+01]
67600 [1.90e+00, 5.48e-01, 3.69e-02, 1.64e-02, 2.47e+00, 9.26e-02, 1.02e+00, 6.03e+00, -2.19e-01, 4.64e-02, 1.60e+01]
67700 [1.89e+00, 5.51e-01, 3.68e-02, 1.05e-02, 2.46e+00, 8.60e-02, 1.02e+00, 6.03e+00, -2.10e-01, 4.48e-02, 1.60e+01]
67800 [1.89e+00, 5.53e-01, 3.75e-02, 6.86e-03, 2.47e+00, 8.99e-02, 1.02e+00, 6.04e+00, -2.09e-01, 4.67e-02, 1.60e+01]
67900 [1.90e+00, 5.56e-01, 3.71e-02, 1.63e-02, 2.48e+00, 9.13e-02, 1.02e+00, 6.04e+00, -2.09e-01, 4.67e-02, 1.60e+01]
68000 [1.90e+00, 5.58e-01, 3.72e-02, 1.33e-02, 2.47e+00, 8.59e-02, 1.02e+00, 6.04e+00, -1.99e-01, 5.67e-02, 1.61e+01]
68100 [1.90e+00, 5.60e-01, 3.75e-02, 8.53e-03, 2.47e+00, 8.66e-02, 1.02e+00, 6.05e+00, -1.98e-01, 5.64e-02, 1.61e+01]
68200 [1.89e+00, 5.62e-01, 3.79e-02, 5.71e-03, 2.48e+00, 8.11e-02, 1.02e+00, 6.05e+00, -1.97e-01, 5.55e-02, 1.61e+01]
68300 [1.90e+00, 5.65e-01, 3.79e-02, 9.05e-03, 2.45e+00, 8.42e-02, 1.02e+00, 6.05e+00, -1.85e-01, 1.87e-02, 1.61e+01]
68400 [1.90e+00, 5.68e-01, 3.80e-02, 9.14e-03, 2.47e+00, 8.27e-02, 1.02e+00, 6.06e+00, -1.91e-01, 5.38e-02, 1.62e+01]
68500 [1.89e+00, 5.71e-01, 3.76e-02, -3.14e-03, 2.46e+00, 8.58e-02, 1.02e+00, 6.07e+00, -1.87e-01, 5.69e-02, 1.62e+01]
68600 [1.89e+00, 5.74e-01, 3.74e-02, -3.35e-03, 2.45e+00, 7.93e-02, 1.02e+00, 6.07e+00, -1.81e-01, 6.88e-02, 1.62e+01]
68700 [1.81e+00, 5.77e-01, 3.72e-02, -1.25e-02, 2.28e+00, 6.11e-02, 1.02e+00, 6.06e+00, -1.68e-01, 1.23e-01, 1.62e+01]
68800 [1.82e+00, 5.82e-01, 4.02e-02, -7.74e-03, 2.29e+00, 6.19e-02, 1.02e+00, 6.06e+00, -1.68e-01, 1.23e-01, 1.62e+01]
68900 [1.83e+00, 5.86e-01, 4.13e-02, -3.00e-03, 2.30e+00, 6.21e-02, 1.02e+00, 6.06e+00, -1.68e-01, 1.22e-01, 1.62e+01]
69000 [1.84e+00, 5.90e-01, 4.16e-02, 1.53e-03, 2.31e+00, 6.20e-02, 1.02e+00, 6.06e+00, -1.67e-01, 1.22e-01, 1.62e+01]
69100 [1.85e+00, 5.91e-01, 4.18e-02, 5.96e-03, 2.32e+00, 6.19e-02, 1.02e+00, 6.06e+00, -1.67e-01, 1.21e-01, 1.62e+01]
69200 [1.86e+00, 5.94e-01, 4.17e-02, 9.96e-03, 2.33e+00, 6.18e-02, 1.02e+00, 6.06e+00, -1.67e-01, 1.21e-01, 1.62e+01]
69300 [1.88e+00, 5.96e-01, 4.16e-02, 1.37e-02, 2.34e+00, 6.17e-02, 1.02e+00, 6.06e+00, -1.67e-01, 1.20e-01, 1.62e+01]
69400 [1.87e+00, 5.99e-01, 4.12e-02, 7.32e-03, 2.34e+00, 6.20e-02, 1.02e+00, 6.06e+00, -1.67e-01, 1.20e-01, 1.62e+01]
69500 [1.87e+00, 6.00e-01, 4.16e-02, 4.42e-03, 2.34e+00, 6.22e-02, 1.02e+00, 6.06e+00, -1.67e-01, 1.19e-01, 1.62e+01]
69600 [1.88e+00, 6.03e-01, 4.12e-02, 3.77e-03, 2.34e+00, 6.21e-02, 1.02e+00, 6.07e+00, -1.67e-01, 1.19e-01, 1.62e+01]
69700 [1.87e+00, 6.05e-01, 4.08e-02, -3.54e-03, 2.34e+00, 6.24e-02, 1.02e+00, 6.07e+00, -1.67e-01, 1.18e-01, 1.62e+01]
69800 [1.88e+00, 6.08e-01, 4.10e-02, -8.79e-04, 2.35e+00, 6.26e-02, 1.02e+00, 6.07e+00, -1.66e-01, 1.18e-01, 1.62e+01]
69900 [1.87e+00, 6.09e-01, 4.10e-02, -7.30e-03, 2.35e+00, 6.28e-02, 1.02e+00, 6.08e+00, -1.66e-01, 1.17e-01, 1.62e+01]
70000 [1.85e+00, 6.12e-01, 4.11e-02, -2.44e-02, 2.33e+00, 6.30e-02, 1.02e+00, 6.09e+00, -1.66e-01, 1.17e-01, 1.62e+01]
