# step, loss_train, loss_test, metrics_test
0.000000000000000000e+00 1.439840549524021079e-03 4.697676591113227051e-02 6.207371064371292957e-04 1.955907909734001457e-02 1.932100000000000219e-12 1.632160000000000105e-11 1.512900000000000276e-10 1.260250000000000068e-09 5.618703681483568912e-01 3.441829564927219587e-01 1.005216629515488513e+00 3.060877957697040852e+00 1.439840549524021079e-03 4.697676591113227051e-02 6.207371064371292957e-04 1.955907909734001457e-02 1.932100000000000219e-12 1.632160000000000105e-11 1.512900000000000276e-10 1.260250000000000068e-09 5.618703681483568912e-01 3.441829564927219587e-01 1.005216629515488513e+00 3.060877957697040852e+00
3.500000000000000000e+02 9.547207546186631776e-04 5.662568052954395845e-03 2.105073538809064046e-02 4.769140020009564329e-02 4.716691895612334964e-09 7.800949490055506796e-06 2.726438992232583939e-04 2.614653969876199954e-03 3.631860740950079280e-03 2.618289991672394148e-03 1.368175524849768628e-02 1.618353344180278180e-02 9.547207546186631776e-04 5.662568052954395845e-03 2.105073538809064046e-02 4.769140020009564329e-02 4.716691895612334964e-09 7.800949490055506796e-06 2.726438992232583939e-04 2.614653969876199954e-03 3.631860740950079280e-03 2.618289991672394148e-03 1.368175524849768628e-02 1.618353344180278180e-02
7.000000000000000000e+02 1.069970494703759677e-03 3.786009162978709857e-03 1.985887025451468432e-02 5.005635138766872938e-02 1.827781260694014901e-07 5.712597273088528398e-06 2.124892823557293783e-04 2.737250023490014721e-03 2.855661326119876987e-03 2.744949999608650628e-03 1.143663974192320534e-02 1.746219234681530008e-02 1.069970494703759677e-03 3.786009162978709857e-03 1.985887025451468432e-02 5.005635138766872938e-02 1.827781260694014901e-07 5.712597273088528398e-06 2.124892823557293783e-04 2.737250023490014721e-03 2.855661326119876987e-03 2.744949999608650628e-03 1.143663974192320534e-02 1.746219234681530008e-02
1.050000000000000000e+03 1.116311760946687428e-03 4.006869823324100445e-03 1.805362628952565662e-02 5.337419783486384989e-02 8.456050296075390731e-07 1.196722613402369754e-06 2.422707672762074366e-04 2.662404407394342379e-03 2.437157339506410957e-03 1.833210827137048355e-03 9.972466608859595696e-03 1.569442580638740620e-02 1.116311760946687428e-03 4.006869823324100445e-03 1.805362628952565662e-02 5.337419783486384989e-02 8.456050296075390731e-07 1.196722613402369754e-06 2.422707672762074366e-04 2.662404407394342379e-03 2.437157339506410957e-03 1.833210827137048355e-03 9.972466608859595696e-03 1.569442580638740620e-02
1.400000000000000000e+03 1.159712875734274186e-03 4.006630548199988616e-03 1.801332270740711033e-02 5.391991944756149152e-02 3.664109907940686666e-07 3.782957886245899854e-07 2.702378701084234575e-04 2.687778110857497703e-03 2.183589686472671345e-03 1.700424228861796127e-03 8.893016916785966702e-03 1.555392424696502157e-02 1.159712875734274186e-03 4.006630548199988616e-03 1.801332270740711033e-02 5.391991944756149152e-02 3.664109907940686666e-07 3.782957886245899854e-07 2.702378701084234575e-04 2.687778110857497703e-03 2.183589686472671345e-03 1.700424228861796127e-03 8.893016916785966702e-03 1.555392424696502157e-02
1.750000000000000000e+03 1.190873739625493725e-03 3.932374296077449649e-03 1.765904762181365675e-02 5.437142993260190432e-02 4.591830007293070570e-07 4.417630460348299862e-07 2.683510286082930411e-04 2.701485859004907567e-03 2.039811849850102065e-03 1.701147404450829024e-03 8.728265382196157343e-03 1.550682790815435981e-02 1.190873739625493725e-03 3.932374296077449649e-03 1.765904762181365675e-02 5.437142993260190432e-02 4.591830007293070570e-07 4.417630460348299862e-07 2.683510286082930411e-04 2.701485859004907567e-03 2.039811849850102065e-03 1.701147404450829024e-03 8.728265382196157343e-03 1.550682790815435981e-02
2.100000000000000000e+03 1.206898330126670660e-03 3.940986552560624481e-03 1.734565366597259906e-02 5.481830927965559985e-02 4.059137706872716581e-07 2.682215279238924350e-07 2.704251481032076765e-04 2.683361668470187183e-03 1.927614407489588967e-03 1.668432692513518176e-03 8.723517395619714149e-03 1.529315412405212252e-02 1.206898330126670660e-03 3.940986552560624481e-03 1.734565366597259906e-02 5.481830927965559985e-02 4.059137706872716581e-07 2.682215279238924350e-07 2.704251481032076765e-04 2.683361668470187183e-03 1.927614407489588967e-03 1.668432692513518176e-03 8.723517395619714149e-03 1.529315412405212252e-02
2.450000000000000000e+03 1.217819152412057777e-03 3.782041156579636285e-03 1.727610327597253054e-02 5.504507879584351338e-02 3.605208287529390623e-07 2.951663279346036926e-07 2.600334788051113992e-04 2.700599394906401125e-03 1.803793169373711170e-03 1.619408126683611433e-03 8.674878231172621426e-03 1.528221886350141119e-02 1.217819152412057777e-03 3.782041156579636285e-03 1.727610327597253054e-02 5.504507879584351338e-02 3.605208287529390623e-07 2.951663279346036926e-07 2.600334788051113992e-04 2.700599394906401125e-03 1.803793169373711170e-03 1.619408126683611433e-03 8.674878231172621426e-03 1.528221886350141119e-02
2.800000000000000000e+03 1.269196533794064502e-03 3.976955508889485139e-03 1.720854436360498216e-02 5.502755618010775340e-02 2.074764275238103543e-08 1.187341142073760717e-07 2.617189950013146618e-04 2.696255772830454412e-03 1.702158084477334906e-03 1.570281346459259696e-03 8.656908113503372984e-03 1.519293456088367106e-02 1.269196533794064502e-03 3.976955508889485139e-03 1.720854436360498216e-02 5.502755618010775340e-02 2.074764275238103543e-08 1.187341142073760717e-07 2.617189950013146618e-04 2.696255772830454412e-03 1.702158084477334906e-03 1.570281346459259696e-03 8.656908113503372984e-03 1.519293456088367106e-02
3.150000000000000000e+03 1.283653847747338525e-03 3.809324644124838753e-03 1.727223782788069387e-02 5.510595055211837956e-02 4.757509876971061457e-07 1.106365264457366371e-07 2.512359569361781821e-04 2.709690378634568419e-03 1.593997493309179956e-03 1.563877434482382556e-03 8.651645345914600257e-03 1.522521781636010027e-02 1.283653847747338525e-03 3.809324644124838753e-03 1.727223782788069387e-02 5.510595055211837956e-02 4.757509876971061457e-07 1.106365264457366371e-07 2.512359569361781821e-04 2.709690378634568419e-03 1.593997493309179956e-03 1.563877434482382556e-03 8.651645345914600257e-03 1.522521781636010027e-02
3.500000000000000000e+03 1.313989787313738075e-03 3.890939590091858566e-03 1.737739508740752253e-02 5.502852225876490172e-02 4.845928690852367715e-07 2.464478984699664947e-08 2.418079501658918190e-04 2.715664947032497140e-03 1.532908446201358991e-03 1.512262892119305407e-03 8.571054558832514811e-03 1.525940211809394438e-02 1.313989787313738075e-03 3.890939590091858566e-03 1.737739508740752253e-02 5.502852225876490172e-02 4.845928690852367715e-07 2.464478984699664947e-08 2.418079501658918190e-04 2.715664947032497140e-03 1.532908446201358991e-03 1.512262892119305407e-03 8.571054558832514811e-03 1.525940211809394438e-02
3.850000000000000000e+03 1.341540568571147419e-03 3.831121746883982444e-03 1.716870367199770098e-02 5.508406237735570532e-02 5.047395251860668038e-07 3.985872975161635739e-07 2.523147894939635960e-04 2.715559633879929217e-03 1.505744791012354408e-03 1.579596937436189607e-03 8.638470218843266948e-03 1.527193400837692505e-02 1.341540568571147419e-03 3.831121746883982444e-03 1.716870367199770098e-02 5.508406237735570532e-02 5.047395251860668038e-07 3.985872975161635739e-07 2.523147894939635960e-04 2.715559633879929217e-03 1.505744791012354408e-03 1.579596937436189607e-03 8.638470218843266948e-03 1.527193400837692505e-02
4.200000000000000000e+03 1.343133331872334345e-03 3.889841789662357423e-03 1.702966800695245725e-02 5.525412458146613387e-02 3.953104112373925436e-07 2.286122739570342775e-07 2.577584486624057516e-04 2.692026836401975598e-03 1.494585700457171746e-03 1.567073273605169110e-03 8.661995832764977227e-03 1.517753551377699212e-02 1.343133331872334345e-03 3.889841789662357423e-03 1.702966800695245725e-02 5.525412458146613387e-02 3.953104112373925436e-07 2.286122739570342775e-07 2.577584486624057516e-04 2.692026836401975598e-03 1.494585700457171746e-03 1.567073273605169110e-03 8.661995832764977227e-03 1.517753551377699212e-02
4.550000000000000000e+03 1.358203562286393112e-03 3.702265791150571861e-03 1.756192072625004791e-02 5.462946623714504818e-02 7.774177712578890772e-07 1.042480861207647905e-06 2.329808241958791163e-04 2.778515682333298001e-03 1.461513917507269167e-03 1.611760758062017514e-03 8.512470350419078582e-03 1.556722083170739360e-02 1.358203562286393112e-03 3.702265791150571861e-03 1.756192072625004791e-02 5.462946623714504818e-02 7.774177712578890772e-07 1.042480861207647905e-06 2.329808241958791163e-04 2.778515682333298001e-03 1.461513917507269167e-03 1.611760758062017514e-03 8.512470350419078582e-03 1.556722083170739360e-02
4.900000000000000000e+03 1.359025461331087080e-03 3.827283906485174584e-03 1.695060171130797003e-02 5.523265534254856446e-02 4.787970258251804308e-07 2.915531739853580952e-07 2.562257314898185403e-04 2.717513487839952422e-03 1.442979063325295361e-03 1.558422788507485279e-03 8.687233623148030506e-03 1.530402877627563309e-02 1.359025461331087080e-03 3.827283906485174584e-03 1.695060171130797003e-02 5.523265534254856446e-02 4.787970258251804308e-07 2.915531739853580952e-07 2.562257314898185403e-04 2.717513487839952422e-03 1.442979063325295361e-03 1.558422788507485279e-03 8.687233623148030506e-03 1.530402877627563309e-02
5.250000000000000000e+03 1.350181811596158762e-03 3.760629699992324663e-03 1.696407669126534512e-02 5.552518978351227152e-02 1.495770852721241857e-06 8.043806280987410745e-07 2.534335861404434301e-04 2.667691104682267441e-03 1.458640690234918463e-03 1.603422606849955233e-03 8.646799511162286261e-03 1.511328270679943193e-02 1.350181811596158762e-03 3.760629699992324663e-03 1.696407669126534512e-02 5.552518978351227152e-02 1.495770852721241857e-06 8.043806280987410745e-07 2.534335861404434301e-04 2.667691104682267441e-03 1.458640690234918463e-03 1.603422606849955233e-03 8.646799511162286261e-03 1.511328270679943193e-02
5.600000000000000000e+03 1.358486771359765019e-03 3.810572001596716166e-03 1.697058376370911767e-02 5.536284113700105924e-02 4.622083009824874734e-07 2.751824347404838206e-07 2.527020311458901686e-04 2.696781829311816359e-03 1.420279161305160187e-03 1.557853522804003099e-03 8.650854776093371348e-03 1.522880651179662169e-02 1.358486771359765019e-03 3.810572001596716166e-03 1.697058376370911767e-02 5.536284113700105924e-02 4.622083009824874734e-07 2.751824347404838206e-07 2.527020311458901686e-04 2.696781829311816359e-03 1.420279161305160187e-03 1.557853522804003099e-03 8.650854776093371348e-03 1.522880651179662169e-02
5.950000000000000000e+03 1.414400854709470853e-03 3.556126702834060647e-03 1.705476446187928832e-02 5.461245836443934243e-02 3.856305969682192588e-09 1.439167994328499480e-05 2.748674636002657978e-04 2.839330040900315405e-03 1.427370943363498500e-03 1.935361686124408400e-03 8.723328186332665254e-03 1.570274378179439823e-02 1.414400854709470853e-03 3.556126702834060647e-03 1.705476446187928832e-02 5.461245836443934243e-02 3.856305969682192588e-09 1.439167994328499480e-05 2.748674636002657978e-04 2.839330040900315405e-03 1.427370943363498500e-03 1.935361686124408400e-03 8.723328186332665254e-03 1.570274378179439823e-02
6.300000000000000000e+03 1.319384052945920920e-03 3.932380910721519976e-03 1.784414890736907983e-02 5.609097231880774692e-02 1.756178599823721747e-06 9.008592123633173156e-06 1.836519612735084729e-04 2.478115465945540316e-03 1.461105279306607442e-03 1.468293418642518510e-03 8.236997043847948952e-03 1.463947828271560357e-02 1.319384052945920920e-03 3.932380910721519976e-03 1.784414890736907983e-02 5.609097231880774692e-02 1.756178599823721747e-06 9.008592123633173156e-06 1.836519612735084729e-04 2.478115465945540316e-03 1.461105279306607442e-03 1.468293418642518510e-03 8.236997043847948952e-03 1.463947828271560357e-02
6.650000000000000000e+03 1.309114023889024333e-03 4.014970204890815769e-03 1.668686047424317379e-02 5.425506394793132292e-02 1.457688288052304272e-05 5.766813020915704242e-06 2.542925002250334167e-04 2.820962129655719096e-03 1.626019043854396925e-03 1.516274182377792519e-03 8.930126454803264530e-03 1.621486210270156256e-02 1.309114023889024333e-03 4.014970204890815769e-03 1.668686047424317379e-02 5.425506394793132292e-02 1.457688288052304272e-05 5.766813020915704242e-06 2.542925002250334167e-04 2.820962129655719096e-03 1.626019043854396925e-03 1.516274182377792519e-03 8.930126454803264530e-03 1.621486210270156256e-02
7.000000000000000000e+03 1.280316840002446166e-03 4.540704350479029053e-03 1.866275348161623715e-02 5.632396013520567929e-02 1.290040632613805838e-05 1.882227753708995812e-04 7.737076619251783761e-05 2.067150051535950224e-03 1.458278089071289108e-03 1.845085552031665820e-03 8.099664988447856026e-03 1.461281810860133590e-02 1.280316840002446166e-03 4.540704350479029053e-03 1.866275348161623715e-02 5.632396013520567929e-02 1.290040632613805838e-05 1.882227753708995812e-04 7.737076619251783761e-05 2.067150051535950224e-03 1.458278089071289108e-03 1.845085552031665820e-03 8.099664988447856026e-03 1.461281810860133590e-02
7.350000000000000000e+03 1.315564851029419431e-03 3.993966302893139225e-03 1.793977035050757507e-02 5.622582513506908797e-02 1.126478341339851713e-05 5.249615078402603607e-06 2.169666755668994554e-04 2.748109334590104636e-03 1.403656011837203180e-03 1.600216683382185701e-03 8.144950135707207384e-03 1.432269200590470873e-02 1.315564851029419431e-03 3.993966302893139225e-03 1.793977035050757507e-02 5.622582513506908797e-02 1.126478341339851713e-05 5.249615078402603607e-06 2.169666755668994554e-04 2.748109334590104636e-03 1.403656011837203180e-03 1.600216683382185701e-03 8.144950135707207384e-03 1.432269200590470873e-02
7.700000000000000000e+03 1.299271931260548773e-03 4.359287766713430476e-03 1.698546760449711618e-02 5.626681168180633352e-02 4.821334124339842766e-06 9.546583691180867564e-05 1.551050739169063954e-04 2.236241638224065534e-03 1.442331860034003470e-03 1.485037101172908842e-03 8.544556682379104637e-03 1.491989438293974887e-02 1.299271931260548773e-03 4.359287766713430476e-03 1.698546760449711618e-02 5.626681168180633352e-02 4.821334124339842766e-06 9.546583691180867564e-05 1.551050739169063954e-04 2.236241638224065534e-03 1.442331860034003470e-03 1.485037101172908842e-03 8.544556682379104637e-03 1.491989438293974887e-02
8.050000000000000000e+03 1.361932700202295827e-03 3.840019340982395602e-03 1.694172629115805670e-02 5.546501036499700693e-02 2.234077912278505598e-07 1.553642315274707278e-08 2.458243449422292497e-04 2.661406342394208747e-03 1.331153755762653698e-03 1.542355304388346804e-03 8.573888737888977346e-03 1.518941131026535496e-02 1.361932700202295827e-03 3.840019340982395602e-03 1.694172629115805670e-02 5.546501036499700693e-02 2.234077912278505598e-07 1.553642315274707278e-08 2.458243449422292497e-04 2.661406342394208747e-03 1.331153755762653698e-03 1.542355304388346804e-03 8.573888737888977346e-03 1.518941131026535496e-02
8.400000000000000000e+03 1.379208470734238738e-03 3.829014003073391310e-03 1.669405391306804515e-02 5.565393225575555880e-02 2.362325478746730897e-05 4.494487812528384405e-06 2.619572348578342431e-04 2.782650628597295971e-03 1.308788992176949072e-03 1.560381022494397411e-03 8.632815801638682798e-03 1.503005013492751847e-02 1.379208470734238738e-03 3.829014003073391310e-03 1.669405391306804515e-02 5.565393225575555880e-02 2.362325478746730897e-05 4.494487812528384405e-06 2.619572348578342431e-04 2.782650628597295971e-03 1.308788992176949072e-03 1.560381022494397411e-03 8.632815801638682798e-03 1.503005013492751847e-02
8.750000000000000000e+03 1.376856909611600104e-03 3.845334635727312104e-03 1.675013785017622978e-02 5.537908485009216536e-02 1.256738953017432126e-07 4.953554702388568981e-10 2.491571128750331727e-04 2.680065515022300119e-03 1.300906381791043336e-03 1.552217373702836955e-03 8.675485345799037115e-03 1.529796798166323940e-02 1.376856909611600104e-03 3.845334635727312104e-03 1.675013785017622978e-02 5.537908485009216536e-02 1.256738953017432126e-07 4.953554702388568981e-10 2.491571128750331727e-04 2.680065515022300119e-03 1.300906381791043336e-03 1.552217373702836955e-03 8.675485345799037115e-03 1.529796798166323940e-02
9.100000000000000000e+03 1.377418797185941436e-03 3.788543262783771425e-03 1.687259835833665803e-02 5.542600455209048538e-02 5.182689609729752395e-07 2.073020228553894164e-07 2.520588025018288695e-04 2.660479105575343922e-03 1.300073621811701418e-03 1.564233296133776948e-03 8.624205830563924299e-03 1.522197448309700954e-02 1.377418797185941436e-03 3.788543262783771425e-03 1.687259835833665803e-02 5.542600455209048538e-02 5.182689609729752395e-07 2.073020228553894164e-07 2.520588025018288695e-04 2.660479105575343922e-03 1.300073621811701418e-03 1.564233296133776948e-03 8.624205830563924299e-03 1.522197448309700954e-02
9.450000000000000000e+03 1.344930585218759777e-03 3.749748177354782566e-03 1.841917627811546013e-02 5.470768203971610594e-02 2.566316733097885855e-08 1.678753288102046807e-06 1.948011614547204772e-04 2.589972001958902505e-03 1.378852611548225327e-03 1.479268863015078617e-03 8.122210331467526537e-03 1.538467302005835577e-02 1.344930585218759777e-03 3.749748177354782566e-03 1.841917627811546013e-02 5.470768203971610594e-02 2.566316733097885855e-08 1.678753288102046807e-06 1.948011614547204772e-04 2.589972001958902505e-03 1.378852611548225327e-03 1.479268863015078617e-03 8.122210331467526537e-03 1.538467302005835577e-02
9.800000000000000000e+03 1.382715377564419472e-03 3.776154684239442332e-03 1.695429243496563224e-02 5.527527967843486739e-02 4.064876454090971830e-07 2.150470257057344122e-06 2.627521645636074184e-04 2.756196377768189813e-03 1.303222578230567525e-03 1.561761714821274490e-03 8.561898887059181396e-03 1.522786652684737611e-02 1.382715377564419472e-03 3.776154684239442332e-03 1.695429243496563224e-02 5.527527967843486739e-02 4.064876454090971830e-07 2.150470257057344122e-06 2.627521645636074184e-04 2.756196377768189813e-03 1.303222578230567525e-03 1.561761714821274490e-03 8.561898887059181396e-03 1.522786652684737611e-02
1.015000000000000000e+04 1.409552905690190710e-03 3.586741499650391001e-03 1.690993234581364066e-02 5.468606735668626873e-02 1.574684783411266420e-07 1.371667976576276976e-05 2.989749268047107501e-04 2.811377552965645382e-03 1.307941117962113783e-03 1.773284499345217056e-03 8.687051550430155769e-03 1.567614985899781765e-02 1.409552905690190710e-03 3.586741499650391001e-03 1.690993234581364066e-02 5.468606735668626873e-02 1.574684783411266420e-07 1.371667976576276976e-05 2.989749268047107501e-04 2.811377552965645382e-03 1.307941117962113783e-03 1.773284499345217056e-03 8.687051550430155769e-03 1.567614985899781765e-02
1.050000000000000000e+04 1.411998445691869507e-03 3.571691757952948337e-03 1.728813985957783003e-02 5.525483731405189669e-02 3.304936751884232007e-06 1.597426404856559113e-06 2.722095320108851432e-04 2.690114603627662571e-03 1.365144137579825780e-03 1.709169019746216130e-03 8.435089757995910612e-03 1.519018470158063107e-02 1.411998445691869507e-03 3.571691757952948337e-03 1.728813985957783003e-02 5.525483731405189669e-02 3.304936751884232007e-06 1.597426404856559113e-06 2.722095320108851432e-04 2.690114603627662571e-03 1.365144137579825780e-03 1.709169019746216130e-03 8.435089757995910612e-03 1.519018470158063107e-02
1.085000000000000000e+04 1.374390648743502351e-03 3.912987277417599892e-03 1.674377368735687280e-02 5.535278307686219978e-02 1.554979252965016528e-08 3.342777549894483074e-06 2.332403683189237099e-04 2.725306856554757066e-03 1.309587577368464097e-03 1.484837447875924851e-03 8.642324401769110875e-03 1.527317670127581635e-02 1.374390648743502351e-03 3.912987277417599892e-03 1.674377368735687280e-02 5.535278307686219978e-02 1.554979252965016528e-08 3.342777549894483074e-06 2.332403683189237099e-04 2.725306856554757066e-03 1.309587577368464097e-03 1.484837447875924851e-03 8.642324401769110875e-03 1.527317670127581635e-02
1.120000000000000000e+04 1.390873013999508303e-03 3.777826574761866760e-03 1.688226506190471793e-02 5.536905026048527523e-02 2.014475589084643060e-07 2.438843154686128980e-07 2.550659723734796528e-04 2.636640326958513206e-03 1.294960196928427723e-03 1.550943731968328987e-03 8.603689937697941298e-03 1.525203650532201520e-02 1.390873013999508303e-03 3.777826574761866760e-03 1.688226506190471793e-02 5.536905026048527523e-02 2.014475589084643060e-07 2.438843154686128980e-07 2.550659723734796528e-04 2.636640326958513206e-03 1.294960196928427723e-03 1.550943731968328987e-03 8.603689937697941298e-03 1.525203650532201520e-02
1.155000000000000000e+04 1.361186922722703056e-03 3.724573401296000889e-03 1.746739444138922098e-02 5.520477732986938529e-02 3.204492882316107059e-05 8.278058228358936011e-07 2.404542303704569487e-04 2.928761353764633250e-03 1.344020911813316281e-03 1.514024429267718909e-03 8.304608896834706974e-03 1.500022036426683011e-02 1.361186922722703056e-03 3.724573401296000889e-03 1.746739444138922098e-02 5.520477732986938529e-02 3.204492882316107059e-05 8.278058228358936011e-07 2.404542303704569487e-04 2.928761353764633250e-03 1.344020911813316281e-03 1.514024429267718909e-03 8.304608896834706974e-03 1.500022036426683011e-02
1.190000000000000000e+04 1.418053368023205509e-03 3.967143629086314523e-03 1.599839060365446097e-02 5.662823535275539333e-02 1.468878492839393156e-05 5.566386112277154681e-07 2.817777738941621693e-04 2.435428436171495521e-03 1.624172876480104106e-03 1.487352796288721321e-03 8.937202866610857721e-03 1.477646998941422804e-02 1.418053368023205509e-03 3.967143629086314523e-03 1.599839060365446097e-02 5.662823535275539333e-02 1.468878492839393156e-05 5.566386112277154681e-07 2.817777738941621693e-04 2.435428436171495521e-03 1.624172876480104106e-03 1.487352796288721321e-03 8.937202866610857721e-03 1.477646998941422804e-02
1.225000000000000000e+04 1.381410486778056465e-03 3.791107544242835418e-03 1.691277053860236468e-02 5.529517980579456288e-02 7.209938070741002872e-07 4.925986018527985693e-09 2.412541292311541977e-04 2.686459335619478372e-03 1.320164077056418294e-03 1.529319202275028012e-03 8.565193733516884844e-03 1.525332776320085029e-02 1.381410486778056465e-03 3.791107544242835418e-03 1.691277053860236468e-02 5.529517980579456288e-02 7.209938070741002872e-07 4.925986018527985693e-09 2.412541292311541977e-04 2.686459335619478372e-03 1.320164077056418294e-03 1.529319202275028012e-03 8.565193733516884844e-03 1.525332776320085029e-02
1.260000000000000000e+04 1.396330225624887577e-03 3.729378307864804603e-03 1.700968074422355356e-02 5.553466028621710515e-02 1.856683599866763156e-06 4.553291044510711110e-07 2.492363516439042182e-04 2.650970212888431165e-03 1.298891548973317694e-03 1.558448021174339013e-03 8.488215630322823793e-03 1.503893214012301353e-02 1.396330225624887577e-03 3.729378307864804603e-03 1.700968074422355356e-02 5.553466028621710515e-02 1.856683599866763156e-06 4.553291044510711110e-07 2.492363516439042182e-04 2.650970212888431165e-03 1.298891548973317694e-03 1.558448021174339013e-03 8.488215630322823793e-03 1.503893214012301353e-02
1.295000000000000000e+04 1.400474315621782042e-03 3.699153744530249248e-03 1.684391481772588850e-02 5.536340723382830037e-02 6.245643990629543986e-07 2.697234366017499411e-06 2.725289717834404645e-04 2.687843304570071510e-03 1.295395426362833243e-03 1.602788743471377300e-03 8.602095900432139147e-03 1.516446471723012501e-02 1.400474315621782042e-03 3.699153744530249248e-03 1.684391481772588850e-02 5.536340723382830037e-02 6.245643990629543986e-07 2.697234366017499411e-06 2.725289717834404645e-04 2.687843304570071510e-03 1.295395426362833243e-03 1.602788743471377300e-03 8.602095900432139147e-03 1.516446471723012501e-02
1.330000000000000000e+04 1.377271237099774283e-03 3.832188585401484927e-03 1.722331068152251413e-02 5.437742299574294114e-02 3.339925588397501610e-07 7.532324350538507439e-06 2.481062803811312349e-04 3.015251277194820091e-03 1.356239502985293142e-03 1.514239519781497697e-03 8.479074584054994979e-03 1.560430146532177341e-02 1.377271237099774283e-03 3.832188585401484927e-03 1.722331068152251413e-02 5.437742299574294114e-02 3.339925588397501610e-07 7.532324350538507439e-06 2.481062803811312349e-04 3.015251277194820091e-03 1.356239502985293142e-03 1.514239519781497697e-03 8.479074584054994979e-03 1.560430146532177341e-02
1.365000000000000000e+04 1.448501525214588876e-03 4.093481365120514061e-03 1.589882996372136634e-02 5.638113596464888050e-02 5.395663358658148969e-06 1.531562712409611715e-06 2.486319846253139251e-04 2.600566044493738023e-03 1.627948186423187373e-03 1.502435387131444405e-03 8.950746759886827816e-03 1.477620148393122591e-02 1.448501525214588876e-03 4.093481365120514061e-03 1.589882996372136634e-02 5.638113596464888050e-02 5.395663358658148969e-06 1.531562712409611715e-06 2.486319846253139251e-04 2.600566044493738023e-03 1.627948186423187373e-03 1.502435387131444405e-03 8.950746759886827816e-03 1.477620148393122591e-02
1.400000000000000000e+04 1.389229034134056547e-03 3.758280648517178888e-03 1.707924348901235234e-02 5.505265748039653295e-02 5.347655436430486685e-07 1.290099607856243261e-06 2.491617233308266810e-04 2.651583900019868420e-03 1.305131522915263780e-03 1.540927781377776163e-03 8.517783313302686871e-03 1.530994002837551132e-02 1.389229034134056547e-03 3.758280648517178888e-03 1.707924348901235234e-02 5.505265748039653295e-02 5.347655436430486685e-07 1.290099607856243261e-06 2.491617233308266810e-04 2.651583900019868420e-03 1.305131522915263780e-03 1.540927781377776163e-03 8.517783313302686871e-03 1.530994002837551132e-02
1.435000000000000000e+04 1.406011036228567651e-03 3.695514153155756744e-03 1.712531808774218206e-02 5.485181602713607579e-02 4.925120424156205649e-09 1.564236309542795112e-06 2.559017921730969238e-04 2.990367974978472374e-03 1.292730522817844320e-03 1.589680180534702204e-03 8.490910269327175963e-03 1.517910588333352441e-02 1.406011036228567651e-03 3.695514153155756744e-03 1.712531808774218206e-02 5.485181602713607579e-02 4.925120424156205649e-09 1.564236309542795112e-06 2.559017921730969238e-04 2.990367974978472374e-03 1.292730522817844320e-03 1.589680180534702204e-03 8.490910269327175963e-03 1.517910588333352441e-02
1.470000000000000000e+04 1.394067468708874149e-03 3.820937119861614936e-03 1.670848279921696017e-02 5.549026027982553733e-02 9.798471497240653200e-07 8.979951571487186326e-08 2.492177078089115620e-04 2.618231141577111957e-03 1.300592354974378388e-03 1.520005573753921381e-03 8.620676245089204867e-03 1.507558451072499479e-02 1.394067468708874149e-03 3.820937119861614936e-03 1.670848279921696017e-02 5.549026027982553733e-02 9.798471497240653200e-07 8.979951571487186326e-08 2.492177078089115620e-04 2.618231141577111957e-03 1.300592354974378388e-03 1.520005573753921381e-03 8.620676245089204867e-03 1.507558451072499479e-02
1.505000000000000000e+04 1.406407287671694985e-03 3.827063800552486187e-03 1.686795425604284068e-02 5.516414836153243906e-02 1.509136886605811940e-04 5.066226750467238547e-07 1.891005038912368030e-04 2.515676732694030124e-03 1.334821550847351814e-03 1.546166265745105902e-03 8.644161377572841948e-03 1.532693008862455984e-02 1.406407287671694985e-03 3.827063800552486187e-03 1.686795425604284068e-02 5.516414836153243906e-02 1.509136886605811940e-04 5.066226750467238547e-07 1.891005038912368030e-04 2.515676732694030124e-03 1.334821550847351814e-03 1.546166265745105902e-03 8.644161377572841948e-03 1.532693008862455984e-02
1.540000000000000000e+04 1.421553421453590439e-03 3.761077853829433628e-03 1.694161757920043324e-02 5.489138165257938934e-02 2.549735413815344542e-06 3.488024476529095483e-06 2.530874507402341837e-04 2.745322551902515569e-03 1.279037700993492866e-03 1.553634200258829619e-03 8.579506104357436519e-03 1.529089376677685019e-02 1.421553421453590439e-03 3.761077853829433628e-03 1.694161757920043324e-02 5.489138165257938934e-02 2.549735413815344542e-06 3.488024476529095483e-06 2.530874507402341837e-04 2.745322551902515569e-03 1.279037700993492866e-03 1.553634200258829619e-03 8.579506104357436519e-03 1.529089376677685019e-02
1.575000000000000000e+04 1.352773948988327847e-03 3.520282753941101836e-03 1.746703265472620767e-02 5.557471867795214793e-02 1.072597384249700597e-06 2.285648225378693885e-05 2.029024329125952877e-04 2.084079211440109311e-03 1.424039498059553877e-03 1.919503513678055308e-03 8.425880180452472584e-03 1.511956271870814814e-02 1.352773948988327847e-03 3.520282753941101836e-03 1.746703265472620767e-02 5.557471867795214793e-02 1.072597384249700597e-06 2.285648225378693885e-05 2.029024329125952877e-04 2.084079211440109311e-03 1.424039498059553877e-03 1.919503513678055308e-03 8.425880180452472584e-03 1.511956271870814814e-02
1.610000000000000000e+04 1.396087701958642754e-03 3.720202336982160202e-03 1.723147506330867385e-02 5.458027893936232000e-02 1.252600025042242239e-06 7.896097034937424623e-06 2.589673438741673436e-04 2.565414653165663285e-03 1.301408453163838694e-03 1.568728670909442504e-03 8.525676894909840070e-03 1.542362079360011691e-02 1.396087701958642754e-03 3.720202336982160202e-03 1.723147506330867385e-02 5.458027893936232000e-02 1.252600025042242239e-06 7.896097034937424623e-06 2.589673438741673436e-04 2.565414653165663285e-03 1.301408453163838694e-03 1.568728670909442504e-03 8.525676894909840070e-03 1.542362079360011691e-02
1.645000000000000000e+04 1.366250167767394438e-03 3.866439259895986403e-03 1.640648171832778668e-02 5.580793213936260933e-02 4.851108478928360463e-06 4.882140741051513687e-06 2.621311755216118675e-04 2.554911254118578164e-03 1.327572075517468100e-03 1.521268923316504949e-03 8.664854239138417014e-03 1.460709190744959203e-02 1.366250167767394438e-03 3.866439259895986403e-03 1.640648171832778668e-02 5.580793213936260933e-02 4.851108478928360463e-06 4.882140741051513687e-06 2.621311755216118675e-04 2.554911254118578164e-03 1.327572075517468100e-03 1.521268923316504949e-03 8.664854239138417014e-03 1.460709190744959203e-02
1.680000000000000000e+04 1.489754064744890690e-03 3.764799306822970339e-03 1.648003458911110469e-02 5.677927596402271293e-02 8.310872020892865961e-06 6.099263119719872055e-06 2.458146840785509820e-04 2.665331406358138928e-03 1.506300212498004132e-03 1.554267317239338550e-03 8.175598944610141042e-03 1.304826082575123204e-02 1.489754064744890690e-03 3.764799306822970339e-03 1.648003458911110469e-02 5.677927596402271293e-02 8.310872020892865961e-06 6.099263119719872055e-06 2.458146840785509820e-04 2.665331406358138928e-03 1.506300212498004132e-03 1.554267317239338550e-03 8.175598944610141042e-03 1.304826082575123204e-02
1.715000000000000000e+04 1.370189529486094465e-03 3.758869859119741245e-03 1.534910449097093808e-02 4.644935388657645686e-02 1.681964331980475498e-05 8.933724391898318861e-06 1.370879649499150133e-04 1.626480397304970417e-03 1.333535259983184562e-03 1.596232501432815788e-03 9.096317624261933410e-03 1.457889219867410102e-02 1.370189529486094465e-03 3.758869859119741245e-03 1.534910449097093808e-02 4.644935388657645686e-02 1.681964331980475498e-05 8.933724391898318861e-06 1.370879649499150133e-04 1.626480397304970417e-03 1.333535259983184562e-03 1.596232501432815788e-03 9.096317624261933410e-03 1.457889219867410102e-02
1.750000000000000000e+04 1.583102780345269165e-03 3.369112210486982506e-03 1.122310725402558655e-02 2.573153503373830711e-02 1.425752214155599373e-06 7.847190029335313641e-09 8.371130647965046331e-07 1.338973012152213401e-04 1.416528223351271086e-03 1.579029291827744718e-03 1.056725038699551575e-02 1.963192359243770904e-02 1.583102780345269165e-03 3.369112210486982506e-03 1.122310725402558655e-02 2.573153503373830711e-02 1.425752214155599373e-06 7.847190029335313641e-09 8.371130647965046331e-07 1.338973012152213401e-04 1.416528223351271086e-03 1.579029291827744718e-03 1.056725038699551575e-02 1.963192359243770904e-02
1.785000000000000000e+04 1.294382315381520984e-03 3.094061758044735003e-03 9.885035340687442149e-03 1.977319156642449657e-02 2.492173307154893990e-08 4.019253659299322683e-08 1.918019893271476549e-07 1.596159435012711829e-06 1.278686150437541129e-03 1.495430064438178601e-03 1.035502002249230093e-02 2.399983630761123865e-02 1.294382315381520984e-03 3.094061758044735003e-03 9.885035340687442149e-03 1.977319156642449657e-02 2.492173307154893990e-08 4.019253659299322683e-08 1.918019893271476549e-07 1.596159435012711829e-06 1.278686150437541129e-03 1.495430064438178601e-03 1.035502002249230093e-02 2.399983630761123865e-02
1.820000000000000000e+04 1.289675692516934966e-03 3.027620063967032590e-03 9.610888067681172889e-03 1.948620793030470325e-02 2.217188299164845054e-10 7.540468456665025404e-10 1.078012714788886261e-08 3.751775372926373904e-08 1.268740500825119846e-03 1.466130953612180057e-03 1.003619873390096222e-02 2.482476426535273548e-02 1.289675692516934966e-03 3.027620063967032590e-03 9.610888067681172889e-03 1.948620793030470325e-02 2.217188299164845054e-10 7.540468456665025404e-10 1.078012714788886261e-08 3.751775372926373904e-08 1.268740500825119846e-03 1.466130953612180057e-03 1.003619873390096222e-02 2.482476426535273548e-02
1.855000000000000000e+04 1.368547715723372835e-03 3.167345659576886827e-03 8.929142109312823705e-03 2.009389435201304128e-02 3.170497414774206548e-07 6.653112098936490992e-07 5.562109340390437371e-06 1.444397101539826229e-06 1.350382901906320909e-03 1.537132672686043885e-03 1.019786126759652384e-02 2.489254378101609516e-02 1.368547715723372835e-03 3.167345659576886827e-03 8.929142109312823705e-03 2.009389435201304128e-02 3.170497414774206548e-07 6.653112098936490992e-07 5.562109340390437371e-06 1.444397101539826229e-06 1.350382901906320909e-03 1.537132672686043885e-03 1.019786126759652384e-02 2.489254378101609516e-02
1.890000000000000000e+04 1.292784421226584810e-03 3.029594955010473951e-03 9.369601985038259265e-03 1.960431449373865875e-02 6.846438429135015106e-08 3.123749925340365041e-09 8.328244963477276575e-09 2.093672253538407017e-08 1.291782233441035165e-03 1.468863391358017330e-03 9.980842927387666846e-03 2.500099448549967379e-02 1.292784421226584810e-03 3.029594955010473951e-03 9.369601985038259265e-03 1.960431449373865875e-02 6.846438429135015106e-08 3.123749925340365041e-09 8.328244963477276575e-09 2.093672253538407017e-08 1.291782233441035165e-03 1.468863391358017330e-03 9.980842927387666846e-03 2.500099448549967379e-02
1.925000000000000000e+04 1.305517055252359941e-03 2.880449057036763537e-03 1.185601247072929840e-02 1.862194916551630428e-02 3.739289692515778970e-08 6.958299970300052357e-07 1.714684632970934194e-06 1.040806177915249206e-05 1.267975211434868056e-03 1.417309840913431830e-03 9.817773514365597115e-03 2.529500678198650862e-02 1.305517055252359941e-03 2.880449057036763537e-03 1.185601247072929840e-02 1.862194916551630428e-02 3.739289692515778970e-08 6.958299970300052357e-07 1.714684632970934194e-06 1.040806177915249206e-05 1.267975211434868056e-03 1.417309840913431830e-03 9.817773514365597115e-03 2.529500678198650862e-02
1.960000000000000000e+04 1.292827827057289923e-03 3.539591931840615439e-03 8.789834752202468557e-03 2.006387151748337608e-02 1.173310056319585856e-05 6.589967116373928778e-06 1.458486848945609404e-06 1.345928771955418407e-07 1.262119451188729955e-03 1.546727702426649092e-03 1.035175087852338756e-02 2.514500649903561244e-02 1.292827827057289923e-03 3.539591931840615439e-03 8.789834752202468557e-03 2.006387151748337608e-02 1.173310056319585856e-05 6.589967116373928778e-06 1.458486848945609404e-06 1.345928771955418407e-07 1.262119451188729955e-03 1.546727702426649092e-03 1.035175087852338756e-02 2.514500649903561244e-02
1.995000000000000000e+04 1.306006050344811183e-03 3.057937626193656545e-03 9.402596172150719939e-03 1.959969405608388837e-02 2.097382520760983691e-08 1.956265444826650844e-08 4.482222287508049834e-08 1.210422225288216122e-07 1.268304545296306202e-03 1.419922382616811826e-03 9.933847143315277170e-03 2.499753416296209702e-02 1.306006050344811183e-03 3.057937626193656545e-03 9.402596172150719939e-03 1.959969405608388837e-02 2.097382520760983691e-08 1.956265444826650844e-08 4.482222287508049834e-08 1.210422225288216122e-07 1.268304545296306202e-03 1.419922382616811826e-03 9.933847143315277170e-03 2.499753416296209702e-02
2.030000000000000000e+04 1.291147424387342844e-03 2.990320929450042409e-03 9.578893124273051701e-03 1.937886187882058645e-02 7.083997913856281870e-08 1.505726500253348765e-08 2.230837140506389672e-08 6.022777993535918131e-08 1.270167618384784999e-03 1.453224251437799756e-03 9.897461938086445088e-03 2.509886092747428202e-02 1.291147424387342844e-03 2.990320929450042409e-03 9.578893124273051701e-03 1.937886187882058645e-02 7.083997913856281870e-08 1.505726500253348765e-08 2.230837140506389672e-08 6.022777993535918131e-08 1.270167618384784999e-03 1.453224251437799756e-03 9.897461938086445088e-03 2.509886092747428202e-02
2.065000000000000000e+04 1.289224746881282354e-03 2.965137561139297422e-03 9.504643758563992989e-03 1.950428562313800962e-02 1.197257351316309196e-07 6.399407240750131261e-10 1.730093934252468896e-07 5.691057657979675400e-07 1.286141469746696379e-03 1.503358710708553635e-03 9.921828071210123459e-03 2.501304115758688773e-02 1.289224746881282354e-03 2.965137561139297422e-03 9.504643758563992989e-03 1.950428562313800962e-02 1.197257351316309196e-07 6.399407240750131261e-10 1.730093934252468896e-07 5.691057657979675400e-07 1.286141469746696379e-03 1.503358710708553635e-03 9.921828071210123459e-03 2.501304115758688773e-02
2.100000000000000000e+04 1.308147436488449290e-03 2.928971229199205887e-03 9.846772617363244023e-03 1.973132522727009605e-02 2.415066804560586561e-06 1.530686064662286452e-07 4.672446820222920119e-08 2.453750861366707817e-05 1.277317396213514507e-03 1.485890552919102558e-03 9.847090906503857405e-03 2.468055170701650286e-02 1.308147436488449290e-03 2.928971229199205887e-03 9.846772617363244023e-03 1.973132522727009605e-02 2.415066804560586561e-06 1.530686064662286452e-07 4.672446820222920119e-08 2.453750861366707817e-05 1.277317396213514507e-03 1.485890552919102558e-03 9.847090906503857405e-03 2.468055170701650286e-02
2.135000000000000000e+04 1.284593578416818888e-03 3.060787852949848915e-03 8.904161883486244947e-03 2.054846687594217083e-02 8.074443025098995116e-06 7.809900732271408920e-06 6.661992621228539163e-07 6.859045966559939577e-06 1.336250061722297610e-03 1.533113121390399262e-03 9.996862331390042600e-03 2.500069043616963763e-02 1.284593578416818888e-03 3.060787852949848915e-03 8.904161883486244947e-03 2.054846687594217083e-02 8.074443025098995116e-06 7.809900732271408920e-06 6.661992621228539163e-07 6.859045966559939577e-06 1.336250061722297610e-03 1.533113121390399262e-03 9.996862331390042600e-03 2.500069043616963763e-02
2.170000000000000000e+04 1.297219808979991999e-03 3.000387509425287303e-03 9.481906368869291030e-03 1.949302237697154647e-02 1.367166138996988801e-07 2.655090131867971085e-08 6.586184374505284624e-09 1.281965074416969553e-07 1.266894915955614270e-03 1.459984302616272860e-03 9.925081054419190169e-03 2.502837920317124362e-02 1.297219808979991999e-03 3.000387509425287303e-03 9.481906368869291030e-03 1.949302237697154647e-02 1.367166138996988801e-07 2.655090131867971085e-08 6.586184374505284624e-09 1.281965074416969553e-07 1.266894915955614270e-03 1.459984302616272860e-03 9.925081054419190169e-03 2.502837920317124362e-02
2.205000000000000000e+04 1.388970779055029260e-03 3.118966083993136591e-03 9.818334223918647255e-03 1.948684062552559146e-02 5.659484501391835093e-06 1.165993984183858036e-05 5.403069440945034753e-06 1.300483514355213725e-05 1.254862168449479226e-03 1.501061962356154984e-03 9.841585509814331292e-03 2.487885962219647112e-02 1.388970779055029260e-03 3.118966083993136591e-03 9.818334223918647255e-03 1.948684062552559146e-02 5.659484501391835093e-06 1.165993984183858036e-05 5.403069440945034753e-06 1.300483514355213725e-05 1.254862168449479226e-03 1.501061962356154984e-03 9.841585509814331292e-03 2.487885962219647112e-02
2.240000000000000000e+04 1.308964263333625656e-03 3.014780828549886577e-03 9.556047172613811938e-03 1.939234688256895323e-02 1.022111879361651224e-06 1.509006838126402835e-07 2.981403209905104860e-08 4.053625223301814248e-09 1.267886057142716743e-03 1.434703840817381712e-03 9.886435994209246889e-03 2.510546318108888841e-02 1.308964263333625656e-03 3.014780828549886577e-03 9.556047172613811938e-03 1.939234688256895323e-02 1.022111879361651224e-06 1.509006838126402835e-07 2.981403209905104860e-08 4.053625223301814248e-09 1.267886057142716743e-03 1.434703840817381712e-03 9.886435994209246889e-03 2.510546318108888841e-02
2.275000000000000000e+04 1.867135193788392253e-03 3.067559250530675283e-03 9.485869167769205718e-03 2.019334926579654729e-02 5.824657105040058098e-05 4.965347041481248773e-08 4.129981458993370729e-07 5.625046040063566086e-06 1.298914452206223610e-03 1.356402650051507456e-03 9.856718581951308747e-03 2.499481896065942552e-02 1.867135193788392253e-03 3.067559250530675283e-03 9.485869167769205718e-03 2.019334926579654729e-02 5.824657105040058098e-05 4.965347041481248773e-08 4.129981458993370729e-07 5.625046040063566086e-06 1.298914452206223610e-03 1.356402650051507456e-03 9.856718581951308747e-03 2.499481896065942552e-02
2.310000000000000000e+04 1.372002934913316239e-03 3.071951945594710888e-03 9.606417214128071952e-03 1.935948019905154791e-02 7.167827283001313940e-06 6.505966403515515520e-07 4.342751594389221074e-07 2.522628847350360306e-08 1.311400271336346512e-03 1.414301922206947061e-03 9.921755048715607053e-03 2.510044515818219552e-02 1.372002934913316239e-03 3.071951945594710888e-03 9.606417214128071952e-03 1.935948019905154791e-02 7.167827283001313940e-06 6.505966403515515520e-07 4.342751594389221074e-07 2.522628847350360306e-08 1.311400271336346512e-03 1.414301922206947061e-03 9.921755048715607053e-03 2.510044515818219552e-02
2.345000000000000000e+04 1.359946168657465279e-03 2.951843283506653485e-03 9.491968493940397197e-03 1.967931507117451004e-02 1.520206716704716249e-06 8.109242828100943035e-09 3.825419412314941405e-07 3.330315011028039795e-06 1.281862817171154894e-03 1.503564342425714505e-03 9.886780977214928295e-03 2.507702660673309658e-02 1.359946168657465279e-03 2.951843283506653485e-03 9.491968493940397197e-03 1.967931507117451004e-02 1.520206716704716249e-06 8.109242828100943035e-09 3.825419412314941405e-07 3.330315011028039795e-06 1.281862817171154894e-03 1.503564342425714505e-03 9.886780977214928295e-03 2.507702660673309658e-02
2.380000000000000000e+04 1.373001512914466104e-03 2.915900221368481621e-03 9.265398741140315128e-03 2.000122212123901788e-02 3.670340896434914516e-06 3.497542314330676839e-07 9.975224607362566331e-07 1.069697795536168646e-05 1.264643792237197259e-03 1.518190004574199300e-03 9.923687522062060729e-03 2.497448133404950310e-02 1.373001512914466104e-03 2.915900221368481621e-03 9.265398741140315128e-03 2.000122212123901788e-02 3.670340896434914516e-06 3.497542314330676839e-07 9.975224607362566331e-07 1.069697795536168646e-05 1.264643792237197259e-03 1.518190004574199300e-03 9.923687522062060729e-03 2.497448133404950310e-02
2.415000000000000000e+04 1.392989995544096672e-03 3.275348302441564823e-03 1.076229966814346017e-02 2.393391068168771244e-02 8.129072531767713746e-09 2.772041237957688140e-07 3.850583174820260968e-06 8.560309456537878894e-05 1.261455182168614263e-03 1.575490693267004270e-03 1.002902947753879850e-02 2.053494998347249467e-02 1.392989995544096672e-03 3.275348302441564823e-03 1.076229966814346017e-02 2.393391068168771244e-02 8.129072531767713746e-09 2.772041237957688140e-07 3.850583174820260968e-06 8.560309456537878894e-05 1.261455182168614263e-03 1.575490693267004270e-03 1.002902947753879850e-02 2.053494998347249467e-02
2.450000000000000000e+04 1.315398750741094249e-03 3.085243088955905242e-03 9.800873932409913045e-03 1.988244108538937335e-02 3.985596820225530555e-10 6.767965083915285464e-09 1.253326385308223149e-08 2.222087410641944396e-06 1.289936112133919762e-03 1.501720517969880537e-03 1.021049110304163114e-02 2.405824155405944173e-02 1.315398750741094249e-03 3.085243088955905242e-03 9.800873932409913045e-03 1.988244108538937335e-02 3.985596820225530555e-10 6.767965083915285464e-09 1.253326385308223149e-08 2.222087410641944396e-06 1.289936112133919762e-03 1.501720517969880537e-03 1.021049110304163114e-02 2.405824155405944173e-02
2.485000000000000000e+04 1.312744188294429114e-03 3.022375805735917544e-03 9.630327002691998692e-03 1.948734949763225241e-02 2.410083809317276793e-09 2.694646977988844948e-08 2.306214383301646035e-09 1.468782912049426095e-07 1.317421270302758301e-03 1.476338704996021630e-03 1.005686707134361910e-02 2.477891198009096740e-02 1.312744188294429114e-03 3.022375805735917544e-03 9.630327002691998692e-03 1.948734949763225241e-02 2.410083809317276793e-09 2.694646977988844948e-08 2.306214383301646035e-09 1.468782912049426095e-07 1.317421270302758301e-03 1.476338704996021630e-03 1.005686707134361910e-02 2.477891198009096740e-02
2.520000000000000000e+04 1.411064586107047946e-03 3.047237880197389750e-03 9.389302796902030887e-03 1.954735027935020769e-02 4.307295608260937353e-08 1.751570432635409957e-07 5.222979412715914105e-09 2.568848387499221766e-08 1.608693891241054497e-03 1.455135919718041721e-03 1.000523066994734797e-02 2.498412770361214952e-02 1.411064586107047946e-03 3.047237880197389750e-03 9.389302796902030887e-03 1.954735027935020769e-02 4.307295608260937353e-08 1.751570432635409957e-07 5.222979412715914105e-09 2.568848387499221766e-08 1.608693891241054497e-03 1.455135919718041721e-03 1.000523066994734797e-02 2.498412770361214952e-02
2.555000000000000000e+04 1.308063216038207440e-03 3.063512914509313335e-03 9.371508412583556477e-03 1.953774697284982667e-02 1.585527555579030302e-07 1.976731645549126303e-07 8.196635228449482602e-09 7.238601523174030101e-10 1.321997147088731488e-03 1.463117586271624236e-03 9.954518845206171418e-03 2.504332309676060228e-02 1.308063216038207440e-03 3.063512914509313335e-03 9.371508412583556477e-03 1.953774697284982667e-02 1.585527555579030302e-07 1.976731645549126303e-07 8.196635228449482602e-09 7.238601523174030101e-10 1.321997147088731488e-03 1.463117586271624236e-03 9.954518845206171418e-03 2.504332309676060228e-02
2.590000000000000000e+04 1.284062446428396297e-03 3.011540270198214114e-03 9.452389413348125102e-03 1.948458361464399172e-02 4.828933961829344720e-09 3.822769997504355481e-10 2.657860603195562433e-08 1.192498175693399456e-08 1.286590199468843568e-03 1.455944927572026381e-03 9.931321820208276197e-03 2.505574287545976608e-02 1.284062446428396297e-03 3.011540270198214114e-03 9.452389413348125102e-03 1.948458361464399172e-02 4.828933961829344720e-09 3.822769997504355481e-10 2.657860603195562433e-08 1.192498175693399456e-08 1.286590199468843568e-03 1.455944927572026381e-03 9.931321820208276197e-03 2.505574287545976608e-02
2.625000000000000000e+04 1.287756590231229270e-03 2.989385865674155842e-03 9.508659879842914706e-03 1.952073292432345009e-02 3.230759808968974528e-11 1.487145232123500502e-08 5.389054381653777843e-09 9.038028264027352490e-08 1.281609353220156209e-03 1.446986567792333481e-03 9.902772447919384532e-03 2.501962602022994586e-02 1.287756590231229270e-03 2.989385865674155842e-03 9.508659879842914706e-03 1.952073292432345009e-02 3.230759808968974528e-11 1.487145232123500502e-08 5.389054381653777843e-09 9.038028264027352490e-08 1.281609353220156209e-03 1.446986567792333481e-03 9.902772447919384532e-03 2.501962602022994586e-02
2.660000000000000000e+04 1.287231833264579307e-03 2.990156370590811834e-03 9.488767732815487493e-03 1.949293844205457829e-02 8.046743930480202850e-11 3.993949237861880983e-09 3.331636392141737109e-10 2.578022546645145420e-09 1.280975098418262207e-03 1.450913871772182510e-03 9.919329729644155158e-03 2.503779065251371394e-02 1.287231833264579307e-03 2.990156370590811834e-03 9.488767732815487493e-03 1.949293844205457829e-02 8.046743930480202850e-11 3.993949237861880983e-09 3.331636392141737109e-10 2.578022546645145420e-09 1.280975098418262207e-03 1.450913871772182510e-03 9.919329729644155158e-03 2.503779065251371394e-02
2.695000000000000000e+04 1.296112126658192703e-03 2.989155753220873544e-03 9.525008468035370615e-03 1.944555136299748119e-02 7.237558599914904234e-08 8.989387847590153889e-09 7.492839231147458153e-10 3.673860751531076778e-09 1.280113803274335110e-03 1.447741374305482878e-03 9.917069389562270174e-03 2.505057200551238580e-02 1.296112126658192703e-03 2.989155753220873544e-03 9.525008468035370615e-03 1.944555136299748119e-02 7.237558599914904234e-08 8.989387847590153889e-09 7.492839231147458153e-10 3.673860751531076778e-09 1.280113803274335110e-03 1.447741374305482878e-03 9.917069389562270174e-03 2.505057200551238580e-02
2.730000000000000000e+04 1.288901800209634732e-03 2.968027973790704575e-03 9.579671955774391595e-03 1.940503711457511327e-02 4.017049408539086745e-08 6.489068830702828244e-08 1.642536275489064796e-09 5.877545710833880313e-09 1.280557311330886945e-03 1.454827983076979964e-03 9.904973964391789593e-03 2.506044810712466236e-02 1.288901800209634732e-03 2.968027973790704575e-03 9.579671955774391595e-03 1.940503711457511327e-02 4.017049408539086745e-08 6.489068830702828244e-08 1.642536275489064796e-09 5.877545710833880313e-09 1.280557311330886945e-03 1.454827983076979964e-03 9.904973964391789593e-03 2.506044810712466236e-02
2.765000000000000000e+04 1.289640365820435026e-03 3.021841701010302261e-03 9.394616741383712832e-03 1.952572094173208803e-02 1.670868367379286780e-07 1.273345771743129707e-07 5.171495020732198196e-08 2.857081429079952505e-08 1.272278276263474070e-03 1.453346970078726657e-03 9.933912609590861767e-03 2.504751025970996386e-02 1.289640365820435026e-03 3.021841701010302261e-03 9.394616741383712832e-03 1.952572094173208803e-02 1.670868367379286780e-07 1.273345771743129707e-07 5.171495020732198196e-08 2.857081429079952505e-08 1.272278276263474070e-03 1.453346970078726657e-03 9.933912609590861767e-03 2.504751025970996386e-02
2.800000000000000000e+04 1.311840533941521737e-03 2.971756784084410557e-03 9.461133365963001265e-03 1.952161067413712980e-02 4.830346284578554755e-06 1.435734294262509399e-07 8.591636647282931392e-10 1.006700822795814187e-06 1.317456830047045472e-03 1.465290888212494392e-03 9.902213856295674979e-03 2.504582045557622594e-02 1.311840533941521737e-03 2.971756784084410557e-03 9.461133365963001265e-03 1.952161067413712980e-02 4.830346284578554755e-06 1.435734294262509399e-07 8.591636647282931392e-10 1.006700822795814187e-06 1.317456830047045472e-03 1.465290888212494392e-03 9.902213856295674979e-03 2.504582045557622594e-02
2.835000000000000000e+04 1.291893363751933860e-03 3.011572909067751751e-03 9.317969654153613820e-03 1.958946210145474584e-02 4.339756535413760588e-07 1.932076420399682492e-09 5.930534975508965437e-08 5.048599679218599124e-07 1.278247199200378782e-03 1.458720441508175878e-03 9.950700200080334068e-03 2.503751904640273349e-02 1.291893363751933860e-03 3.011572909067751751e-03 9.317969654153613820e-03 1.958946210145474584e-02 4.339756535413760588e-07 1.932076420399682492e-09 5.930534975508965437e-08 5.048599679218599124e-07 1.278247199200378782e-03 1.458720441508175878e-03 9.950700200080334068e-03 2.503751904640273349e-02
2.870000000000000000e+04 1.293672079390337237e-03 2.994612679929132756e-03 9.497054495195649676e-03 1.943401035454081494e-02 1.254200120637760599e-07 1.757678991708839012e-08 1.581029067034427370e-08 3.862502753750848754e-11 1.273713415748824575e-03 1.453881444467743393e-03 9.914116985696799084e-03 2.505694400497913976e-02 1.293672079390337237e-03 2.994612679929132756e-03 9.497054495195649676e-03 1.943401035454081494e-02 1.254200120637760599e-07 1.757678991708839012e-08 1.581029067034427370e-08 3.862502753750848754e-11 1.273713415748824575e-03 1.453881444467743393e-03 9.914116985696799084e-03 2.505694400497913976e-02
2.905000000000000000e+04 1.297296259405618596e-03 3.020404802767240240e-03 9.375242367423803833e-03 1.951077342450940541e-02 7.595747995963522323e-07 1.509413932551099035e-08 1.016027480363788697e-08 4.656192276427412776e-08 1.270853909280659187e-03 1.456901383474179740e-03 9.941153916293578655e-03 2.506255915506129875e-02 1.297296259405618596e-03 3.020404802767240240e-03 9.375242367423803833e-03 1.951077342450940541e-02 7.595747995963522323e-07 1.509413932551099035e-08 1.016027480363788697e-08 4.656192276427412776e-08 1.270853909280659187e-03 1.456901383474179740e-03 9.941153916293578655e-03 2.506255915506129875e-02
2.940000000000000000e+04 1.295416252127546677e-03 2.973324261878784996e-03 9.452392535780654650e-03 1.953039265587160414e-02 2.403478543606157670e-06 2.331626021202566758e-07 2.993837145390512622e-08 6.858135830748592552e-09 1.285305263254647506e-03 1.481066060141551744e-03 9.919085092236731502e-03 2.500142074759610297e-02 1.295416252127546677e-03 2.973324261878784996e-03 9.452392535780654650e-03 1.953039265587160414e-02 2.403478543606157670e-06 2.331626021202566758e-07 2.993837145390512622e-08 6.858135830748592552e-09 1.285305263254647506e-03 1.481066060141551744e-03 9.919085092236731502e-03 2.500142074759610297e-02
2.975000000000000000e+04 1.358460263462070656e-03 3.059169057548168959e-03 9.366852714274257960e-03 1.959798054180992427e-02 1.370100940681639514e-05 1.764389203489066771e-06 3.181276935775684730e-07 4.090451909084542531e-08 1.277474900548925376e-03 1.583106267829291220e-03 9.955868125380370678e-03 2.504009838600922827e-02 1.358460263462070656e-03 3.059169057548168959e-03 9.366852714274257960e-03 1.959798054180992427e-02 1.370100940681639514e-05 1.764389203489066771e-06 3.181276935775684730e-07 4.090451909084542531e-08 1.277474900548925376e-03 1.583106267829291220e-03 9.955868125380370678e-03 2.504009838600922827e-02
3.010000000000000000e+04 1.293693888964831925e-03 2.996568432932143929e-03 9.538725787095494318e-03 1.938496035469326750e-02 5.237682372211680431e-09 6.897293192556116611e-07 3.603849164506276098e-08 6.239371971441911701e-07 1.272321995818453391e-03 1.450296543956892123e-03 9.902130136570099286e-03 2.506658951701229432e-02 1.293693888964831925e-03 2.996568432932143929e-03 9.538725787095494318e-03 1.938496035469326750e-02 5.237682372211680431e-09 6.897293192556116611e-07 3.603849164506276098e-08 6.239371971441911701e-07 1.272321995818453391e-03 1.450296543956892123e-03 9.902130136570099286e-03 2.506658951701229432e-02
3.045000000000000000e+04 1.298864019808170780e-03 2.943932183257037816e-03 9.682028211605136700e-03 1.917491302677624965e-02 5.416428044932410495e-06 8.944917935577131036e-06 5.017103053425393879e-07 7.681884638350704945e-07 1.288112081559810015e-03 1.463506587012049264e-03 9.881263210327987170e-03 2.524688830581291524e-02 1.298864019808170780e-03 2.943932183257037816e-03 9.682028211605136700e-03 1.917491302677624965e-02 5.416428044932410495e-06 8.944917935577131036e-06 5.017103053425393879e-07 7.681884638350704945e-07 1.288112081559810015e-03 1.463506587012049264e-03 9.881263210327987170e-03 2.524688830581291524e-02
3.080000000000000000e+04 1.304891039217478087e-03 2.983156071792548731e-03 9.533299998962199706e-03 1.954016547359906444e-02 7.575004546884069967e-06 1.757433713390653399e-07 9.459440236912174471e-10 3.861343814184779070e-06 1.270983477330005218e-03 1.460976102280217613e-03 9.903341994214647642e-03 2.493792302854858089e-02 1.304891039217478087e-03 2.983156071792548731e-03 9.533299998962199706e-03 1.954016547359906444e-02 7.575004546884069967e-06 1.757433713390653399e-07 9.459440236912174471e-10 3.861343814184779070e-06 1.270983477330005218e-03 1.460976102280217613e-03 9.903341994214647642e-03 2.493792302854858089e-02
3.115000000000000000e+04 1.304909755446468332e-03 2.911299144566580500e-03 9.848625049902873241e-03 1.912175895698465730e-02 6.255047796893079289e-08 1.383493604641614812e-06 8.326036597286456827e-08 1.616218222891933064e-07 1.268975058952600274e-03 1.453672336143003443e-03 9.885143083783336920e-03 2.517739242367890429e-02 1.304909755446468332e-03 2.911299144566580500e-03 9.848625049902873241e-03 1.912175895698465730e-02 6.255047796893079289e-08 1.383493604641614812e-06 8.326036597286456827e-08 1.616218222891933064e-07 1.268975058952600274e-03 1.453672336143003443e-03 9.885143083783336920e-03 2.517739242367890429e-02
3.150000000000000000e+04 1.300984182148998396e-03 2.992778710923178157e-03 9.454805434033149852e-03 1.941688076348252814e-02 3.573259966239338045e-06 1.800991814730569939e-07 9.070776142672854227e-08 2.360146110800267668e-06 1.266967527768707346e-03 1.454444184992833818e-03 9.917969607181888539e-03 2.509515562414264822e-02 1.300984182148998396e-03 2.992778710923178157e-03 9.454805434033149852e-03 1.941688076348252814e-02 3.573259966239338045e-06 1.800991814730569939e-07 9.070776142672854227e-08 2.360146110800267668e-06 1.266967527768707346e-03 1.454444184992833818e-03 9.917969607181888539e-03 2.509515562414264822e-02
3.185000000000000000e+04 1.294313686640042845e-03 3.022825625177820788e-03 9.240685536302894673e-03 1.965425653787422969e-02 6.314182664443095263e-08 2.959136596593752388e-08 2.635722627318852536e-08 1.078324329921408691e-08 1.272162121193776228e-03 1.459231565413965934e-03 9.946527499236908904e-03 2.499316143983765573e-02 1.294313686640042845e-03 3.022825625177820788e-03 9.240685536302894673e-03 1.965425653787422969e-02 6.314182664443095263e-08 2.959136596593752388e-08 2.635722627318852536e-08 1.078324329921408691e-08 1.272162121193776228e-03 1.459231565413965934e-03 9.946527499236908904e-03 2.499316143983765573e-02
3.220000000000000000e+04 1.295152803839431151e-03 2.998262058369782768e-03 9.388167317556901995e-03 1.958090118598826770e-02 7.730089155707919910e-07 1.943975705364297639e-08 3.235262493288050194e-08 6.642306129522591713e-08 1.272155482965838837e-03 1.458671472972665516e-03 9.915539181527788584e-03 2.495519347022517181e-02 1.295152803839431151e-03 2.998262058369782768e-03 9.388167317556901995e-03 1.958090118598826770e-02 7.730089155707919910e-07 1.943975705364297639e-08 3.235262493288050194e-08 6.642306129522591713e-08 1.272155482965838837e-03 1.458671472972665516e-03 9.915539181527788584e-03 2.495519347022517181e-02
3.255000000000000000e+04 1.296002280476666940e-03 3.030671194298656564e-03 9.289184418058196377e-03 1.967279350233651011e-02 9.873299446762758129e-07 1.351901334623677450e-06 7.054989336873839011e-09 1.082793797066333035e-07 1.268781938464955995e-03 1.444392422056447588e-03 9.917982562591482615e-03 2.493822281984495182e-02 1.296002280476666940e-03 3.030671194298656564e-03 9.289184418058196377e-03 1.967279350233651011e-02 9.873299446762758129e-07 1.351901334623677450e-06 7.054989336873839011e-09 1.082793797066333035e-07 1.268781938464955995e-03 1.444392422056447588e-03 9.917982562591482615e-03 2.493822281984495182e-02
3.290000000000000000e+04 1.391604109290695045e-03 3.044972296630712571e-03 9.436483067025687801e-03 1.940429673137860148e-02 1.221498405908179154e-07 1.225813248805893031e-05 7.217900733544115091e-07 2.212222519669446797e-06 1.364912917327213999e-03 1.405789773858267568e-03 9.894702413715429981e-03 2.510800998628685138e-02 1.391604109290695045e-03 3.044972296630712571e-03 9.436483067025687801e-03 1.940429673137860148e-02 1.221498405908179154e-07 1.225813248805893031e-05 7.217900733544115091e-07 2.212222519669446797e-06 1.364912917327213999e-03 1.405789773858267568e-03 9.894702413715429981e-03 2.510800998628685138e-02
3.325000000000000000e+04 1.305252824719976574e-03 2.976066241249135554e-03 9.621152586536951823e-03 1.935392624924319946e-02 9.053325225650573841e-08 8.460478452714005532e-08 1.449973228123933344e-08 1.127037251755448879e-07 1.268744793512127352e-03 1.443437372452033296e-03 9.867267219751632568e-03 2.498575697176092306e-02 1.305252824719976574e-03 2.976066241249135554e-03 9.621152586536951823e-03 1.935392624924319946e-02 9.053325225650573841e-08 8.460478452714005532e-08 1.449973228123933344e-08 1.127037251755448879e-07 1.268744793512127352e-03 1.443437372452033296e-03 9.867267219751632568e-03 2.498575697176092306e-02
3.360000000000000000e+04 1.316997596948366695e-03 2.924470565471057326e-03 1.013862728965381384e-02 1.905158969847334238e-02 2.316451285100692705e-06 8.213536133787178107e-07 1.715060023407535275e-07 2.729012415645168243e-07 1.271229354810079126e-03 1.438026526772845847e-03 9.817978645923729208e-03 2.500112655878186305e-02 1.316997596948366695e-03 2.924470565471057326e-03 1.013862728965381384e-02 1.905158969847334238e-02 2.316451285100692705e-06 8.213536133787178107e-07 1.715060023407535275e-07 2.729012415645168243e-07 1.271229354810079126e-03 1.438026526772845847e-03 9.817978645923729208e-03 2.500112655878186305e-02
3.395000000000000000e+04 1.296561037901401963e-03 2.950306113945453963e-03 9.636005870807375431e-03 1.930427255532768047e-02 3.422374893772066112e-07 1.091028462770039993e-10 4.361442988247962546e-08 2.402293908201194996e-08 1.270497570122828060e-03 1.454111261133533969e-03 9.863646878403093538e-03 2.495343462219108341e-02 1.296561037901401963e-03 2.950306113945453963e-03 9.636005870807375431e-03 1.930427255532768047e-02 3.422374893772066112e-07 1.091028462770039993e-10 4.361442988247962546e-08 2.402293908201194996e-08 1.270497570122828060e-03 1.454111261133533969e-03 9.863646878403093538e-03 2.495343462219108341e-02
3.430000000000000000e+04 1.292102400336691582e-03 3.102164825063865022e-03 9.023663482465719629e-03 1.976642232791265760e-02 1.340457391530878521e-07 2.048604552769126419e-09 2.624138556725452056e-07 3.882892201080861497e-08 1.269370716582027573e-03 1.443628332142164869e-03 9.944395143413463367e-03 2.487849543948231212e-02 1.292102400336691582e-03 3.102164825063865022e-03 9.023663482465719629e-03 1.976642232791265760e-02 1.340457391530878521e-07 2.048604552769126419e-09 2.624138556725452056e-07 3.882892201080861497e-08 1.269370716582027573e-03 1.443628332142164869e-03 9.944395143413463367e-03 2.487849543948231212e-02
3.465000000000000000e+04 1.295882437958721309e-03 2.981473559000824471e-03 9.443092251061215373e-03 1.937991674921828167e-02 1.866087923358232057e-09 3.143278979397154421e-08 1.043875789159122662e-08 1.724037189027862135e-08 1.268423826018850184e-03 1.446761828398867265e-03 9.874449061138563383e-03 2.487961566550795506e-02 1.295882437958721309e-03 2.981473559000824471e-03 9.443092251061215373e-03 1.937991674921828167e-02 1.866087923358232057e-09 3.143278979397154421e-08 1.043875789159122662e-08 1.724037189027862135e-08 1.268423826018850184e-03 1.446761828398867265e-03 9.874449061138563383e-03 2.487961566550795506e-02
3.500000000000000000e+04 1.294425777169995115e-03 2.994458692902927065e-03 9.358753460831502335e-03 1.940623498471834990e-02 3.724904243286200490e-09 1.235429185053696331e-06 1.615089151644084696e-08 3.713828053859091555e-07 1.267986159769288754e-03 1.441489018132495296e-03 9.872611082273326927e-03 2.485652509272976568e-02 1.294425777169995115e-03 2.994458692902927065e-03 9.358753460831502335e-03 1.940623498471834990e-02 3.724904243286200490e-09 1.235429185053696331e-06 1.615089151644084696e-08 3.713828053859091555e-07 1.267986159769288754e-03 1.441489018132495296e-03 9.872611082273326927e-03 2.485652509272976568e-02
