0 [0.00e+00, 0.00e+00, 0.00e+00, 0.00e+00, 0.00e+00, 0.00e+00]
350 [7.40e-02, -4.31e-02, 9.87e-02, 1.71e-02, 1.21e-01, 7.17e-02]
700 [7.94e-02, -2.72e-02, 1.26e-01, 5.27e-02, 1.95e-01, 1.47e-01]
1050 [8.24e-02, -1.99e-02, 1.30e-01, 5.80e-02, 2.16e-01, 1.67e-01]
1400 [8.38e-02, -1.59e-02, 1.32e-01, 5.99e-02, 2.27e-01, 1.79e-01]
1750 [8.48e-02, -1.31e-02, 1.33e-01, 6.11e-02, 2.37e-01, 1.90e-01]
2100 [8.54e-02, -1.10e-02, 1.33e-01, 6.13e-02, 2.41e-01, 1.95e-01]
2450 [8.64e-02, -8.17e-03, 1.36e-01, 6.49e-02, 2.48e-01, 2.01e-01]
2800 [8.67e-02, -6.82e-03, 1.34e-01, 6.23e-02, 2.48e-01, 2.02e-01]
3150 [8.78e-02, -4.23e-03, 1.37e-01, 6.61e-02, 2.51e-01, 2.04e-01]
3500 [8.80e-02, -3.41e-03, 1.36e-01, 6.58e-02, 2.53e-01, 2.06e-01]
3850 [8.81e-02, -3.12e-03, 1.36e-01, 6.50e-02, 2.53e-01, 2.06e-01]
4200 [8.81e-02, -3.01e-03, 1.35e-01, 6.42e-02, 2.53e-01, 2.06e-01]
4550 [8.85e-02, -1.90e-03, 1.37e-01, 6.62e-02, 2.55e-01, 2.09e-01]
4900 [8.86e-02, -1.79e-03, 1.37e-01, 6.60e-02, 2.55e-01, 2.09e-01]
5250 [8.87e-02, -1.52e-03, 1.37e-01, 6.60e-02, 2.55e-01, 2.08e-01]
5600 [8.88e-02, -1.23e-03, 1.37e-01, 6.63e-02, 2.56e-01, 2.09e-01]
5950 [8.86e-02, -1.52e-03, 1.37e-01, 6.59e-02, 2.56e-01, 2.09e-01]
6300 [8.87e-02, -1.85e-03, 1.37e-01, 6.64e-02, 2.56e-01, 2.09e-01]
6650 [8.87e-02, 9.52e-04, 1.36e-01, 6.59e-02, 2.56e-01, 2.09e-01]
7000 [8.88e-02, -1.70e-03, 1.36e-01, 6.52e-02, 2.56e-01, 2.09e-01]
7350 [8.85e-02, -1.97e-03, 1.37e-01, 6.57e-02, 2.56e-01, 2.10e-01]
7700 [8.87e-02, -2.53e-03, 1.36e-01, 6.48e-02, 2.55e-01, 2.08e-01]
8050 [8.81e-02, -3.91e-03, 1.36e-01, 6.44e-02, 2.56e-01, 2.09e-01]
8400 [8.78e-02, -5.03e-03, 1.36e-01, 6.41e-02, 2.56e-01, 2.09e-01]
8750 [8.78e-02, -5.41e-03, 1.36e-01, 6.36e-02, 2.56e-01, 2.09e-01]
9100 [8.77e-02, -5.99e-03, 1.36e-01, 6.37e-02, 2.55e-01, 2.08e-01]
9450 [8.75e-02, -6.70e-03, 1.36e-01, 6.39e-02, 2.56e-01, 2.09e-01]
9800 [8.74e-02, -6.97e-03, 1.36e-01, 6.33e-02, 2.55e-01, 2.08e-01]
10150 [8.71e-02, -7.98e-03, 1.36e-01, 6.32e-02, 2.56e-01, 2.08e-01]
10500 [8.71e-02, -7.86e-03, 1.36e-01, 6.34e-02, 2.56e-01, 2.09e-01]
10850 [8.71e-02, -7.82e-03, 1.35e-01, 6.32e-02, 2.56e-01, 2.09e-01]
11200 [8.72e-02, -7.78e-03, 1.36e-01, 6.33e-02, 2.55e-01, 2.08e-01]
11550 [8.71e-02, -8.13e-03, 1.36e-01, 6.34e-02, 2.56e-01, 2.09e-01]
11900 [8.71e-02, -8.25e-03, 1.36e-01, 6.34e-02, 2.56e-01, 2.09e-01]
12250 [8.71e-02, -8.19e-03, 1.36e-01, 6.32e-02, 2.56e-01, 2.09e-01]
12600 [8.70e-02, -8.26e-03, 1.35e-01, 6.31e-02, 2.56e-01, 2.09e-01]
12950 [8.70e-02, -8.31e-03, 1.36e-01, 6.32e-02, 2.56e-01, 2.08e-01]
13300 [8.70e-02, -8.37e-03, 1.35e-01, 6.31e-02, 2.56e-01, 2.09e-01]
13650 [8.70e-02, -8.42e-03, 1.35e-01, 6.32e-02, 2.56e-01, 2.09e-01]
14000 [8.69e-02, -8.46e-03, 1.35e-01, 6.30e-02, 2.56e-01, 2.08e-01]
14350 [8.70e-02, -8.46e-03, 1.35e-01, 6.28e-02, 2.55e-01, 2.08e-01]
14700 [8.69e-02, -8.64e-03, 1.35e-01, 6.30e-02, 2.56e-01, 2.08e-01]
15050 [8.72e-02, -8.21e-03, 1.35e-01, 6.34e-02, 2.55e-01, 2.08e-01]
15400 [8.69e-02, -8.59e-03, 1.35e-01, 6.29e-02, 2.55e-01, 2.08e-01]
15750 [8.68e-02, -8.11e-03, 1.35e-01, 6.30e-02, 2.55e-01, 2.08e-01]
16100 [8.69e-02, -8.55e-03, 1.35e-01, 6.28e-02, 2.55e-01, 2.08e-01]
16450 [8.70e-02, -8.58e-03, 1.35e-01, 6.30e-02, 2.54e-01, 2.07e-01]
16800 [8.69e-02, -8.42e-03, 1.35e-01, 6.29e-02, 2.52e-01, 2.05e-01]
17150 [8.74e-02, -8.01e-03, 1.35e-01, 6.21e-02, 2.41e-01, 1.94e-01]
17500 [8.92e-02, -5.06e-03, 1.40e-01, 6.65e-02, 2.29e-01, 1.81e-01]
17850 [9.02e-02, -3.72e-03, 1.45e-01, 7.17e-02, 2.40e-01, 1.90e-01]
18200 [9.04e-02, -3.25e-03, 1.46e-01, 7.39e-02, 2.51e-01, 2.02e-01]
18550 [9.03e-02, -2.96e-03, 1.46e-01, 7.45e-02, 2.54e-01, 2.05e-01]
18900 [9.03e-02, -3.40e-03, 1.47e-01, 7.45e-02, 2.55e-01, 2.06e-01]
19250 [9.03e-02, -3.45e-03, 1.47e-01, 7.44e-02, 2.55e-01, 2.06e-01]
19600 [9.04e-02, -3.62e-03, 1.47e-01, 7.46e-02, 2.55e-01, 2.06e-01]
19950 [9.02e-02, -3.58e-03, 1.47e-01, 7.45e-02, 2.55e-01, 2.06e-01]
20300 [9.03e-02, -3.54e-03, 1.47e-01, 7.45e-02, 2.56e-01, 2.07e-01]
20650 [9.02e-02, -3.62e-03, 1.47e-01, 7.45e-02, 2.55e-01, 2.07e-01]
21000 [9.02e-02, -3.74e-03, 1.47e-01, 7.44e-02, 2.55e-01, 2.06e-01]
21350 [9.01e-02, -3.69e-03, 1.47e-01, 7.46e-02, 2.55e-01, 2.07e-01]
21700 [9.02e-02, -3.71e-03, 1.47e-01, 7.45e-02, 2.55e-01, 2.06e-01]
22050 [9.03e-02, -3.68e-03, 1.47e-01, 7.44e-02, 2.55e-01, 2.06e-01]
22400 [9.01e-02, -3.80e-03, 1.47e-01, 7.46e-02, 2.56e-01, 2.07e-01]
22750 [9.04e-02, -3.50e-03, 1.47e-01, 7.46e-02, 2.55e-01, 2.07e-01]
23100 [9.01e-02, -3.74e-03, 1.47e-01, 7.46e-02, 2.55e-01, 2.06e-01]
23450 [9.02e-02, -3.74e-03, 1.47e-01, 7.45e-02, 2.55e-01, 2.06e-01]
23800 [9.02e-02, -3.66e-03, 1.47e-01, 7.46e-02, 2.55e-01, 2.06e-01]
24150 [9.07e-02, 1.46e-03, 1.43e-01, 7.26e-02, 2.42e-01, 1.94e-01]
24500 [9.10e-02, 2.40e-04, 1.46e-01, 7.48e-02, 2.46e-01, 1.97e-01]
24850 [9.11e-02, -2.47e-04, 1.47e-01, 7.57e-02, 2.52e-01, 2.03e-01]
25200 [9.08e-02, -1.16e-03, 1.47e-01, 7.59e-02, 2.54e-01, 2.06e-01]
25550 [9.07e-02, -1.82e-03, 1.47e-01, 7.57e-02, 2.55e-01, 2.07e-01]
25900 [9.04e-02, -2.74e-03, 1.47e-01, 7.52e-02, 2.56e-01, 2.07e-01]
26250 [9.03e-02, -3.08e-03, 1.47e-01, 7.56e-02, 2.56e-01, 2.07e-01]
26600 [9.03e-02, -3.21e-03, 1.47e-01, 7.52e-02, 2.56e-01, 2.07e-01]
26950 [9.03e-02, -3.40e-03, 1.47e-01, 7.51e-02, 2.56e-01, 2.07e-01]
27300 [9.02e-02, -3.46e-03, 1.47e-01, 7.50e-02, 2.56e-01, 2.07e-01]
27650 [9.04e-02, -3.33e-03, 1.47e-01, 7.49e-02, 2.56e-01, 2.07e-01]
28000 [9.02e-02, -3.60e-03, 1.47e-01, 7.48e-02, 2.56e-01, 2.07e-01]
28350 [9.02e-02, -3.69e-03, 1.47e-01, 7.46e-02, 2.55e-01, 2.06e-01]
28700 [9.02e-02, -3.73e-03, 1.47e-01, 7.47e-02, 2.56e-01, 2.07e-01]
29050 [9.02e-02, -3.75e-03, 1.47e-01, 7.48e-02, 2.56e-01, 2.07e-01]
29400 [9.01e-02, -3.92e-03, 1.47e-01, 7.46e-02, 2.56e-01, 2.07e-01]
29750 [9.02e-02, -3.80e-03, 1.47e-01, 7.46e-02, 2.55e-01, 2.07e-01]
30100 [9.02e-02, -3.83e-03, 1.47e-01, 7.46e-02, 2.56e-01, 2.07e-01]
30450 [9.05e-02, -3.61e-03, 1.47e-01, 7.45e-02, 2.56e-01, 2.07e-01]
30800 [9.02e-02, -3.72e-03, 1.47e-01, 7.43e-02, 2.55e-01, 2.06e-01]
31150 [9.01e-02, -3.86e-03, 1.47e-01, 7.46e-02, 2.56e-01, 2.07e-01]
31500 [9.02e-02, -3.86e-03, 1.47e-01, 7.45e-02, 2.56e-01, 2.07e-01]
31850 [9.02e-02, -3.88e-03, 1.47e-01, 7.47e-02, 2.56e-01, 2.07e-01]
32200 [9.02e-02, -3.89e-03, 1.47e-01, 7.47e-02, 2.56e-01, 2.07e-01]
32550 [9.02e-02, -3.94e-03, 1.47e-01, 7.46e-02, 2.56e-01, 2.07e-01]
32900 [9.01e-02, -4.03e-03, 1.47e-01, 7.46e-02, 2.56e-01, 2.07e-01]
33250 [9.01e-02, -3.91e-03, 1.47e-01, 7.48e-02, 2.56e-01, 2.07e-01]
33600 [9.01e-02, -3.83e-03, 1.47e-01, 7.48e-02, 2.56e-01, 2.08e-01]
33950 [9.01e-02, -3.88e-03, 1.47e-01, 7.48e-02, 2.57e-01, 2.08e-01]
34300 [9.02e-02, -3.92e-03, 1.47e-01, 7.49e-02, 2.57e-01, 2.08e-01]
34650 [9.02e-02, -3.90e-03, 1.47e-01, 7.48e-02, 2.57e-01, 2.08e-01]
35000 [9.02e-02, -3.89e-03, 1.47e-01, 7.51e-02, 2.57e-01, 2.09e-01]
