0 [5.44e-01, 1.38e-01, 1.28e+00, 3.91e-01, 8.21e-01, -2.60e-01, -1.85e-01, -2.39e-02, -1.26e-01, -1.76e-01, -2.89e-01]
50 [3.66e-01, 1.88e-01, 1.25e+00, 2.91e-01, 5.83e-01, -2.37e-01, -1.12e-01, 1.62e-02, -2.50e-02, -2.09e-01, -5.55e-02]
100 [3.58e-01, 1.87e-01, 1.25e+00, 2.92e-01, 5.59e-01, -1.97e-01, -1.11e-01, 1.55e-02, 8.54e-03, -2.10e-01, 3.06e-02]
150 [3.58e-01, 1.72e-01, 1.26e+00, 2.92e-01, 5.57e-01, -1.79e-01, -1.11e-01, 1.55e-02, 1.92e-02, -2.10e-01, 4.36e-02]
200 [3.59e-01, -3.47e-01, 1.26e+00, 2.91e-01, 5.59e-01, -1.73e-01, -1.11e-01, 1.53e-02, 2.79e-02, -2.10e-01, 4.91e-02]
250 [3.60e-01, -1.07e+00, 1.26e+00, 2.90e-01, 5.60e-01, -1.70e-01, -1.11e-01, 1.51e-02, 3.42e-02, -2.10e-01, 5.20e-02]
300 [3.61e-01, -1.48e+00, 1.27e+00, 2.90e-01, 5.60e-01, -1.68e-01, -1.11e-01, 1.50e-02, 3.84e-02, -2.10e-01, 5.37e-02]
350 [3.61e-01, -1.79e+00, 1.27e+00, 2.89e-01, 5.60e-01, -1.68e-01, -1.11e-01, 1.49e-02, 4.22e-02, -2.10e-01, 5.48e-02]
400 [3.62e-01, -1.94e+00, 1.27e+00, 2.89e-01, 5.61e-01, -1.67e-01, -1.11e-01, 1.47e-02, 4.56e-02, -2.10e-01, 5.56e-02]
450 [3.63e-01, -1.98e+00, 1.27e+00, 2.88e-01, 5.62e-01, -1.67e-01, -1.11e-01, 1.45e-02, 4.83e-02, -2.10e-01, 5.62e-02]
500 [3.63e-01, -1.99e+00, 1.27e+00, 2.88e-01, 5.63e-01, -1.67e-01, -1.11e-01, 1.44e-02, 5.02e-02, -2.10e-01, 5.65e-02]
550 [3.63e-01, -2.00e+00, 1.27e+00, 2.88e-01, 5.63e-01, -1.66e-01, -1.11e-01, 1.44e-02, 5.14e-02, -2.10e-01, 5.66e-02]
600 [3.64e-01, -2.00e+00, 1.27e+00, 2.88e-01, 5.62e-01, -1.66e-01, -1.11e-01, 1.44e-02, 5.22e-02, -2.10e-01, 5.67e-02]
650 [3.64e-01, -2.00e+00, 1.27e+00, 2.88e-01, 5.62e-01, -1.66e-01, -1.11e-01, 1.44e-02, 5.27e-02, -2.10e-01, 5.68e-02]
700 [3.64e-01, -2.00e+00, 1.27e+00, 2.88e-01, 5.61e-01, -1.66e-01, -1.11e-01, 1.43e-02, 5.29e-02, -2.10e-01, 5.68e-02]
750 [3.63e-01, -2.00e+00, 1.27e+00, 2.88e-01, 5.60e-01, -1.66e-01, -1.11e-01, 1.43e-02, 5.31e-02, -2.10e-01, 5.68e-02]
800 [3.63e-01, -2.00e+00, 1.27e+00, 2.88e-01, 5.59e-01, -1.66e-01, -1.11e-01, 1.43e-02, 5.31e-02, -2.10e-01, 5.68e-02]
850 [3.63e-01, -2.00e+00, 1.27e+00, 2.88e-01, 5.59e-01, -1.66e-01, -1.11e-01, 1.43e-02, 5.31e-02, -2.10e-01, 5.68e-02]
900 [3.63e-01, -2.00e+00, 1.27e+00, 2.88e-01, 5.58e-01, -1.66e-01, -1.11e-01, 1.43e-02, 5.31e-02, -2.10e-01, 5.68e-02]
950 [3.63e-01, -2.00e+00, 1.27e+00, 2.88e-01, 5.57e-01, -1.66e-01, -1.11e-01, 1.43e-02, 5.30e-02, -2.10e-01, 5.68e-02]
1000 [3.63e-01, -2.00e+00, 1.27e+00, 2.88e-01, 5.57e-01, -1.66e-01, -1.11e-01, 1.43e-02, 5.30e-02, -2.10e-01, 5.68e-02]
1050 [3.63e-01, -2.00e+00, 1.27e+00, 2.88e-01, 5.56e-01, -1.66e-01, -1.11e-01, 1.43e-02, 5.30e-02, -2.10e-01, 5.68e-02]
1100 [3.63e-01, -2.00e+00, 1.27e+00, 2.88e-01, 5.56e-01, -1.66e-01, -1.11e-01, 1.43e-02, 5.30e-02, -2.10e-01, 5.68e-02]
1150 [3.62e-01, -2.00e+00, 1.27e+00, 2.88e-01, 5.56e-01, -1.66e-01, -1.11e-01, 1.43e-02, 5.30e-02, -2.10e-01, 5.68e-02]
1200 [3.62e-01, -2.00e+00, 1.27e+00, 2.88e-01, 5.55e-01, -1.66e-01, -1.11e-01, 1.43e-02, 5.30e-02, -2.10e-01, 5.68e-02]
1250 [3.62e-01, -2.00e+00, 1.27e+00, 2.88e-01, 5.55e-01, -1.66e-01, -1.11e-01, 1.43e-02, 5.30e-02, -2.10e-01, 5.68e-02]
1300 [3.62e-01, -2.00e+00, 1.27e+00, 2.88e-01, 5.55e-01, -1.66e-01, -1.11e-01, 1.43e-02, 5.30e-02, -2.10e-01, 5.68e-02]
1350 [3.62e-01, -2.00e+00, 1.27e+00, 2.87e-01, 5.55e-01, -1.66e-01, -1.11e-01, 1.43e-02, 5.31e-02, -2.10e-01, 5.68e-02]
1400 [3.62e-01, -2.00e+00, 1.27e+00, 2.87e-01, 5.54e-01, -1.66e-01, -1.11e-01, 1.43e-02, 5.32e-02, -2.10e-01, 5.68e-02]
1450 [3.62e-01, -2.00e+00, 1.27e+00, 2.87e-01, 5.54e-01, -1.66e-01, -1.11e-01, 1.44e-02, 5.34e-02, -2.10e-01, 5.68e-02]
1500 [3.62e-01, -2.00e+00, 1.27e+00, 2.87e-01, 5.54e-01, -1.66e-01, -1.11e-01, 1.44e-02, 5.35e-02, -2.10e-01, 5.68e-02]
1550 [3.62e-01, -2.00e+00, 1.27e+00, 2.87e-01, 5.55e-01, -1.66e-01, -1.11e-01, 1.44e-02, 5.37e-02, -2.10e-01, 5.68e-02]
1600 [3.62e-01, -2.00e+00, 1.27e+00, 2.87e-01, 5.55e-01, -1.66e-01, -1.11e-01, 1.44e-02, 5.40e-02, -2.10e-01, 5.68e-02]
1650 [3.62e-01, -2.00e+00, 1.27e+00, 2.87e-01, 5.55e-01, -1.66e-01, -1.11e-01, 1.44e-02, 5.43e-02, -2.10e-01, 5.68e-02]
1700 [3.62e-01, -2.00e+00, 1.27e+00, 2.87e-01, 5.55e-01, -1.66e-01, -1.11e-01, 1.44e-02, 5.46e-02, -2.10e-01, 5.67e-02]
1750 [3.62e-01, -2.00e+00, 1.27e+00, 2.87e-01, 5.56e-01, -1.66e-01, -1.11e-01, 1.44e-02, 5.50e-02, -2.10e-01, 5.67e-02]
1800 [3.62e-01, -2.00e+00, 1.27e+00, 2.87e-01, 5.56e-01, -1.66e-01, -1.11e-01, 1.44e-02, 5.54e-02, -2.10e-01, 5.67e-02]
1850 [3.62e-01, -2.00e+00, 1.27e+00, 2.87e-01, 5.57e-01, -1.66e-01, -1.11e-01, 1.44e-02, 5.59e-02, -2.10e-01, 5.67e-02]
1900 [3.62e-01, -2.01e+00, 1.27e+00, 2.86e-01, 5.57e-01, -1.66e-01, -1.11e-01, 1.45e-02, 5.64e-02, -2.10e-01, 5.67e-02]
1950 [3.62e-01, -2.02e+00, 1.27e+00, 2.86e-01, 5.58e-01, -1.66e-01, -1.11e-01, 1.45e-02, 5.70e-02, -2.10e-01, 5.66e-02]
2000 [3.62e-01, -2.02e+00, 1.27e+00, 2.86e-01, 5.59e-01, -1.66e-01, -1.11e-01, 1.45e-02, 5.76e-02, -2.10e-01, 5.66e-02]
2050 [3.62e-01, -2.03e+00, 1.27e+00, 2.86e-01, 5.59e-01, -1.66e-01, -1.11e-01, 1.45e-02, 5.83e-02, -2.10e-01, 5.66e-02]
2100 [3.62e-01, -2.02e+00, 1.27e+00, 2.86e-01, 5.60e-01, -1.66e-01, -1.11e-01, 1.46e-02, 5.90e-02, -2.10e-01, 5.65e-02]
2150 [3.63e-01, -1.99e+00, 1.27e+00, 2.86e-01, 5.61e-01, -1.66e-01, -1.11e-01, 1.46e-02, 5.98e-02, -2.10e-01, 5.65e-02]
2200 [3.63e-01, -1.92e+00, 1.27e+00, 2.85e-01, 5.62e-01, -1.66e-01, -1.11e-01, 1.46e-02, 6.07e-02, -2.10e-01, 5.65e-02]
2250 [3.63e-01, -1.77e+00, 1.27e+00, 2.85e-01, 5.64e-01, -1.66e-01, -1.11e-01, 1.47e-02, 6.16e-02, -2.10e-01, 5.64e-02]
2300 [3.63e-01, -1.54e+00, 1.27e+00, 2.85e-01, 5.65e-01, -1.66e-01, -1.11e-01, 1.47e-02, 6.26e-02, -2.10e-01, 5.64e-02]
2350 [3.64e-01, -1.23e+00, 1.28e+00, 2.84e-01, 5.66e-01, -1.66e-01, -1.11e-01, 1.48e-02, 6.36e-02, -2.10e-01, 5.63e-02]
2400 [3.64e-01, -8.83e-01, 1.28e+00, 2.84e-01, 5.68e-01, -1.67e-01, -1.11e-01, 1.48e-02, 6.47e-02, -2.10e-01, 5.63e-02]
2450 [3.64e-01, -5.82e-01, 1.28e+00, 2.84e-01, 5.69e-01, -1.67e-01, -1.11e-01, 1.49e-02, 6.59e-02, -2.10e-01, 5.62e-02]
2500 [3.65e-01, -3.87e-01, 1.28e+00, 2.84e-01, 5.71e-01, -1.67e-01, -1.11e-01, 1.49e-02, 6.71e-02, -2.10e-01, 5.61e-02]
2550 [3.65e-01, -2.92e-01, 1.28e+00, 2.83e-01, 5.72e-01, -1.67e-01, -1.11e-01, 1.50e-02, 6.83e-02, -2.10e-01, 5.61e-02]
2600 [3.65e-01, -2.47e-01, 1.28e+00, 2.83e-01, 5.74e-01, -1.67e-01, -1.11e-01, 1.50e-02, 6.96e-02, -2.10e-01, 5.60e-02]
2650 [3.66e-01, -2.17e-01, 1.28e+00, 2.83e-01, 5.76e-01, -1.67e-01, -1.11e-01, 1.51e-02, 7.10e-02, -2.10e-01, 5.59e-02]
2700 [3.66e-01, -1.94e-01, 1.28e+00, 2.82e-01, 5.77e-01, -1.67e-01, -1.11e-01, 1.52e-02, 7.23e-02, -2.10e-01, 5.59e-02]
2750 [3.67e-01, -1.76e-01, 1.28e+00, 2.82e-01, 5.79e-01, -1.67e-01, -1.11e-01, 1.52e-02, 7.38e-02, -2.10e-01, 5.58e-02]
2800 [3.67e-01, -1.61e-01, 1.28e+00, 2.81e-01, 5.81e-01, -1.67e-01, -1.11e-01, 1.53e-02, 7.53e-02, -2.10e-01, 5.57e-02]
2850 [3.68e-01, -1.49e-01, 1.28e+00, 2.81e-01, 5.83e-01, -1.68e-01, -1.11e-01, 1.54e-02, 7.68e-02, -2.10e-01, 5.56e-02]
2900 [3.68e-01, -1.40e-01, 1.28e+00, 2.81e-01, 5.85e-01, -1.68e-01, -1.11e-01, 1.54e-02, 7.84e-02, -2.10e-01, 5.55e-02]
2950 [3.69e-01, -1.31e-01, 1.28e+00, 2.80e-01, 5.87e-01, -1.68e-01, -1.11e-01, 1.55e-02, 8.00e-02, -2.10e-01, 5.54e-02]
3000 [3.69e-01, -1.25e-01, 1.28e+00, 2.80e-01, 5.89e-01, -1.68e-01, -1.11e-01, 1.56e-02, 8.17e-02, -2.10e-01, 5.53e-02]
3050 [3.70e-01, -1.19e-01, 1.28e+00, 2.79e-01, 5.91e-01, -1.68e-01, -1.11e-01, 1.57e-02, 8.34e-02, -2.10e-01, 5.53e-02]
3100 [3.70e-01, -1.14e-01, 1.28e+00, 2.79e-01, 5.93e-01, -1.68e-01, -1.11e-01, 1.57e-02, 8.51e-02, -2.10e-01, 5.52e-02]
3150 [3.71e-01, -1.10e-01, 1.28e+00, 2.78e-01, 5.95e-01, -1.68e-01, -1.11e-01, 1.58e-02, 8.69e-02, -2.10e-01, 5.51e-02]
3200 [3.72e-01, -1.06e-01, 1.28e+00, 2.78e-01, 5.97e-01, -1.69e-01, -1.11e-01, 1.59e-02, 8.87e-02, -2.10e-01, 5.50e-02]
3250 [3.72e-01, -1.03e-01, 1.28e+00, 2.77e-01, 5.99e-01, -1.69e-01, -1.11e-01, 1.60e-02, 9.05e-02, -2.10e-01, 5.48e-02]
3300 [3.73e-01, -1.01e-01, 1.28e+00, 2.77e-01, 6.01e-01, -1.69e-01, -1.11e-01, 1.61e-02, 9.24e-02, -2.10e-01, 5.47e-02]
3350 [3.74e-01, -9.85e-02, 1.28e+00, 2.76e-01, 6.03e-01, -1.69e-01, -1.11e-01, 1.62e-02, 9.43e-02, -2.10e-01, 5.46e-02]
3400 [3.74e-01, -9.64e-02, 1.28e+00, 2.76e-01, 6.06e-01, -1.69e-01, -1.11e-01, 1.63e-02, 9.63e-02, -2.10e-01, 5.45e-02]
3450 [3.75e-01, -9.47e-02, 1.28e+00, 2.75e-01, 6.08e-01, -1.70e-01, -1.11e-01, 1.63e-02, 9.83e-02, -2.10e-01, 5.44e-02]
3500 [3.76e-01, -9.31e-02, 1.28e+00, 2.75e-01, 6.10e-01, -1.70e-01, -1.11e-01, 1.64e-02, 1.00e-01, -2.10e-01, 5.43e-02]
3550 [3.76e-01, -9.17e-02, 1.28e+00, 2.74e-01, 6.12e-01, -1.70e-01, -1.11e-01, 1.65e-02, 1.02e-01, -2.10e-01, 5.42e-02]
3600 [3.77e-01, -9.04e-02, 1.28e+00, 2.74e-01, 6.14e-01, -1.70e-01, -1.11e-01, 1.66e-02, 1.04e-01, -2.10e-01, 5.41e-02]
3650 [3.78e-01, -8.92e-02, 1.28e+00, 2.73e-01, 6.17e-01, -1.70e-01, -1.11e-01, 1.67e-02, 1.07e-01, -2.10e-01, 5.39e-02]
3700 [3.79e-01, -8.82e-02, 1.28e+00, 2.72e-01, 6.19e-01, -1.71e-01, -1.11e-01, 1.68e-02, 1.09e-01, -2.10e-01, 5.38e-02]
3750 [3.80e-01, -8.73e-02, 1.28e+00, 2.72e-01, 6.21e-01, -1.71e-01, -1.11e-01, 1.69e-02, 1.11e-01, -2.10e-01, 5.37e-02]
3800 [3.81e-01, -8.64e-02, 1.28e+00, 2.71e-01, 6.23e-01, -1.71e-01, -1.11e-01, 1.70e-02, 1.13e-01, -2.10e-01, 5.36e-02]
3850 [3.81e-01, -8.56e-02, 1.28e+00, 2.71e-01, 6.25e-01, -1.71e-01, -1.11e-01, 1.71e-02, 1.15e-01, -2.10e-01, 5.34e-02]
3900 [3.82e-01, -8.48e-02, 1.28e+00, 2.70e-01, 6.28e-01, -1.72e-01, -1.11e-01, 1.72e-02, 1.18e-01, -2.10e-01, 5.33e-02]
3950 [3.83e-01, -8.41e-02, 1.28e+00, 2.69e-01, 6.30e-01, -1.72e-01, -1.11e-01, 1.73e-02, 1.20e-01, -2.10e-01, 5.32e-02]
4000 [3.84e-01, -8.35e-02, 1.28e+00, 2.69e-01, 6.32e-01, -1.72e-01, -1.11e-01, 1.74e-02, 1.22e-01, -2.10e-01, 5.30e-02]
4050 [3.85e-01, -8.29e-02, 1.28e+00, 2.68e-01, 6.34e-01, -1.72e-01, -1.11e-01, 1.75e-02, 1.25e-01, -2.10e-01, 5.29e-02]
4100 [3.86e-01, -8.23e-02, 1.28e+00, 2.68e-01, 6.37e-01, -1.73e-01, -1.11e-01, 1.76e-02, 1.27e-01, -2.10e-01, 5.27e-02]
4150 [3.87e-01, -8.18e-02, 1.29e+00, 2.67e-01, 6.39e-01, -1.73e-01, -1.11e-01, 1.77e-02, 1.30e-01, -2.10e-01, 5.26e-02]
4200 [3.88e-01, -8.13e-02, 1.29e+00, 2.66e-01, 6.41e-01, -1.73e-01, -1.11e-01, 1.78e-02, 1.32e-01, -2.10e-01, 5.25e-02]
4250 [3.89e-01, -8.09e-02, 1.29e+00, 2.66e-01, 6.43e-01, -1.74e-01, -1.11e-01, 1.79e-02, 1.35e-01, -2.10e-01, 5.23e-02]
4300 [3.91e-01, -8.04e-02, 1.29e+00, 2.65e-01, 6.46e-01, -1.74e-01, -1.11e-01, 1.80e-02, 1.37e-01, -2.10e-01, 5.22e-02]
4350 [3.92e-01, -8.00e-02, 1.29e+00, 2.64e-01, 6.48e-01, -1.74e-01, -1.11e-01, 1.81e-02, 1.40e-01, -2.10e-01, 5.20e-02]
4400 [3.93e-01, -7.96e-02, 1.29e+00, 2.63e-01, 5.23e-01, -1.74e-01, -1.11e-01, 1.83e-02, 1.42e-01, -2.10e-01, 5.19e-02]
4450 [3.94e-01, -7.93e-02, 1.29e+00, 2.63e-01, 5.06e-01, -1.75e-01, -1.11e-01, 1.85e-02, 1.45e-01, -2.10e-01, 5.17e-02]
4500 [3.95e-01, -7.89e-02, 1.29e+00, 2.62e-01, 5.10e-01, -1.75e-01, -1.11e-01, 1.86e-02, 1.48e-01, -2.10e-01, 5.16e-02]
4550 [3.96e-01, -7.86e-02, 1.29e+00, 2.61e-01, 5.13e-01, -1.75e-01, -1.11e-01, 1.87e-02, 1.51e-01, -2.10e-01, 5.14e-02]
4600 [3.98e-01, -7.83e-02, 1.29e+00, 2.61e-01, 5.16e-01, -1.76e-01, -1.11e-01, 1.89e-02, 1.53e-01, -2.10e-01, 5.12e-02]
4650 [3.99e-01, -7.80e-02, 1.29e+00, 2.60e-01, 5.19e-01, -1.76e-01, -1.11e-01, 1.90e-02, 1.56e-01, -2.10e-01, 5.11e-02]
4700 [4.00e-01, -7.78e-02, 1.29e+00, 2.59e-01, 5.22e-01, -1.76e-01, -1.11e-01, 1.92e-02, 1.59e-01, -2.10e-01, 5.09e-02]
4750 [4.02e-01, -7.75e-02, 1.29e+00, 2.58e-01, 5.26e-01, -1.77e-01, -1.11e-01, 1.93e-02, 1.62e-01, -2.10e-01, 5.08e-02]
4800 [4.03e-01, -7.73e-02, 1.29e+00, 2.58e-01, 5.29e-01, -1.77e-01, -1.11e-01, 1.95e-02, 1.65e-01, -2.10e-01, 5.06e-02]
4850 [4.04e-01, -7.70e-02, 1.29e+00, 2.57e-01, 5.32e-01, -1.78e-01, -1.11e-01, 1.96e-02, 1.68e-01, -2.10e-01, 5.05e-02]
4900 [4.06e-01, -7.68e-02, 1.29e+00, 2.56e-01, 5.35e-01, -1.78e-01, -1.11e-01, 1.97e-02, 1.71e-01, -2.10e-01, 5.03e-02]
4950 [4.07e-01, -7.66e-02, 1.29e+00, 2.55e-01, 5.37e-01, -1.78e-01, -1.11e-01, 1.99e-02, 1.73e-01, -2.10e-01, 5.01e-02]
5000 [4.09e-01, -7.64e-02, 1.29e+00, 2.55e-01, 5.40e-01, -1.79e-01, -1.11e-01, 2.00e-02, 1.76e-01, -2.10e-01, 5.00e-02]
5000 [4.09e-01, -7.64e-02, 1.29e+00, 2.55e-01, 5.40e-01, -1.79e-01, -1.11e-01, 2.00e-02, 1.76e-01, -2.10e-01, 5.00e-02]
5050 [2.75e-01, -1.27e-01, 1.20e+00, 1.72e-01, 4.24e-01, -5.21e-02, -1.92e-02, 1.28e-02, 1.29e-01, -8.11e-02, -6.00e-02]
5100 [2.67e-01, -1.24e-01, 1.19e+00, 1.69e-01, 4.08e-01, -4.83e-02, -1.79e-02, 1.15e-02, 1.22e-01, -7.41e-02, -6.20e-02]
5150 [2.66e-01, -1.20e-01, 1.19e+00, 1.68e-01, 4.08e-01, -4.78e-02, -1.78e-02, 1.10e-02, 1.20e-01, -7.40e-02, -6.17e-02]
5200 [2.66e-01, -1.15e-01, 1.19e+00, 1.67e-01, 4.07e-01, -4.74e-02, -1.78e-02, 1.07e-02, 1.19e-01, -7.40e-02, -6.15e-02]
5250 [2.66e-01, -1.10e-01, 1.18e+00, 1.65e-01, 4.03e-01, -4.71e-02, -1.78e-02, 1.04e-02, 1.18e-01, -7.37e-02, -6.14e-02]
5300 [2.66e-01, -1.06e-01, 1.18e+00, 1.65e-01, 4.00e-01, -4.69e-02, -1.78e-02, 1.02e-02, 1.18e-01, -7.33e-02, -6.13e-02]
5350 [2.65e-01, -1.01e-01, 1.18e+00, 1.64e-01, 4.00e-01, -4.67e-02, -1.78e-02, 1.00e-02, 1.18e-01, -7.31e-02, -6.13e-02]
5400 [2.65e-01, -9.63e-02, 1.18e+00, 1.64e-01, 3.99e-01, -4.67e-02, -1.78e-02, 9.95e-03, 1.18e-01, -7.29e-02, -6.13e-02]
5450 [2.65e-01, -9.22e-02, 1.18e+00, 1.64e-01, 3.89e-01, -4.66e-02, -1.78e-02, 9.90e-03, 1.17e-01, -7.24e-02, -6.13e-02]
5500 [2.65e-01, -8.93e-02, 1.18e+00, 1.63e-01, 3.77e-01, -4.66e-02, -1.78e-02, 9.83e-03, 1.17e-01, -7.20e-02, -6.13e-02]
5550 [2.65e-01, -8.64e-02, 1.18e+00, 1.63e-01, 3.76e-01, -4.67e-02, -1.78e-02, 9.80e-03, 1.16e-01, -7.18e-02, -6.14e-02]
5600 [2.64e-01, -8.32e-02, 1.17e+00, 1.63e-01, 3.66e-01, -4.71e-02, -1.78e-02, 9.76e-03, 1.15e-01, -7.09e-02, -6.15e-02]
5650 [2.64e-01, -7.96e-02, 1.17e+00, 1.63e-01, 3.61e-01, -4.74e-02, -1.78e-02, 9.73e-03, 1.15e-01, -7.04e-02, -6.16e-02]
5700 [2.64e-01, -7.63e-02, 1.17e+00, 1.63e-01, 3.60e-01, -4.78e-02, -1.78e-02, 9.73e-03, 1.14e-01, -7.01e-02, -6.18e-02]
5750 [2.64e-01, -7.34e-02, 1.17e+00, 1.63e-01, 3.59e-01, -4.82e-02, -1.78e-02, 9.73e-03, 1.13e-01, -7.00e-02, -6.22e-02]
5800 [2.63e-01, -7.07e-02, 1.17e+00, 1.63e-01, 3.58e-01, -4.86e-02, -1.78e-02, 9.73e-03, 1.11e-01, -7.00e-02, -6.26e-02]
5850 [2.63e-01, -6.79e-02, 1.17e+00, 1.63e-01, 3.58e-01, -4.92e-02, -1.78e-02, 9.73e-03, 1.10e-01, -6.98e-02, -6.31e-02]
5900 [2.63e-01, -6.54e-02, 1.16e+00, 1.63e-01, 3.58e-01, -4.98e-02, -1.78e-02, 9.73e-03, 1.09e-01, -6.96e-02, -6.36e-02]
5950 [2.63e-01, -6.30e-02, 1.16e+00, 1.63e-01, 3.58e-01, -5.05e-02, -1.78e-02, 9.74e-03, 1.07e-01, -6.93e-02, -6.43e-02]
6000 [2.63e-01, -6.08e-02, 1.16e+00, 1.63e-01, 3.59e-01, -5.11e-02, -1.78e-02, 9.74e-03, 1.05e-01, -6.90e-02, -6.50e-02]
6050 [2.63e-01, -5.85e-02, 1.16e+00, 1.63e-01, 3.59e-01, -5.18e-02, -1.78e-02, 9.75e-03, 1.03e-01, -6.86e-02, -6.57e-02]
6100 [2.64e-01, -5.64e-02, 1.16e+00, 1.63e-01, 3.59e-01, -5.25e-02, -1.78e-02, 9.76e-03, 1.01e-01, -6.82e-02, -6.65e-02]
6150 [2.64e-01, -5.43e-02, 1.16e+00, 1.63e-01, 3.59e-01, -5.33e-02, -1.78e-02, 9.77e-03, 9.92e-02, -6.76e-02, -6.72e-02]
6200 [2.64e-01, -5.22e-02, 1.16e+00, 1.63e-01, 3.59e-01, -5.40e-02, -1.78e-02, 9.78e-03, 9.72e-02, -6.71e-02, -6.80e-02]
6250 [2.64e-01, -5.08e-02, 1.16e+00, 1.63e-01, 3.59e-01, -5.48e-02, -1.78e-02, 9.78e-03, 9.55e-02, -6.64e-02, -6.87e-02]
6300 [2.64e-01, -4.89e-02, 1.16e+00, 1.63e-01, 3.59e-01, -5.56e-02, -1.78e-02, 9.79e-03, 9.40e-02, -6.57e-02, -6.93e-02]
6350 [2.64e-01, -4.69e-02, 1.16e+00, 1.63e-01, 3.59e-01, -5.64e-02, -1.78e-02, 9.80e-03, 9.26e-02, -6.50e-02, -6.99e-02]
6400 [2.64e-01, -4.51e-02, 1.15e+00, 1.63e-01, 3.59e-01, -5.71e-02, -1.78e-02, 9.81e-03, 9.11e-02, -6.42e-02, -7.05e-02]
6450 [2.64e-01, -4.33e-02, 1.15e+00, 1.62e-01, 3.59e-01, -5.80e-02, -1.78e-02, 9.82e-03, 8.97e-02, -6.32e-02, -7.11e-02]
6500 [2.63e-01, -4.16e-02, 1.15e+00, 1.62e-01, 3.58e-01, -5.88e-02, -1.78e-02, 9.84e-03, 8.83e-02, -6.02e-02, -7.17e-02]
6550 [2.62e-01, -3.92e-02, 1.15e+00, 1.61e-01, 3.58e-01, -5.97e-02, -1.78e-02, 9.85e-03, 8.70e-02, -5.87e-02, -7.23e-02]
6600 [2.62e-01, -3.76e-02, 1.15e+00, 1.61e-01, 3.58e-01, -6.05e-02, -1.78e-02, 9.86e-03, 8.56e-02, -5.83e-02, -7.29e-02]
6650 [2.62e-01, -3.64e-02, 1.15e+00, 1.61e-01, 3.58e-01, -6.14e-02, -1.78e-02, 9.87e-03, 8.42e-02, -5.78e-02, -7.35e-02]
6700 [2.62e-01, -3.52e-02, 1.15e+00, 1.61e-01, 3.58e-01, -6.23e-02, -1.78e-02, 9.88e-03, 8.29e-02, -5.72e-02, -7.41e-02]
6750 [2.63e-01, -3.40e-02, 1.15e+00, 1.61e-01, 3.57e-01, -6.31e-02, -1.78e-02, 9.89e-03, 8.17e-02, -5.66e-02, -7.47e-02]
6800 [2.63e-01, -3.28e-02, 1.15e+00, 1.61e-01, 3.57e-01, -6.40e-02, -1.78e-02, 9.89e-03, 8.07e-02, -5.58e-02, -7.52e-02]
6850 [2.63e-01, -3.17e-02, 1.15e+00, 1.61e-01, 3.38e-01, -6.47e-02, -1.78e-02, 9.90e-03, 8.01e-02, -5.39e-02, -7.57e-02]
6900 [2.63e-01, -3.05e-02, 1.14e+00, 1.61e-01, 3.35e-01, -6.56e-02, -1.78e-02, 9.90e-03, 7.93e-02, -5.18e-02, -7.62e-02]
6950 [2.63e-01, -2.94e-02, 1.14e+00, 1.60e-01, 3.26e-01, -6.66e-02, -1.78e-02, 9.91e-03, 7.85e-02, -4.92e-02, -7.68e-02]
7000 [2.63e-01, -2.83e-02, 1.14e+00, 1.60e-01, 3.19e-01, -6.76e-02, -1.78e-02, 9.91e-03, 7.76e-02, -4.69e-02, -7.73e-02]
7050 [2.63e-01, -2.73e-02, 1.14e+00, 1.60e-01, 3.10e-01, -6.85e-02, -1.78e-02, 9.92e-03, 7.65e-02, -4.45e-02, -7.79e-02]
7100 [2.63e-01, -2.61e-02, 1.14e+00, 1.59e-01, 3.08e-01, -6.94e-02, -1.78e-02, 9.92e-03, 7.53e-02, -4.37e-02, -7.84e-02]
7150 [2.63e-01, -2.51e-02, 1.14e+00, 1.58e-01, 2.65e-01, -7.04e-02, -1.78e-02, 9.91e-03, 7.40e-02, -4.25e-02, -7.88e-02]
7200 [2.61e-01, -2.42e-02, 1.14e+00, 1.58e-01, 2.56e-01, -7.13e-02, -1.78e-02, 9.91e-03, 7.31e-02, -4.08e-02, -7.92e-02]
7250 [2.61e-01, -2.26e-02, 1.14e+00, 1.58e-01, 2.54e-01, -7.23e-02, -1.78e-02, 9.91e-03, 7.23e-02, -4.02e-02, -7.96e-02]
7300 [2.61e-01, -2.15e-02, 1.13e+00, 1.58e-01, 2.54e-01, -7.33e-02, -1.78e-02, 9.90e-03, 7.13e-02, -3.98e-02, -8.00e-02]
7350 [2.61e-01, -2.05e-02, 1.13e+00, 1.58e-01, 2.54e-01, -7.43e-02, -1.78e-02, 9.89e-03, 7.04e-02, -3.94e-02, -8.04e-02]
7400 [2.40e-01, -2.31e-02, 1.12e+00, 1.54e-01, 9.21e-02, -7.58e-02, -1.78e-02, 1.03e-02, 6.96e-02, -2.10e-02, -8.06e-02]
7450 [2.40e-01, -2.35e-02, 1.12e+00, 1.53e-01, 8.87e-02, -7.67e-02, -1.78e-02, 1.03e-02, 6.90e-02, -2.02e-02, -8.10e-02]
7500 [2.40e-01, -2.28e-02, 1.12e+00, 1.54e-01, 8.87e-02, -7.77e-02, -1.78e-02, 1.02e-02, 6.86e-02, -2.00e-02, -8.14e-02]
7550 [2.40e-01, -2.17e-02, 1.12e+00, 1.54e-01, 8.86e-02, -7.87e-02, -1.78e-02, 1.02e-02, 6.82e-02, -1.99e-02, -8.17e-02]
7600 [2.40e-01, -2.06e-02, 1.12e+00, 1.54e-01, 8.86e-02, -7.97e-02, -1.78e-02, 1.02e-02, 6.79e-02, -1.98e-02, -8.19e-02]
7650 [2.41e-01, -1.95e-02, 1.12e+00, 1.54e-01, 8.87e-02, -8.07e-02, -1.78e-02, 1.02e-02, 6.76e-02, -1.97e-02, -8.21e-02]
7700 [2.35e-01, -1.78e-02, 1.11e+00, 1.51e-01, 8.68e-02, -8.18e-02, -1.78e-02, 1.01e-02, 6.76e-02, -2.02e-02, -8.22e-02]
7750 [2.35e-01, -1.70e-02, 1.11e+00, 1.51e-01, 8.67e-02, -8.27e-02, -1.78e-02, 1.01e-02, 6.75e-02, -2.01e-02, -8.23e-02]
7800 [2.34e-01, -1.59e-02, 1.11e+00, 1.50e-01, 8.51e-02, -8.31e-02, -1.78e-02, 1.01e-02, 6.83e-02, -1.87e-02, -8.25e-02]
7850 [2.23e-01, -1.40e-02, 1.11e+00, 1.44e-01, 8.21e-02, -8.42e-02, -1.78e-02, 1.00e-02, 6.83e-02, -2.03e-02, -8.27e-02]
7900 [2.14e-01, -1.47e-02, 1.10e+00, 1.39e-01, 8.03e-02, -8.53e-02, -1.78e-02, 9.96e-03, 6.82e-02, -2.18e-02, -8.29e-02]
7950 [2.14e-01, -1.41e-02, 1.10e+00, 1.39e-01, 8.02e-02, -8.64e-02, -1.78e-02, 9.93e-03, 6.80e-02, -2.17e-02, -8.31e-02]
8000 [2.14e-01, -1.31e-02, 1.10e+00, 1.40e-01, 8.02e-02, -8.75e-02, -1.78e-02, 9.90e-03, 6.78e-02, -2.16e-02, -8.33e-02]
8050 [2.14e-01, -1.19e-02, 1.10e+00, 1.40e-01, 8.01e-02, -8.87e-02, -1.78e-02, 9.87e-03, 6.76e-02, -2.15e-02, -8.35e-02]
8100 [2.14e-01, -1.07e-02, 1.10e+00, 1.40e-01, 8.01e-02, -8.98e-02, -1.78e-02, 9.84e-03, 6.74e-02, -2.14e-02, -8.37e-02]
8150 [1.76e-01, -1.79e-02, 1.06e+00, 1.20e-01, 7.21e-03, -8.88e-02, -1.78e-02, 9.62e-03, 6.99e-02, -9.77e-04, -8.37e-02]
8200 [1.73e-01, -2.38e-02, 1.06e+00, 1.19e-01, 1.29e-03, -8.95e-02, -1.78e-02, 9.55e-03, 7.06e-02, -5.27e-04, -8.37e-02]
8250 [1.74e-01, -2.36e-02, 1.06e+00, 1.20e-01, 1.58e-03, -9.07e-02, -1.78e-02, 9.49e-03, 7.10e-02, -7.19e-04, -8.39e-02]
8300 [1.74e-01, -2.23e-02, 1.06e+00, 1.20e-01, 1.79e-03, -9.20e-02, -1.78e-02, 9.44e-03, 7.14e-02, -8.87e-04, -8.42e-02]
8350 [1.74e-01, -2.07e-02, 1.06e+00, 1.20e-01, 1.98e-03, -9.33e-02, -1.78e-02, 9.39e-03, 7.18e-02, -1.07e-03, -8.44e-02]
8400 [1.74e-01, -1.90e-02, 1.05e+00, 1.20e-01, 2.18e-03, -9.46e-02, -1.78e-02, 9.34e-03, 7.21e-02, -1.27e-03, -8.46e-02]
8450 [1.75e-01, -1.73e-02, 1.05e+00, 1.21e-01, 2.38e-03, -9.59e-02, -1.78e-02, 9.29e-03, 7.23e-02, -1.50e-03, -8.49e-02]
8500 [1.74e-01, -1.55e-02, 1.05e+00, 1.21e-01, 2.80e-03, -9.69e-02, -1.78e-02, 9.25e-03, 7.26e-02, -1.65e-03, -8.50e-02]
8550 [1.73e-01, -1.50e-02, 1.05e+00, 1.20e-01, 3.15e-03, -9.72e-02, -1.78e-02, 9.21e-03, 7.33e-02, -1.62e-03, -8.51e-02]
8600 [1.73e-01, -1.33e-02, 1.05e+00, 1.20e-01, 3.53e-03, -9.85e-02, -1.78e-02, 9.17e-03, 7.34e-02, -1.88e-03, -8.53e-02]
8650 [1.65e-01, -1.53e-02, 1.03e+00, 1.19e-01, 3.97e-03, -9.34e-02, -1.78e-02, 9.12e-03, 7.53e-02, 8.41e-04, -8.54e-02]
8700 [1.65e-01, -1.45e-02, 1.03e+00, 1.19e-01, 4.09e-03, -9.43e-02, -1.78e-02, 9.08e-03, 7.52e-02, 7.86e-04, -8.58e-02]
8750 [1.61e-01, -1.31e-02, 1.02e+00, 1.19e-01, 6.22e-03, -9.21e-02, -1.78e-02, 9.04e-03, 7.58e-02, 2.36e-03, -8.62e-02]
8800 [1.47e-01, -2.01e-02, 9.77e-01, 1.17e-01, 7.70e-03, -8.01e-02, -1.78e-02, 8.99e-03, 7.81e-02, 8.24e-03, -8.69e-02]
8850 [1.44e-01, -2.08e-02, 9.77e-01, 1.11e-01, 3.68e-03, -7.94e-02, -1.78e-02, 8.91e-03, 8.24e-02, 6.79e-03, -8.80e-02]
8900 [1.42e-01, -1.93e-02, 9.77e-01, 1.09e-01, 3.67e-03, -8.02e-02, -1.78e-02, 8.85e-03, 8.44e-02, 6.45e-03, -8.90e-02]
8950 [1.43e-01, -1.72e-02, 9.77e-01, 1.09e-01, 4.51e-03, -8.19e-02, -1.78e-02, 8.79e-03, 8.40e-02, 6.25e-03, -8.98e-02]
9000 [1.43e-01, -1.45e-02, 9.77e-01, 1.09e-01, 5.18e-03, -8.36e-02, -1.78e-02, 8.74e-03, 8.36e-02, 6.06e-03, -9.06e-02]
9050 [1.43e-01, -1.18e-02, 9.76e-01, 1.09e-01, 5.73e-03, -8.53e-02, -1.78e-02, 8.68e-03, 8.32e-02, 5.89e-03, -9.15e-02]
9100 [1.43e-01, -1.13e-02, 9.75e-01, 1.08e-01, 8.55e-03, -8.68e-02, -1.78e-02, 8.62e-03, 8.28e-02, -3.54e-03, -9.25e-02]
9150 [1.43e-01, -8.91e-03, 9.75e-01, 1.09e-01, 9.00e-03, -8.84e-02, -1.78e-02, 8.56e-03, 8.26e-02, -3.60e-03, -9.35e-02]
9200 [1.41e-01, -6.64e-03, 9.70e-01, 1.08e-01, 4.60e-03, -8.85e-02, -1.78e-02, 8.49e-03, 8.28e-02, -2.66e-03, -9.45e-02]
9250 [1.31e-01, -1.12e-02, 9.43e-01, 1.06e-01, -6.07e-03, -8.00e-02, -1.78e-02, 8.42e-03, 8.57e-02, 2.65e-04, -9.52e-02]
9300 [1.23e-01, -1.08e-02, 9.36e-01, 9.34e-02, 1.36e-02, -6.62e-02, -1.78e-02, 8.33e-03, 7.89e-02, 3.30e-03, -9.54e-02]
9350 [9.43e-02, -5.63e-03, 9.24e-01, 5.20e-02, 1.99e-03, -5.29e-02, -1.78e-02, 7.81e-03, 7.46e-02, -1.65e-03, -9.70e-02]
9400 [9.46e-02, 9.40e-05, 9.24e-01, 5.16e-02, 1.95e-03, -5.51e-02, -1.78e-02, 7.80e-03, 7.56e-02, -4.02e-04, -9.84e-02]
9450 [9.52e-02, 4.54e-03, 9.25e-01, 5.20e-02, 2.09e-03, -5.74e-02, -1.78e-02, 7.74e-03, 7.71e-02, 6.79e-04, -9.96e-02]
9500 [9.56e-02, 9.06e-03, 9.26e-01, 5.22e-02, 2.02e-03, -5.96e-02, -1.78e-02, 7.68e-03, 7.90e-02, 1.63e-03, -1.01e-01]
9550 [9.60e-02, 1.36e-02, 9.26e-01, 5.23e-02, 1.93e-03, -6.19e-02, -1.78e-02, 7.61e-03, 8.09e-02, 2.63e-03, -1.02e-01]
9600 [9.66e-02, 1.82e-02, 9.25e-01, 5.21e-02, 2.00e-03, -6.44e-02, -1.78e-02, 7.54e-03, 8.28e-02, 3.68e-03, -1.03e-01]
9650 [9.60e-02, 3.92e-03, 9.11e-01, 5.19e-02, 3.02e-03, -6.27e-02, -1.78e-02, 7.49e-03, 8.50e-02, 4.45e-03, -1.04e-01]
9700 [9.59e-02, 9.94e-03, 9.10e-01, 5.15e-02, 3.45e-03, -6.46e-02, -1.78e-02, 7.47e-03, 8.80e-02, 5.17e-03, -1.05e-01]
9750 [9.54e-02, 1.36e-02, 9.05e-01, 5.13e-02, 4.28e-03, -6.54e-02, -1.78e-02, 7.42e-03, 9.13e-02, 5.97e-03, -1.05e-01]
9800 [9.41e-02, 1.67e-02, 9.00e-01, 5.13e-02, 5.65e-03, -6.51e-02, -1.78e-02, 7.35e-03, 9.42e-02, 6.71e-03, -1.06e-01]
9850 [9.18e-02, 1.97e-02, 8.96e-01, 5.03e-02, 6.70e-03, -6.43e-02, -1.78e-02, 7.26e-03, 9.64e-02, 7.27e-03, -1.07e-01]
9900 [9.19e-02, 2.19e-02, 8.97e-01, 5.04e-02, 7.68e-03, -6.63e-02, -1.78e-02, 7.18e-03, 9.81e-02, 7.94e-03, -1.08e-01]
9950 [9.22e-02, 2.40e-02, 8.99e-01, 5.09e-02, 8.64e-03, -6.84e-02, -1.78e-02, 7.09e-03, 9.96e-02, 8.67e-03, -1.09e-01]
10000 [8.17e-02, 1.83e-02, 8.51e-01, 5.30e-02, 1.22e-02, -4.44e-02, -1.78e-02, 6.98e-03, 9.73e-02, 8.27e-03, -1.09e-01]
10000 [8.17e-02, 1.83e-02, 8.51e-01, 5.30e-02, 1.22e-02, -4.44e-02, -1.78e-02, 6.98e-03, 9.73e-02, 8.27e-03, -1.09e-01]
10050 [-5.73e-02, -2.25e-02, 7.64e-01, 8.42e-02, 4.40e-02, 6.84e-02, 3.70e-02, 4.82e-03, 1.47e-02, -1.35e-02, 4.40e-03]
10100 [-5.90e-02, -2.08e-02, 7.62e-01, 7.55e-02, 4.38e-02, 6.87e-02, 3.75e-02, 1.29e-02, 1.48e-02, -1.25e-02, 6.34e-03]
10150 [-5.91e-02, -1.96e-02, 7.62e-01, 7.58e-02, 4.29e-02, 6.86e-02, 3.75e-02, 1.25e-02, 1.45e-02, -1.18e-02, 6.36e-03]
10200 [-5.93e-02, -1.86e-02, 7.63e-01, 7.62e-02, 4.15e-02, 6.84e-02, 3.75e-02, 1.19e-02, 1.43e-02, -1.10e-02, 6.34e-03]
10250 [-5.95e-02, -1.77e-02, 7.63e-01, 7.65e-02, 3.86e-02, 6.83e-02, 3.75e-02, 1.11e-02, 1.41e-02, -1.00e-02, 6.32e-03]
10300 [-5.96e-02, -1.72e-02, 7.64e-01, 7.68e-02, 3.58e-02, 6.82e-02, 3.75e-02, 1.05e-02, 1.39e-02, -8.86e-03, 6.30e-03]
10350 [-5.98e-02, -1.68e-02, 7.64e-01, 7.71e-02, 3.31e-02, 6.82e-02, 3.75e-02, 9.90e-03, 1.37e-02, -7.58e-03, 6.28e-03]
10400 [-5.98e-02, -1.65e-02, 7.65e-01, 7.74e-02, 3.04e-02, 6.80e-02, 3.75e-02, 9.45e-03, 1.35e-02, -6.23e-03, 6.26e-03]
10450 [-6.00e-02, -1.64e-02, 7.66e-01, 7.77e-02, 2.82e-02, 6.81e-02, 3.75e-02, 9.16e-03, 1.33e-02, -4.87e-03, 6.25e-03]
10500 [-6.01e-02, -1.63e-02, 7.66e-01, 7.80e-02, 2.62e-02, 6.81e-02, 3.75e-02, 8.93e-03, 1.32e-02, -3.51e-03, 6.23e-03]
10550 [-6.03e-02, -1.63e-02, 7.67e-01, 7.83e-02, 2.43e-02, 6.82e-02, 3.75e-02, 8.73e-03, 1.30e-02, -2.17e-03, 6.22e-03]
10600 [-6.04e-02, -1.63e-02, 7.68e-01, 7.86e-02, 2.26e-02, 6.82e-02, 3.75e-02, 8.54e-03, 1.29e-02, -8.58e-04, 6.21e-03]
10650 [-6.04e-02, -1.63e-02, 7.69e-01, 7.89e-02, 2.03e-02, 6.81e-02, 3.75e-02, 8.28e-03, 1.27e-02, 3.54e-04, 6.20e-03]
10700 [-6.06e-02, -1.63e-02, 7.70e-01, 7.92e-02, 1.86e-02, 6.81e-02, 3.75e-02, 7.95e-03, 1.26e-02, 1.53e-03, 6.20e-03]
10750 [-6.07e-02, -1.63e-02, 7.71e-01, 7.94e-02, 1.70e-02, 6.82e-02, 3.75e-02, 7.59e-03, 1.26e-02, 1.17e-03, 6.19e-03]
10800 [-6.08e-02, -1.64e-02, 7.72e-01, 7.97e-02, 1.56e-02, 6.82e-02, 3.75e-02, 7.20e-03, 1.25e-02, 1.35e-03, 6.18e-03]
10850 [-6.10e-02, -1.64e-02, 7.74e-01, 7.99e-02, 1.43e-02, 6.83e-02, 3.75e-02, 6.80e-03, 1.24e-02, 2.14e-03, 6.18e-03]
10900 [-6.12e-02, -1.65e-02, 7.75e-01, 8.01e-02, 1.32e-02, 6.84e-02, 3.75e-02, 6.37e-03, 1.24e-02, 2.86e-03, 6.17e-03]
10950 [-6.08e-02, -1.65e-02, 7.76e-01, 7.94e-02, 1.17e-02, 6.83e-02, 3.75e-02, 5.87e-03, 1.21e-02, -2.28e-04, 6.16e-03]
11000 [-6.08e-02, -1.65e-02, 7.77e-01, 7.93e-02, 1.00e-02, 6.82e-02, 3.75e-02, 5.31e-03, 1.19e-02, -8.88e-05, 6.15e-03]
11050 [-6.10e-02, -1.67e-02, 7.78e-01, 7.94e-02, 8.70e-03, 6.83e-02, 3.75e-02, 4.85e-03, 1.18e-02, 2.83e-04, 6.15e-03]
11100 [-6.13e-02, -1.68e-02, 7.80e-01, 7.96e-02, 7.54e-03, 6.84e-02, 3.75e-02, 4.39e-03, 1.17e-02, 5.77e-04, 6.14e-03]
11150 [-5.51e-02, -1.63e-02, 7.77e-01, 7.87e-02, 4.24e-03, 6.24e-02, 3.75e-02, 3.77e-03, 1.10e-02, -9.72e-04, 6.15e-03]
11200 [-5.29e-02, -1.59e-02, 7.78e-01, 7.75e-02, 2.15e-03, 6.02e-02, 3.75e-02, 2.72e-03, 1.02e-02, -3.72e-04, 6.17e-03]
11250 [-5.31e-02, -1.59e-02, 7.79e-01, 7.68e-02, 1.70e-03, 6.04e-02, 3.75e-02, 1.94e-03, 9.69e-03, -7.56e-05, 6.19e-03]
11300 [-5.34e-02, -1.59e-02, 7.81e-01, 7.63e-02, 1.93e-03, 6.06e-02, 3.75e-02, 1.33e-03, 9.37e-03, 1.21e-05, 6.18e-03]
11350 [-5.36e-02, -1.59e-02, 7.83e-01, 7.60e-02, 2.26e-03, 6.08e-02, 3.75e-02, 8.60e-04, 9.13e-03, 7.52e-06, 6.15e-03]
11400 [-5.38e-02, -1.60e-02, 7.84e-01, 7.57e-02, 2.61e-03, 6.10e-02, 3.75e-02, 4.92e-04, 8.98e-03, -4.88e-05, 6.11e-03]
11450 [-5.07e-02, -1.60e-02, 7.84e-01, 7.61e-02, 9.45e-04, 5.60e-02, 3.75e-02, 2.82e-05, 8.16e-03, -2.95e-03, 6.02e-03]
11500 [-4.87e-02, -1.60e-02, 7.85e-01, 6.89e-02, -8.99e-04, 5.43e-02, 3.75e-02, -7.41e-04, 3.25e-03, -3.65e-03, 5.88e-03]
11550 [-4.69e-02, -1.59e-02, 7.87e-01, 6.17e-02, -1.52e-03, 5.32e-02, 3.75e-02, -1.22e-03, -1.31e-03, -3.70e-03, 5.79e-03]
11600 [-4.46e-02, -1.58e-02, 7.87e-01, 5.96e-02, -2.29e-03, 5.00e-02, 3.75e-02, -1.44e-03, -2.83e-03, -4.03e-03, 5.76e-03]
11650 [-4.13e-02, -1.58e-02, 7.87e-01, 5.60e-02, -2.94e-03, 4.61e-02, 3.75e-02, -1.89e-03, -4.75e-03, -2.42e-03, 5.72e-03]
11700 [-3.65e-02, -1.56e-02, 7.87e-01, 4.90e-02, -2.57e-03, 4.23e-02, 3.75e-02, -2.36e-03, -8.80e-03, -7.51e-04, 5.74e-03]
11750 [-3.67e-02, -1.55e-02, 7.90e-01, 4.85e-02, -2.38e-03, 4.25e-02, 3.75e-02, -2.62e-03, -9.39e-03, -6.31e-04, 5.68e-03]
11800 [-3.69e-02, -1.55e-02, 7.92e-01, 4.83e-02, -2.01e-03, 4.28e-02, 3.75e-02, -2.77e-03, -9.58e-03, -5.40e-04, 5.55e-03]
11850 [-3.72e-02, -1.55e-02, 7.95e-01, 4.82e-02, -1.56e-03, 4.32e-02, 3.75e-02, -2.83e-03, -9.60e-03, -4.80e-04, 5.42e-03]
11900 [-3.75e-02, -1.55e-02, 7.97e-01, 4.82e-02, -1.05e-03, 4.35e-02, 3.75e-02, -2.82e-03, -9.47e-03, -4.54e-04, 5.27e-03]
11950 [4.46e-03, -1.22e-02, 7.51e-01, 4.01e-03, -1.60e-02, -3.56e-02, 3.75e-02, -1.02e-02, -2.05e-02, 1.39e-03, 6.56e-03]
12000 [3.66e-03, -1.12e-02, 7.54e-01, 3.58e-03, -1.48e-02, -3.57e-02, 3.75e-02, -1.07e-02, -2.09e-02, -2.08e-03, 6.38e-03]
12050 [3.31e-03, -1.07e-02, 7.58e-01, 3.14e-03, -1.53e-02, -3.53e-02, 3.75e-02, -1.10e-02, -2.12e-02, -2.33e-03, 6.21e-03]
12100 [3.01e-03, -1.06e-02, 7.62e-01, 3.13e-03, -1.52e-02, -3.52e-02, 3.75e-02, -1.11e-02, -2.13e-02, -2.56e-03, 6.08e-03]
12150 [2.68e-03, -1.05e-02, 7.67e-01, 3.53e-03, -1.43e-02, -3.51e-02, 3.75e-02, -1.11e-02, -2.11e-02, -2.78e-03, 5.99e-03]
12200 [2.32e-03, -1.05e-02, 7.71e-01, 4.27e-03, -1.31e-02, -3.50e-02, 3.75e-02, -1.08e-02, -2.10e-02, -2.97e-03, 5.92e-03]
12250 [1.97e-03, -1.05e-02, 7.75e-01, 5.15e-03, -1.20e-02, -3.48e-02, 3.75e-02, -1.03e-02, -2.10e-02, -3.13e-03, 5.87e-03]
12300 [1.63e-03, -1.05e-02, 7.79e-01, 6.02e-03, -1.10e-02, -3.45e-02, 3.75e-02, -9.78e-03, -2.10e-02, -3.30e-03, 5.81e-03]
12350 [1.30e-03, -1.06e-02, 7.83e-01, 6.87e-03, -1.02e-02, -3.43e-02, 3.75e-02, -9.25e-03, -2.10e-02, -3.47e-03, 5.74e-03]
12400 [9.83e-04, -1.06e-02, 7.87e-01, 7.69e-03, -9.68e-03, -3.41e-02, 3.75e-02, -8.64e-03, -2.11e-02, -3.66e-03, 5.67e-03]
12450 [6.75e-04, -1.07e-02, 7.91e-01, 8.52e-03, -9.29e-03, -3.39e-02, 3.75e-02, -7.90e-03, -2.12e-02, -3.84e-03, 5.59e-03]
12500 [-1.03e-03, -1.07e-02, 7.65e-01, -8.56e-03, -2.52e-03, 1.37e-02, 3.75e-02, -1.03e-02, 5.12e-03, -1.97e-04, 5.48e-03]
12550 [-1.22e-03, -1.18e-02, 7.64e-01, -8.97e-03, -4.85e-03, 1.69e-02, 3.75e-02, -1.06e-02, 5.96e-03, 7.99e-04, 5.47e-03]
12600 [-1.59e-03, -1.18e-02, 7.69e-01, -8.30e-03, -3.82e-03, 1.71e-02, 3.75e-02, -1.04e-02, 4.37e-03, 1.11e-03, 5.48e-03]
12650 [-1.60e-03, -1.19e-02, 7.73e-01, -6.94e-03, -2.39e-03, 1.68e-02, 3.75e-02, -1.03e-02, 2.52e-03, 1.35e-03, 5.52e-03]
12700 [-1.92e-03, -1.19e-02, 7.78e-01, -6.46e-03, -1.67e-03, 1.71e-02, 3.75e-02, -1.03e-02, 7.77e-04, 1.64e-03, 5.58e-03]
12750 [-2.25e-03, -1.20e-02, 7.83e-01, -6.01e-03, -5.86e-04, 1.74e-02, 3.75e-02, -1.02e-02, -8.45e-04, 1.93e-03, 5.64e-03]
12800 [1.73e-03, -1.13e-02, 7.78e-01, -5.19e-03, -1.02e-03, 8.78e-03, 3.75e-02, -1.02e-02, -3.03e-03, 1.73e-03, 5.69e-03]
12850 [1.59e-03, -9.91e-03, 7.68e-01, -5.86e-03, -6.03e-03, 3.27e-04, 3.75e-02, -1.05e-02, -5.44e-03, 1.70e-03, 5.74e-03]
12900 [1.09e-03, -9.82e-03, 7.73e-01, -5.96e-03, -8.43e-03, 8.32e-04, 3.75e-02, -1.09e-02, -7.62e-03, 1.50e-03, 5.80e-03]
12950 [6.10e-04, -9.86e-03, 7.79e-01, -5.86e-03, -8.37e-03, 1.33e-03, 3.75e-02, -1.09e-02, -9.66e-03, 1.23e-03, 5.82e-03]
13000 [5.03e-05, -9.99e-03, 7.83e-01, -5.60e-03, -4.50e-03, 1.84e-03, 3.75e-02, -1.10e-02, -1.14e-02, 1.02e-03, 5.78e-03]
13050 [-8.03e-04, -1.04e-02, 7.87e-01, -1.36e-03, 1.18e-03, 2.26e-03, 3.75e-02, -1.17e-02, -1.21e-02, 2.02e-04, 5.69e-03]
13100 [8.58e-04, -1.01e-02, 7.67e-01, -1.48e-03, 9.01e-04, 2.54e-03, 3.75e-02, -1.18e-02, -1.32e-02, 2.29e-04, 5.66e-03]
13150 [2.85e-03, -1.03e-02, 7.61e-01, -1.81e-03, 1.22e-05, 2.48e-03, 3.75e-02, -1.21e-02, -1.33e-02, 1.73e-04, 5.58e-03]
13200 [2.27e-03, -9.99e-03, 7.67e-01, -1.75e-03, -2.37e-04, 2.94e-03, 3.75e-02, -1.20e-02, -1.31e-02, 2.74e-05, 5.22e-03]
13250 [1.97e-03, -9.77e-03, 7.72e-01, -1.87e-03, 9.90e-05, 3.40e-03, 3.75e-02, -1.22e-02, -1.20e-02, -3.93e-05, 4.74e-03]
13300 [-4.22e-03, -1.23e-02, 7.12e-01, -6.13e-03, -6.42e-03, -1.69e-03, 3.75e-02, 1.71e-03, -1.05e-02, 1.27e-03, 4.32e-03]
13350 [-5.78e-03, -1.16e-02, 7.12e-01, -5.91e-03, -1.46e-02, 1.36e-03, 3.75e-02, -2.36e-03, -9.67e-03, 4.42e-03, 4.08e-03]
13400 [-6.69e-03, -1.13e-02, 7.22e-01, -6.19e-03, -1.52e-02, 1.92e-03, 3.75e-02, -4.97e-03, -1.01e-02, 5.50e-03, 3.93e-03]
13450 [-6.82e-03, -1.10e-02, 7.31e-01, -5.63e-03, -6.53e-03, 2.26e-03, 3.75e-02, -5.44e-03, -1.02e-02, 4.77e-03, 3.76e-03]
13500 [-7.49e-03, -1.06e-02, 7.40e-01, -4.87e-03, -3.22e-03, 2.87e-03, 3.75e-02, -5.15e-03, -1.02e-02, -3.12e-05, 3.58e-03]
13550 [2.13e-03, -7.20e-03, 7.28e-01, -2.19e-03, -2.40e-03, 3.72e-03, 3.75e-02, -4.77e-03, -5.98e-03, 7.01e-04, 3.63e-03]
13600 [1.39e-03, -7.34e-03, 7.35e-01, -4.81e-04, 7.58e-04, 2.99e-03, 3.75e-02, -4.47e-03, -8.03e-03, 1.28e-05, 3.78e-03]
13650 [8.88e-04, -6.57e-03, 7.45e-01, 6.82e-04, 3.69e-03, 3.94e-03, 3.75e-02, -4.48e-03, -1.10e-02, 5.79e-05, 3.95e-03]
13700 [7.82e-02, -2.34e-02, 1.25e-01, 2.21e-02, 3.41e-02, -3.15e-01, -1.04e-01, -6.49e-02, -4.89e-01, -7.62e-02, 1.96e-01]
13750 [4.45e-01, 1.14e-01, -3.45e-01, 3.19e-02, -3.86e-02, -9.13e-02, -3.10e-01, 1.48e-02, 1.62e-02, -5.89e-01, -5.18e-01]
13800 [3.01e-01, 1.15e-01, -3.43e-01, 2.42e-01, -7.75e-03, -8.34e-02, -3.11e-01, 2.23e-02, 5.45e-02, -7.40e-01, -4.95e-01]
13850 [2.42e-01, 1.15e-01, -3.41e-01, 2.12e-01, -7.40e-03, -8.17e-02, -3.11e-01, 2.31e-02, 5.00e-02, -7.51e-01, -4.92e-01]
13900 [2.08e-01, 1.15e-01, -3.39e-01, 1.86e-01, -7.40e-03, -8.06e-02, -3.11e-01, 2.32e-02, 4.61e-02, -7.54e-01, -4.90e-01]
13950 [1.85e-01, 1.15e-01, -3.38e-01, 1.65e-01, -7.40e-03, -7.99e-02, -3.11e-01, 2.32e-02, 4.30e-02, -7.56e-01, -4.90e-01]
14000 [1.69e-01, 1.15e-01, -3.37e-01, 1.47e-01, -7.40e-03, -7.93e-02, -3.11e-01, 2.33e-02, 4.06e-02, -7.56e-01, -4.90e-01]
14050 [1.56e-01, 1.15e-01, -3.36e-01, 1.33e-01, -7.40e-03, -7.90e-02, -3.11e-01, 2.33e-02, 3.86e-02, -7.57e-01, -4.89e-01]
14100 [1.46e-01, 1.15e-01, -3.35e-01, 1.20e-01, -7.40e-03, -7.87e-02, -3.11e-01, 2.34e-02, 3.70e-02, -7.57e-01, -4.89e-01]
14150 [1.37e-01, 1.15e-01, -3.35e-01, 1.09e-01, -7.41e-03, -7.85e-02, -3.11e-01, 2.36e-02, 3.57e-02, -7.57e-01, -4.89e-01]
14200 [1.30e-01, 1.15e-01, -3.34e-01, 9.96e-02, -7.41e-03, -7.83e-02, -3.11e-01, 2.38e-02, 3.46e-02, -7.57e-01, -4.89e-01]
14250 [1.25e-01, 1.15e-01, -3.34e-01, 9.14e-02, -7.41e-03, -7.82e-02, -3.11e-01, 2.41e-02, 3.37e-02, -7.57e-01, -4.89e-01]
14300 [1.20e-01, 1.15e-01, -3.33e-01, 8.42e-02, -7.42e-03, -7.82e-02, -3.11e-01, 2.44e-02, 3.29e-02, -7.57e-01, -4.89e-01]
14350 [1.16e-01, 1.15e-01, -3.32e-01, 7.78e-02, -7.43e-03, -7.81e-02, -3.11e-01, 2.48e-02, 3.23e-02, -7.57e-01, -4.89e-01]
14400 [1.12e-01, 1.15e-01, -3.32e-01, 7.23e-02, -7.44e-03, -7.81e-02, -3.11e-01, 2.52e-02, 3.18e-02, -7.57e-01, -4.89e-01]
14450 [1.09e-01, 1.15e-01, -3.32e-01, 6.73e-02, -7.46e-03, -7.81e-02, -3.11e-01, 2.57e-02, 3.14e-02, -7.57e-01, -4.89e-01]
14500 [1.07e-01, 1.15e-01, -3.31e-01, 6.29e-02, -7.48e-03, -7.81e-02, -3.11e-01, 2.62e-02, 3.10e-02, -7.57e-01, -4.89e-01]
14550 [1.04e-01, 1.15e-01, -3.31e-01, 5.90e-02, -7.50e-03, -7.80e-02, -3.11e-01, 2.67e-02, 3.07e-02, -7.57e-01, -4.89e-01]
14600 [1.02e-01, 1.15e-01, -3.30e-01, 5.55e-02, -7.53e-03, -7.80e-02, -3.11e-01, 2.72e-02, 3.04e-02, -7.57e-01, -4.89e-01]
14650 [1.01e-01, 1.15e-01, -3.30e-01, 5.24e-02, -7.57e-03, -7.81e-02, -3.11e-01, 2.77e-02, 3.02e-02, -7.57e-01, -4.89e-01]
14700 [9.90e-02, 1.15e-01, -3.30e-01, 4.96e-02, -7.62e-03, -7.81e-02, -3.11e-01, 2.82e-02, 2.99e-02, -7.57e-01, -4.89e-01]
14750 [9.77e-02, 1.15e-01, -3.30e-01, 4.71e-02, -7.67e-03, -7.81e-02, -3.11e-01, 2.87e-02, 2.98e-02, -7.57e-01, -4.89e-01]
14800 [9.65e-02, 1.15e-01, -3.29e-01, 4.48e-02, -7.73e-03, -7.81e-02, -3.11e-01, 2.92e-02, 2.96e-02, -7.57e-01, -4.89e-01]
14850 [9.55e-02, 1.15e-01, -3.29e-01, 4.27e-02, -7.79e-03, -7.81e-02, -3.11e-01, 2.96e-02, 2.95e-02, -7.57e-01, -4.89e-01]
14900 [9.47e-02, 1.15e-01, -3.29e-01, 4.09e-02, -7.86e-03, -7.81e-02, -3.11e-01, 3.00e-02, 2.93e-02, -7.57e-01, -4.89e-01]
14950 [9.39e-02, 1.15e-01, -3.28e-01, 3.92e-02, -7.94e-03, -7.81e-02, -3.11e-01, 3.04e-02, 2.92e-02, -7.57e-01, -4.89e-01]
15000 [9.33e-02, 1.15e-01, -3.28e-01, 3.78e-02, -8.03e-03, -7.81e-02, -3.11e-01, 3.07e-02, 2.91e-02, -7.57e-01, -4.89e-01]
15000 [9.33e-02, 1.15e-01, -3.28e-01, 3.78e-02, -8.03e-03, -7.81e-02, -3.11e-01, 3.07e-02, 2.91e-02, -7.57e-01, -4.89e-01]
15050 [3.97e-02, 5.08e-02, -2.69e-01, -4.06e-02, 2.68e-02, -1.58e-01, -3.64e-01, 2.51e-02, 2.15e-02, -6.03e-01, -5.20e-01]
15100 [3.83e-02, 5.01e-02, -2.18e-01, -3.97e-02, -1.56e-02, -1.39e-01, -3.64e-01, 2.37e-02, 4.49e-02, -5.87e-01, -5.26e-01]
15150 [3.88e-02, 5.01e-02, -2.12e-01, -3.99e-02, -1.46e-02, -1.41e-01, -3.64e-01, 2.37e-02, 4.59e-02, -5.86e-01, -5.26e-01]
15200 [3.94e-02, 5.00e-02, -2.08e-01, -4.01e-02, -1.23e-02, -1.44e-01, -3.64e-01, 2.37e-02, 4.62e-02, -5.86e-01, -5.26e-01]
15250 [4.01e-02, 4.98e-02, -2.05e-01, -4.02e-02, -9.76e-03, -1.47e-01, -3.64e-01, 2.37e-02, 4.65e-02, -5.86e-01, -5.26e-01]
15300 [4.10e-02, 4.96e-02, -2.01e-01, -4.05e-02, -6.79e-03, -1.51e-01, -3.64e-01, 2.37e-02, 4.70e-02, -5.86e-01, -5.26e-01]
15350 [4.19e-02, 4.95e-02, -1.96e-01, -4.07e-02, -3.46e-03, -1.55e-01, -3.64e-01, 2.37e-02, 4.75e-02, -5.86e-01, -5.26e-01]
15400 [4.30e-02, 4.94e-02, -1.92e-01, -4.10e-02, 3.69e-04, -1.59e-01, -3.64e-01, 2.37e-02, 4.80e-02, -5.86e-01, -5.27e-01]
15450 [4.41e-02, 4.94e-02, -1.87e-01, -4.13e-02, 4.57e-03, -1.46e-01, -3.64e-01, 2.37e-02, 4.89e-02, -5.86e-01, -5.27e-01]
15500 [4.53e-02, 4.93e-02, -1.81e-01, -4.16e-02, 9.17e-03, -1.37e-01, -3.64e-01, 2.37e-02, 4.96e-02, -5.86e-01, -5.27e-01]
15550 [4.66e-02, 4.92e-02, -1.76e-01, -4.20e-02, 1.37e-02, -1.43e-01, -3.64e-01, 2.37e-02, 5.03e-02, -5.86e-01, -5.27e-01]
15600 [4.79e-02, 4.91e-02, -1.70e-01, -4.23e-02, 1.81e-02, -1.49e-01, -3.64e-01, 2.37e-02, 5.10e-02, -5.85e-01, -5.27e-01]
15650 [4.93e-02, 4.89e-02, -1.64e-01, -4.27e-02, 2.28e-02, -1.20e-01, -3.64e-01, 2.37e-02, 5.20e-02, -5.85e-01, -5.27e-01]
15700 [5.08e-02, 4.88e-02, -1.58e-01, -4.31e-02, 2.75e-02, -1.27e-01, -3.64e-01, 2.37e-02, 5.28e-02, -5.85e-01, -5.27e-01]
15750 [5.23e-02, 4.86e-02, -1.52e-01, -4.36e-02, 3.20e-02, -1.36e-01, -3.64e-01, 2.37e-02, 5.36e-02, -5.85e-01, -5.27e-01]
15800 [5.39e-02, 4.85e-02, -1.45e-01, -4.40e-02, 3.64e-02, -8.40e-02, -3.64e-01, 2.36e-02, 5.45e-02, -5.85e-01, -5.27e-01]
15850 [5.53e-02, 4.82e-02, -1.38e-01, -4.44e-02, 4.12e-02, -8.49e-02, -3.64e-01, 2.36e-02, 5.50e-02, -5.84e-01, -5.27e-01]
15900 [5.68e-02, 4.80e-02, -1.31e-01, -4.48e-02, 4.58e-02, -9.90e-02, -3.64e-01, 2.36e-02, 5.57e-02, -5.84e-01, -5.27e-01]
15950 [5.84e-02, 4.78e-02, -1.24e-01, -4.53e-02, 5.02e-02, -1.12e-01, -3.64e-01, 2.36e-02, 5.67e-02, -5.84e-01, -5.27e-01]
16000 [6.02e-02, 4.75e-02, -1.17e-01, -4.59e-02, 5.41e-02, -1.24e-01, -3.64e-01, 2.36e-02, 5.77e-02, -5.84e-01, -5.27e-01]
16050 [6.21e-02, 4.72e-02, -1.09e-01, -4.64e-02, 5.76e-02, -1.24e-01, -3.64e-01, 2.36e-02, 5.89e-02, -5.84e-01, -5.28e-01]
16100 [6.40e-02, 4.68e-02, -1.02e-01, -4.70e-02, 6.08e-02, -1.02e-01, -3.64e-01, 2.36e-02, 5.98e-02, -5.83e-01, -5.28e-01]
16150 [6.59e-02, 4.65e-02, -9.40e-02, -4.76e-02, 6.49e-02, -1.17e-01, -3.64e-01, 2.36e-02, 6.09e-02, -5.83e-01, -5.28e-01]
16200 [6.75e-02, 4.61e-02, -8.55e-02, -4.81e-02, 6.57e-02, -1.50e-02, -3.64e-01, 2.36e-02, 5.96e-02, -5.83e-01, -5.28e-01]
16250 [6.87e-02, 4.56e-02, -7.58e-02, -4.86e-02, 6.79e-02, -1.18e-02, -3.64e-01, 2.36e-02, 5.94e-02, -5.82e-01, -5.28e-01]
16300 [6.99e-02, 4.52e-02, -6.58e-02, -4.93e-02, 7.16e-02, -1.67e-02, -3.64e-01, 2.36e-02, 5.96e-02, -5.82e-01, -5.28e-01]
16350 [7.11e-02, 4.47e-02, -5.55e-02, -5.00e-02, 7.51e-02, -2.51e-02, -3.64e-01, 2.36e-02, 5.99e-02, -5.82e-01, -5.28e-01]
16400 [7.24e-02, 4.43e-02, -4.50e-02, -5.06e-02, 7.54e-02, -3.87e-02, -3.64e-01, 2.36e-02, 6.05e-02, -5.81e-01, -5.28e-01]
16450 [7.39e-02, 4.38e-02, -3.47e-02, -5.12e-02, 7.72e-02, -5.79e-02, -3.64e-01, 2.36e-02, 6.14e-02, -5.81e-01, -5.28e-01]
16500 [7.56e-02, 4.34e-02, -2.47e-02, -5.19e-02, 7.81e-02, -7.99e-02, -3.64e-01, 2.36e-02, 6.26e-02, -5.81e-01, -5.28e-01]
16550 [7.74e-02, 4.29e-02, -1.48e-02, -5.25e-02, 7.52e-02, -9.12e-02, -3.64e-01, 2.36e-02, 6.37e-02, -5.81e-01, -5.28e-01]
16600 [7.93e-02, 4.25e-02, -4.73e-03, -5.32e-02, 6.76e-02, -7.33e-02, -3.64e-01, 2.36e-02, 6.40e-02, -5.80e-01, -5.28e-01]
16650 [8.10e-02, 4.20e-02, 6.48e-03, -5.38e-02, 5.56e-02, -7.58e-02, -3.64e-01, 2.36e-02, 6.45e-02, -5.80e-01, -5.29e-01]
16700 [8.30e-02, 4.17e-02, 1.75e-02, -5.45e-02, 5.34e-02, -9.17e-02, -3.64e-01, 2.36e-02, 6.58e-02, -5.79e-01, -5.29e-01]
16750 [8.29e-02, 4.12e-02, 3.12e-02, -5.44e-02, 1.48e-02, 4.11e-02, -3.64e-01, 2.36e-02, 6.01e-02, -5.77e-01, -5.29e-01]
16800 [8.46e-02, 4.10e-02, 4.54e-02, -5.59e-02, 1.09e-02, 6.72e-02, -3.64e-01, 2.36e-02, 5.69e-02, -5.76e-01, -5.29e-01]
16850 [8.65e-02, 4.10e-02, 6.01e-02, -5.79e-02, 1.13e-02, 7.86e-02, -3.64e-01, 2.36e-02, 5.00e-02, -5.76e-01, -5.29e-01]
16900 [8.81e-02, 4.09e-02, 7.47e-02, -6.04e-02, 1.32e-02, 4.96e-02, -3.64e-01, 2.36e-02, 3.79e-02, -5.75e-01, -5.30e-01]
16950 [8.86e-02, 4.05e-02, 9.06e-02, -6.23e-02, 6.48e-03, 1.42e-02, -3.64e-01, 2.36e-02, 2.88e-02, -5.72e-01, -5.30e-01]
17000 [8.99e-02, 4.03e-02, 1.07e-01, -6.33e-02, 5.92e-03, 3.09e-02, -3.64e-01, 2.36e-02, 2.73e-02, -5.72e-01, -5.30e-01]
17050 [9.14e-02, 4.03e-02, 1.24e-01, -6.45e-02, 5.18e-03, 5.54e-02, -3.64e-01, 2.36e-02, 2.49e-02, -5.71e-01, -5.30e-01]
17100 [9.30e-02, 4.02e-02, 1.39e-01, -6.59e-02, 4.29e-03, 8.18e-02, -3.64e-01, 2.37e-02, 2.13e-02, -5.71e-01, -5.30e-01]
17150 [7.82e-02, 3.96e-02, 1.54e-01, -7.32e-02, 2.88e-03, -1.67e-02, -3.64e-01, 2.37e-02, -9.25e-03, -5.57e-01, -5.33e-01]
17200 [7.75e-02, 3.86e-02, 1.69e-01, -7.39e-02, 1.59e-03, -7.66e-03, -3.64e-01, 2.37e-02, -1.02e-02, -5.53e-01, -5.33e-01]
17250 [7.87e-02, 3.83e-02, 1.87e-01, -7.46e-02, 1.32e-03, -7.43e-03, -3.64e-01, 2.37e-02, -1.03e-02, -5.53e-01, -5.33e-01]
17300 [7.99e-02, 3.81e-02, 2.05e-01, -7.53e-02, 1.15e-03, -7.05e-03, -3.64e-01, 2.37e-02, -1.04e-02, -5.52e-01, -5.33e-01]
17350 [8.10e-02, 3.81e-02, 2.23e-01, -7.60e-02, 1.05e-03, -6.36e-03, -3.64e-01, 2.37e-02, -1.04e-02, -5.52e-01, -5.33e-01]
17400 [8.21e-02, 3.80e-02, 2.42e-01, -7.68e-02, 9.91e-04, -5.18e-03, -3.64e-01, 2.38e-02, -1.06e-02, -5.52e-01, -5.33e-01]
17450 [8.31e-02, 3.80e-02, 2.60e-01, -7.75e-02, 9.55e-04, -3.27e-03, -3.64e-01, 2.38e-02, -1.08e-02, -5.51e-01, -5.33e-01]
17500 [8.41e-02, 3.80e-02, 2.79e-01, -7.82e-02, 9.34e-04, -2.67e-04, -3.64e-01, 2.38e-02, -1.11e-02, -5.51e-01, -5.33e-01]
17550 [8.48e-02, 3.78e-02, 2.97e-01, -7.52e-02, 8.97e-05, 4.29e-03, -3.64e-01, 2.38e-02, -1.04e-02, -4.62e-01, -5.33e-01]
17600 [8.57e-02, 3.77e-02, 3.15e-01, -7.56e-02, -5.46e-05, 1.10e-02, -3.64e-01, 2.38e-02, -1.10e-02, -4.50e-01, -5.33e-01]
17650 [8.65e-02, 3.77e-02, 3.33e-01, -7.63e-02, -8.02e-05, 2.04e-02, -3.64e-01, 2.38e-02, -1.20e-02, -4.49e-01, -5.33e-01]
17700 [8.74e-02, 3.77e-02, 3.50e-01, -7.71e-02, -5.59e-05, 3.25e-02, -3.64e-01, 2.38e-02, -1.34e-02, -4.49e-01, -5.33e-01]
17750 [8.24e-02, 3.74e-02, 3.67e-01, -7.67e-02, 6.71e-05, 2.44e-02, -3.64e-01, 2.38e-02, -1.38e-02, -4.48e-01, -5.33e-01]
17800 [8.31e-02, 3.74e-02, 3.84e-01, -7.74e-02, 5.97e-05, 3.60e-02, -3.64e-01, 2.38e-02, -1.54e-02, -4.48e-01, -5.33e-01]
17850 [6.89e-02, 3.73e-02, 4.00e-01, -7.41e-02, -1.62e-03, -2.02e-02, -3.64e-01, 2.38e-02, -1.10e-02, -4.45e-01, -5.33e-01]
17900 [6.15e-02, 3.70e-02, 4.16e-01, -7.38e-02, -1.20e-03, -1.48e-02, -3.64e-01, 2.38e-02, -8.57e-03, -4.37e-01, -5.33e-01]
17950 [6.20e-02, 3.70e-02, 4.34e-01, -7.43e-02, -1.23e-03, -1.48e-02, -3.64e-01, 2.38e-02, -8.60e-03, -4.36e-01, -5.33e-01]
18000 [6.27e-02, 3.69e-02, 4.52e-01, -7.48e-02, -1.17e-03, -1.53e-02, -3.64e-01, 2.38e-02, -8.61e-03, -4.36e-01, -5.33e-01]
18050 [6.32e-02, 3.69e-02, 4.69e-01, -7.53e-02, -1.05e-03, -1.57e-02, -3.64e-01, 2.38e-02, -8.62e-03, -4.35e-01, -5.33e-01]
18100 [6.38e-02, 3.69e-02, 4.87e-01, -7.51e-02, -8.44e-04, -1.57e-02, -3.64e-01, 2.38e-02, -5.05e-03, -4.10e-01, -5.33e-01]
18150 [6.43e-02, 3.67e-02, 5.03e-01, -7.25e-02, 4.70e-04, -1.31e-02, -3.64e-01, 2.38e-02, 7.03e-03, -3.26e-01, -5.33e-01]
18200 [6.48e-02, 3.67e-02, 5.19e-01, -7.29e-02, 1.59e-04, -1.24e-02, -3.64e-01, 2.38e-02, 7.06e-03, -3.24e-01, -5.33e-01]
18250 [6.51e-02, 3.67e-02, 5.36e-01, -7.33e-02, -1.97e-04, -1.12e-02, -3.64e-01, 2.38e-02, 6.83e-03, -3.23e-01, -5.33e-01]
18300 [4.38e-02, 3.65e-02, 5.49e-01, -7.02e-02, -4.10e-04, 9.50e-04, -3.64e-01, 2.38e-02, 5.69e-03, -3.22e-01, -5.33e-01]
18350 [4.37e-02, 3.65e-02, 5.65e-01, -7.03e-02, -9.75e-04, 3.91e-03, -3.64e-01, 2.38e-02, 4.84e-03, -3.21e-01, -5.33e-01]
18400 [4.40e-02, 3.65e-02, 5.81e-01, -7.05e-02, -1.77e-03, 7.59e-03, -3.64e-01, 2.38e-02, 3.92e-03, -3.20e-01, -5.33e-01]
18450 [4.42e-02, 3.65e-02, 5.96e-01, -7.07e-02, -2.64e-03, 1.16e-02, -3.64e-01, 2.38e-02, 2.87e-03, -3.19e-01, -5.33e-01]
18500 [4.32e-02, 3.64e-02, 6.11e-01, -7.04e-02, 1.88e-03, 3.87e-03, -3.64e-01, 2.38e-02, 3.17e-03, -3.18e-01, -5.33e-01]
18550 [4.32e-02, 3.64e-02, 6.25e-01, -7.04e-02, 6.28e-04, 6.53e-03, -3.64e-01, 2.39e-02, 2.20e-03, -3.17e-01, -5.33e-01]
18600 [4.22e-02, 3.64e-02, 6.39e-01, -7.02e-02, -1.42e-03, -9.21e-04, -3.64e-01, 2.39e-02, 2.19e-03, -3.15e-01, -5.33e-01]
18650 [3.39e-02, 3.63e-02, 6.51e-01, -6.46e-02, -3.54e-03, -1.15e-02, -3.64e-01, 2.39e-02, -1.17e-02, -2.97e-01, -5.34e-01]
18700 [3.37e-02, 3.63e-02, 6.65e-01, -6.53e-02, -4.82e-03, 8.45e-05, -3.64e-01, 2.39e-02, -4.68e-03, -2.86e-01, -5.34e-01]
18750 [3.33e-02, 3.62e-02, 6.77e-01, -6.64e-02, -5.76e-03, 1.23e-02, -3.64e-01, 2.39e-02, 3.06e-03, -2.69e-01, -5.34e-01]
18800 [-2.87e-03, 3.54e-02, 6.64e-01, -6.81e-02, 4.90e-03, 1.17e-02, -3.64e-01, 2.40e-02, -3.85e-02, -1.37e-01, -4.36e-01]
18850 [-9.03e-03, 3.54e-02, 6.72e-01, -6.18e-02, 2.59e-03, 1.10e-03, -3.64e-01, 2.41e-02, -3.59e-02, -1.15e-01, -4.32e-01]
18900 [-9.35e-03, 3.54e-02, 6.85e-01, -6.13e-02, -2.91e-04, 2.75e-03, -3.64e-01, 2.41e-02, -3.65e-02, -1.13e-01, -4.32e-01]
18950 [-9.65e-03, 3.55e-02, 6.98e-01, -6.09e-02, -3.71e-03, 4.56e-03, -3.64e-01, 2.41e-02, -3.72e-02, -1.13e-01, -4.32e-01]
19000 [-9.94e-03, 3.55e-02, 7.11e-01, -6.06e-02, -7.20e-03, 6.40e-03, -3.64e-01, 2.41e-02, -3.79e-02, -1.12e-01, -4.32e-01]
19050 [-1.02e-02, 3.55e-02, 7.23e-01, -6.02e-02, -1.07e-02, 8.24e-03, -3.64e-01, 2.42e-02, -3.86e-02, -1.11e-01, -4.32e-01]
19100 [-1.05e-02, 3.55e-02, 7.35e-01, -5.98e-02, -1.41e-02, 1.01e-02, -3.64e-01, 2.42e-02, -3.94e-02, -1.10e-01, -4.32e-01]
19150 [-1.08e-02, 3.55e-02, 7.47e-01, -5.94e-02, -1.75e-02, 1.19e-02, -3.64e-01, 2.42e-02, -4.02e-02, -1.09e-01, -4.32e-01]
19200 [-1.10e-02, 3.55e-02, 7.57e-01, -5.91e-02, -2.10e-02, 1.38e-02, -3.64e-01, 2.42e-02, -4.10e-02, -1.08e-01, -4.32e-01]
19250 [-1.13e-02, 3.54e-02, 7.67e-01, -5.86e-02, -6.69e-03, 1.56e-02, -3.64e-01, 2.43e-02, -4.18e-02, -1.07e-01, -4.32e-01]
19300 [-1.15e-02, 3.54e-02, 7.77e-01, -5.82e-02, -1.27e-02, 1.74e-02, -3.64e-01, 2.43e-02, -4.27e-02, -1.06e-01, -4.32e-01]
19350 [-1.18e-02, 3.54e-02, 7.87e-01, -5.78e-02, -1.68e-02, 1.93e-02, -3.64e-01, 2.43e-02, -4.36e-02, -1.05e-01, -4.32e-01]
19400 [-1.20e-02, 3.53e-02, 7.96e-01, -5.74e-02, -2.12e-02, 2.11e-02, -3.64e-01, 2.44e-02, -4.46e-02, -1.04e-01, -4.32e-01]
19450 [-1.23e-02, 3.53e-02, 8.05e-01, -5.70e-02, -2.56e-02, 2.29e-02, -3.64e-01, 2.44e-02, -4.55e-02, -1.03e-01, -4.32e-01]
19500 [-1.25e-02, 3.53e-02, 8.14e-01, -5.66e-02, -3.00e-02, 2.48e-02, -3.64e-01, 2.44e-02, -4.65e-02, -1.02e-01, -4.32e-01]
19550 [-1.22e-02, 3.53e-02, 8.22e-01, -5.48e-02, -3.46e-02, 2.46e-02, -3.64e-01, 2.45e-02, -4.82e-02, -6.94e-02, -4.32e-01]
19600 [-5.62e-03, 3.53e-02, 8.27e-01, -5.19e-02, -3.34e-02, -1.67e-03, -3.64e-01, 2.45e-02, -4.85e-02, -2.28e-02, -4.32e-01]
19650 [-5.67e-03, 3.53e-02, 8.35e-01, -5.17e-02, 1.92e-02, -8.54e-05, -3.64e-01, 2.46e-02, -4.88e-02, -2.21e-02, -4.32e-01]
19700 [-5.80e-03, 3.53e-02, 8.43e-01, -5.14e-02, 4.90e-03, 1.69e-03, -3.64e-01, 2.46e-02, -4.91e-02, -2.18e-02, -4.32e-01]
19750 [3.25e-03, 3.52e-02, 8.45e-01, -4.99e-02, -6.19e-04, -1.88e-03, -3.64e-01, 2.47e-02, -4.98e-02, -2.14e-02, -4.32e-01]
19800 [7.33e-03, 3.52e-02, 8.48e-01, -4.64e-02, -4.44e-03, 1.27e-03, -3.64e-01, 2.47e-02, -5.00e-02, -2.11e-02, -4.32e-01]
19850 [5.86e-03, 3.52e-02, 8.55e-01, -4.59e-02, 2.55e-03, 2.27e-03, -3.64e-01, 2.48e-02, -5.02e-02, -2.08e-02, -4.32e-01]
19900 [1.36e-03, 3.51e-02, 8.61e-01, -4.49e-02, -5.15e-03, 4.81e-04, -3.64e-01, 2.49e-02, -5.02e-02, -2.06e-02, -4.32e-01]
19950 [-3.44e-03, 3.51e-02, 8.65e-01, -4.32e-02, -1.14e-02, 4.18e-05, -3.64e-01, 2.49e-02, -5.02e-02, -1.87e-02, -4.32e-01]
20000 [-3.14e-03, 3.50e-02, 8.63e-01, -3.54e-02, -1.35e-02, 1.19e-03, -3.64e-01, 2.50e-02, -5.05e-02, -1.57e-02, -4.32e-01]
20000 [-3.14e-03, 3.50e-02, 8.63e-01, -3.54e-02, -1.35e-02, 1.19e-03, -3.64e-01, 2.50e-02, -5.05e-02, -1.57e-02, -4.32e-01]
20050 [1.44e-01, -1.09e-02, 7.50e-01, -7.12e-02, 8.66e-03, -1.33e-01, -3.79e-01, -1.69e-02, -1.41e-02, 2.22e-03, -3.25e-01]
20100 [1.47e-01, -1.35e-02, 7.44e-01, -7.38e-02, 5.70e-03, -1.37e-01, -3.79e-01, -1.74e-02, -1.13e-02, 1.74e-03, -3.24e-01]
20150 [1.47e-01, -1.60e-02, 7.42e-01, -7.38e-02, 5.40e-03, -1.37e-01, -3.79e-01, -1.74e-02, -1.13e-02, 1.75e-03, -3.24e-01]
20200 [1.48e-01, -1.93e-02, 7.39e-01, -7.39e-02, 5.22e-03, -1.37e-01, -3.79e-01, -1.74e-02, -1.12e-02, 1.78e-03, -3.24e-01]
20250 [1.48e-01, -2.22e-02, 7.37e-01, -7.39e-02, 5.08e-03, -1.37e-01, -3.79e-01, -1.74e-02, -1.11e-02, 1.81e-03, -3.24e-01]
20300 [1.48e-01, -2.49e-02, 7.35e-01, -7.40e-02, 4.96e-03, -1.37e-01, -3.79e-01, -1.74e-02, -1.11e-02, 1.85e-03, -3.24e-01]
20350 [1.45e-01, -2.78e-02, 7.34e-01, -7.42e-02, 4.83e-03, -1.37e-01, -3.79e-01, -1.74e-02, -1.10e-02, 1.90e-03, -3.24e-01]
20400 [1.31e-01, -3.06e-02, 7.32e-01, -7.50e-02, 4.64e-03, -1.36e-01, -3.79e-01, -1.73e-02, -1.07e-02, 1.95e-03, -3.24e-01]
20450 [1.31e-01, -3.33e-02, 7.31e-01, -7.51e-02, 4.41e-03, -1.36e-01, -3.79e-01, -1.73e-02, -1.06e-02, 2.00e-03, -3.24e-01]
20500 [1.31e-01, -3.47e-02, 7.32e-01, -7.52e-02, 4.11e-03, -1.37e-01, -3.79e-01, -1.73e-02, -1.05e-02, 2.06e-03, -3.24e-01]
20550 [1.31e-01, -3.60e-02, 7.32e-01, -7.53e-02, 3.77e-03, -1.37e-01, -3.79e-01, -1.73e-02, -1.04e-02, 2.12e-03, -3.24e-01]
20600 [1.08e-01, -3.72e-02, 7.30e-01, -8.01e-02, 3.45e-03, -1.22e-01, -3.79e-01, -1.71e-02, -6.03e-03, 2.07e-03, -3.24e-01]
20650 [1.07e-01, -3.84e-02, 7.32e-01, -8.03e-02, 3.23e-03, -1.21e-01, -3.79e-01, -1.71e-02, -5.75e-03, 2.10e-03, -3.24e-01]
20700 [1.07e-01, -3.95e-02, 7.34e-01, -8.04e-02, 3.06e-03, -1.21e-01, -3.79e-01, -1.71e-02, -5.68e-03, 2.13e-03, -3.24e-01]
20750 [1.07e-01, -4.06e-02, 7.35e-01, -8.04e-02, 2.90e-03, -1.21e-01, -3.79e-01, -1.71e-02, -5.58e-03, 2.17e-03, -3.24e-01]
20800 [1.07e-01, -4.14e-02, 7.38e-01, -8.05e-02, 2.74e-03, -1.21e-01, -3.79e-01, -1.71e-02, -5.48e-03, 2.20e-03, -3.24e-01]
20850 [8.74e-02, -4.20e-02, 7.35e-01, -8.40e-02, 2.57e-03, -1.00e-01, -3.79e-01, -1.70e-02, -1.75e-03, 2.08e-03, -3.24e-01]
20900 [7.83e-02, -4.26e-02, 7.37e-01, -8.51e-02, 2.50e-03, -9.13e-02, -3.79e-01, -1.70e-02, -6.48e-04, 2.02e-03, -3.24e-01]
20950 [7.83e-02, -4.31e-02, 7.40e-01, -8.51e-02, 2.47e-03, -9.13e-02, -3.79e-01, -1.70e-02, -6.30e-04, 2.00e-03, -3.24e-01]
21000 [7.85e-02, -4.36e-02, 7.44e-01, -8.51e-02, 2.43e-03, -9.15e-02, -3.79e-01, -1.70e-02, -6.22e-04, 1.99e-03, -3.24e-01]
21050 [7.86e-02, -4.41e-02, 7.47e-01, -8.51e-02, 2.39e-03, -9.17e-02, -3.79e-01, -1.70e-02, -6.13e-04, 1.98e-03, -3.24e-01]
21100 [7.88e-02, -4.46e-02, 7.51e-01, -8.51e-02, 2.34e-03, -9.18e-02, -3.79e-01, -1.70e-02, -6.04e-04, 1.96e-03, -3.24e-01]
21150 [7.89e-02, -4.51e-02, 7.55e-01, -8.51e-02, 2.29e-03, -9.20e-02, -3.79e-01, -1.70e-02, -5.95e-04, 1.95e-03, -3.24e-01]
21200 [7.91e-02, -4.56e-02, 7.59e-01, -8.51e-02, 2.23e-03, -9.21e-02, -3.79e-01, -1.70e-02, -5.82e-04, 1.93e-03, -3.24e-01]
21250 [7.90e-02, -4.61e-02, 7.63e-01, -8.51e-02, 2.17e-03, -9.21e-02, -3.79e-01, -1.70e-02, -5.68e-04, 1.91e-03, -3.24e-01]
21300 [4.08e-02, -4.67e-02, 7.56e-01, -8.39e-02, 2.07e-03, -5.50e-02, -3.79e-01, -1.70e-02, -1.79e-03, 1.61e-03, -3.24e-01]
21350 [3.99e-02, -4.70e-02, 7.61e-01, -8.38e-02, 1.78e-03, -5.41e-02, -3.79e-01, -1.70e-02, -1.88e-03, 1.58e-03, -3.24e-01]
21400 [3.99e-02, -4.74e-02, 7.66e-01, -8.37e-02, 1.39e-03, -5.40e-02, -3.79e-01, -1.70e-02, -1.89e-03, 1.56e-03, -3.24e-01]
21450 [3.99e-02, -4.77e-02, 7.72e-01, -8.37e-02, 9.42e-04, -5.40e-02, -3.79e-01, -1.70e-02, -1.89e-03, 1.53e-03, -3.24e-01]
21500 [3.99e-02, -4.80e-02, 7.77e-01, -8.37e-02, 4.53e-04, -5.39e-02, -3.79e-01, -1.70e-02, -1.88e-03, 1.50e-03, -3.24e-01]
21550 [3.99e-02, -4.84e-02, 7.82e-01, -8.38e-02, -1.07e-04, -5.38e-02, -3.79e-01, -1.69e-02, -1.87e-03, 1.47e-03, -3.24e-01]
21600 [3.98e-02, -4.87e-02, 7.88e-01, -8.38e-02, -7.17e-04, -5.37e-02, -3.79e-01, -1.69e-02, -1.86e-03, 1.44e-03, -3.24e-01]
21650 [3.98e-02, -4.90e-02, 7.93e-01, -8.38e-02, -1.37e-03, -5.36e-02, -3.79e-01, -1.69e-02, -1.83e-03, 1.41e-03, -3.24e-01]
21700 [3.98e-02, -4.93e-02, 7.98e-01, -8.38e-02, -2.07e-03, -5.35e-02, -3.79e-01, -1.69e-02, -1.80e-03, 1.38e-03, -3.23e-01]
21750 [3.97e-02, -4.95e-02, 8.04e-01, -8.38e-02, -2.83e-03, -5.34e-02, -3.79e-01, -1.69e-02, -1.75e-03, 1.34e-03, -3.23e-01]
21800 [3.97e-02, -4.97e-02, 8.09e-01, -8.39e-02, -3.65e-03, -5.33e-02, -3.79e-01, -1.69e-02, -1.69e-03, 1.31e-03, -3.23e-01]
21850 [3.96e-02, -4.94e-02, 8.14e-01, -8.39e-02, -4.57e-03, -5.32e-02, -3.79e-01, -1.69e-02, -1.61e-03, 1.28e-03, -3.23e-01]
21900 [-4.36e-02, -5.04e-02, 7.63e-01, -4.55e-02, -6.40e-03, 3.84e-02, -3.79e-01, -1.49e-02, -2.79e-02, 5.31e-04, -3.21e-01]
21950 [-4.19e-02, -5.12e-02, 7.63e-01, -3.85e-02, -8.97e-03, 4.17e-02, -3.79e-01, -1.42e-02, -3.07e-02, 5.34e-04, -3.21e-01]
22000 [-4.24e-02, -5.19e-02, 7.70e-01, -3.84e-02, -1.03e-02, 4.23e-02, -3.79e-01, -1.41e-02, -3.06e-02, 5.09e-04, -3.21e-01]
22050 [-4.29e-02, -5.16e-02, 7.77e-01, -3.83e-02, 3.38e-04, 4.30e-02, -3.79e-01, -1.40e-02, -3.05e-02, 4.78e-04, -3.21e-01]
22100 [-4.34e-02, -5.14e-02, 7.84e-01, -3.83e-02, -2.01e-03, 4.37e-02, -3.79e-01, -1.39e-02, -3.03e-02, 5.78e-04, -3.21e-01]
22150 [1.28e-02, -5.07e-02, 7.58e-01, -2.58e-02, -4.46e-03, -1.10e-03, -3.79e-01, -1.32e-02, -3.90e-02, 5.20e-04, -3.20e-01]
22200 [1.24e-02, -4.94e-02, 7.66e-01, -2.57e-02, -1.66e-03, -2.02e-03, -3.79e-01, -1.30e-02, -3.85e-02, 3.18e-04, -3.20e-01]
22250 [1.21e-02, -4.78e-02, 7.77e-01, -2.60e-02, -1.69e-03, -1.46e-03, -3.79e-01, -1.29e-02, -3.78e-02, 2.15e-04, -3.20e-01]
22300 [1.18e-02, -4.64e-02, 7.88e-01, -2.64e-02, -3.25e-03, -8.77e-04, -3.79e-01, -1.28e-02, -3.70e-02, 6.64e-05, -3.20e-01]
22350 [1.15e-02, -4.50e-02, 7.98e-01, -2.68e-02, -3.05e-03, -2.87e-04, -3.79e-01, -1.27e-02, -3.60e-02, -1.81e-05, -3.20e-01]
22400 [1.12e-02, -4.41e-02, 8.08e-01, -2.73e-02, 1.07e-03, 3.11e-04, -3.79e-01, -1.25e-02, -3.50e-02, -7.81e-05, -3.20e-01]
22450 [1.09e-02, -4.29e-02, 8.17e-01, -2.78e-02, -3.72e-04, 9.19e-04, -3.79e-01, -1.23e-02, -3.38e-02, -1.26e-04, -3.20e-01]
22500 [1.07e-02, -4.19e-02, 8.26e-01, -2.84e-02, -1.70e-03, 1.54e-03, -3.79e-01, -1.22e-02, -3.25e-02, -1.84e-04, -3.20e-01]
22550 [-1.05e-03, -4.10e-02, 8.19e-01, -2.82e-02, -2.90e-03, 6.75e-04, -3.79e-01, -1.20e-02, -3.09e-02, -2.88e-04, -3.20e-01]
22600 [-1.39e-03, -4.03e-02, 7.78e-01, -2.29e-02, -3.53e-03, -3.05e-04, -3.79e-01, -1.16e-02, -2.88e-02, -7.65e-04, -3.20e-01]
22650 [-1.55e-03, -3.95e-02, 7.89e-01, -2.35e-02, 4.17e-06, 4.02e-04, -3.79e-01, -1.15e-02, -2.72e-02, -7.90e-04, -3.20e-01]
22700 [-1.99e-03, -3.87e-02, 8.01e-01, -2.41e-02, -8.82e-04, 1.09e-03, -3.79e-01, -1.13e-02, -2.54e-02, -6.77e-04, -3.20e-01]
22750 [2.25e-03, -3.79e-02, 7.91e-01, -2.48e-02, -1.73e-03, -7.58e-04, -3.79e-01, -1.11e-02, -2.36e-02, -2.73e-04, -3.20e-01]
22800 [-6.98e-03, -3.73e-02, 7.53e-01, -2.18e-02, 3.53e-05, 2.05e-03, -3.79e-01, -1.08e-02, -2.28e-02, -4.70e-04, -3.20e-01]
22850 [-8.26e-03, -3.66e-02, 7.68e-01, -2.22e-02, -5.55e-04, 3.06e-03, -3.79e-01, -1.06e-02, -2.08e-02, -4.69e-04, -3.20e-01]
22900 [3.17e-03, -3.59e-02, 7.74e-01, -2.19e-02, -1.29e-03, -8.60e-04, -3.79e-01, -1.04e-02, -1.91e-02, -4.59e-04, -3.20e-01]
22950 [-2.68e-02, -3.59e-02, 6.84e-01, -8.08e-03, -1.42e-03, 1.80e-02, -3.79e-01, -7.66e-03, -1.29e-02, -2.65e-04, -3.17e-01]
23000 [-2.75e-02, -3.55e-02, 7.02e-01, -7.49e-03, -2.00e-03, 1.74e-02, -3.79e-01, -7.40e-03, -1.13e-02, -2.60e-04, -3.17e-01]
23050 [4.19e-03, -3.45e-02, 7.01e-01, -6.07e-03, -2.36e-03, -5.18e-03, -3.79e-01, -7.11e-03, -1.07e-02, -4.06e-04, -3.17e-01]
23100 [4.22e-03, -3.38e-02, 7.22e-01, -6.75e-03, -3.50e-04, -4.45e-03, -3.79e-01, -6.97e-03, -8.36e-03, -4.40e-04, -3.17e-01]
23150 [3.55e-03, -3.35e-02, 7.44e-01, -7.49e-03, 9.01e-04, -3.63e-03, -3.79e-01, -6.83e-03, -5.88e-03, -2.55e-04, -3.17e-01]
23200 [2.85e-03, -3.31e-02, 7.63e-01, -8.26e-03, 6.16e-04, -2.72e-03, -3.79e-01, -6.68e-03, -3.20e-03, -2.27e-04, -3.17e-01]
23250 [-1.98e-03, -3.24e-02, 6.73e-01, -8.29e-03, 3.48e-04, 2.85e-03, -3.79e-01, -6.47e-03, -1.07e-03, -1.12e-03, -3.16e-01]
23300 [-2.67e-03, -3.20e-02, 6.99e-01, -8.79e-03, -1.69e-04, 4.50e-03, -3.79e-01, -6.33e-03, 1.65e-03, -6.66e-04, -3.16e-01]
23350 [-3.65e-03, -3.16e-02, 7.25e-01, -9.46e-03, -3.90e-04, 5.55e-03, -3.79e-01, -6.20e-03, 4.43e-03, -5.63e-04, -3.16e-01]
23400 [9.12e-03, -3.12e-02, 6.99e-01, -9.18e-03, -6.69e-04, -1.28e-02, -3.79e-01, -6.01e-03, 5.94e-03, -5.75e-04, -3.16e-01]
23450 [-5.23e-03, -3.08e-02, 6.78e-01, -7.83e-03, -9.14e-04, -5.29e-04, -3.79e-01, -5.70e-03, 6.76e-03, -1.30e-03, -3.15e-01]
23500 [-6.29e-03, -3.06e-02, 7.08e-01, -8.34e-03, 4.93e-04, 4.82e-04, -3.79e-01, -5.59e-03, 9.69e-03, -1.19e-03, -3.15e-01]
23550 [3.85e-03, -3.04e-02, 7.00e-01, -7.21e-03, 2.25e-04, -1.64e-03, -3.79e-01, -5.31e-03, 1.26e-02, -5.31e-04, -3.15e-01]
23600 [-3.11e-03, -3.02e-02, 7.01e-01, -4.24e-03, 5.44e-05, 1.53e-03, -3.79e-01, -4.82e-03, 1.56e-02, -5.38e-04, -3.15e-01]
23650 [3.55e-05, -3.01e-02, 7.20e-01, -4.56e-03, 3.26e-04, -2.59e-03, -3.79e-01, -4.69e-03, 1.86e-02, -2.58e-04, -3.15e-01]
23700 [1.76e-03, -3.02e-02, 6.63e-01, 2.39e-03, -4.16e-03, 1.67e-02, -3.79e-01, -4.38e-03, -2.13e-03, -3.72e-03, -3.09e-01]
23750 [-6.08e-03, -2.97e-02, 6.78e-01, 1.49e-03, -3.75e-03, -7.40e-03, -3.79e-01, -4.27e-03, -4.09e-04, -3.86e-03, -3.09e-01]
23800 [-6.24e-03, -2.95e-02, 7.11e-01, 9.21e-04, -1.87e-03, -6.01e-03, -3.79e-01, -4.19e-03, 3.05e-03, -2.99e-03, -3.09e-01]
23850 [-9.62e-03, -2.92e-02, 5.96e-01, 1.99e-03, 6.03e-03, -7.04e-03, -3.79e-01, 3.64e-04, 2.91e-03, 4.66e-04, -3.09e-01]
23900 [-1.17e-02, -2.85e-02, 6.40e-01, 2.08e-03, 5.62e-03, -5.24e-03, -3.79e-01, 6.13e-04, 6.09e-03, 3.81e-04, -3.09e-01]
23950 [-1.37e-02, -2.83e-02, 6.82e-01, 1.62e-03, 5.28e-03, -4.06e-03, -3.79e-01, 6.72e-04, 9.48e-03, 3.57e-04, -3.09e-01]
24000 [1.46e-02, -2.84e-02, 6.63e-01, 6.29e-04, -3.08e-03, 7.93e-03, -3.79e-01, 7.50e-04, 1.28e-02, 3.19e-04, -3.08e-01]
24050 [9.23e-03, -2.78e-02, 5.94e-01, -9.49e-03, 1.80e-04, -2.23e-02, -3.79e-01, 1.47e-03, 5.51e-04, -1.77e-03, -3.04e-01]
24100 [7.39e-03, -2.74e-02, 6.44e-01, -1.00e-02, 1.57e-04, -2.14e-02, -3.79e-01, 1.52e-03, 4.15e-03, -1.58e-03, -3.04e-01]
24150 [-4.38e-03, -2.75e-02, 6.47e-01, -1.05e-02, 8.56e-05, 1.60e-02, -3.79e-01, 1.58e-03, 6.54e-03, 1.19e-03, -3.03e-01]
24200 [-5.57e-03, -2.76e-02, 6.81e-01, -1.07e-02, -2.40e-04, 1.12e-02, -3.79e-01, 1.64e-03, 9.03e-03, 1.90e-03, -3.03e-01]
24250 [1.90e-03, -2.73e-02, 6.04e-01, -9.00e-03, -2.79e-04, 1.52e-03, -3.79e-01, 1.78e-03, 8.20e-03, 1.02e-03, -3.02e-01]
24300 [-1.97e-02, -2.68e-02, 6.12e-01, -6.33e-03, 1.15e-03, 1.88e-02, -3.79e-01, 1.97e-03, 8.32e-03, 2.30e-04, -3.01e-01]
24350 [1.77e-02, -2.66e-02, 6.31e-01, -1.74e-04, -1.35e-03, -1.48e-02, -3.79e-01, 2.32e-03, 6.17e-03, -3.65e-04, -3.01e-01]
24400 [9.41e-03, -2.67e-02, 6.74e-01, -9.78e-04, -1.38e-03, -1.01e-02, -3.79e-01, 2.38e-03, 1.02e-02, -2.66e-04, -3.01e-01]
24450 [2.05e-03, -2.69e-02, 6.41e-01, 1.87e-03, -3.33e-03, 5.47e-04, -3.79e-01, 2.56e-03, 1.17e-02, -4.95e-04, -3.01e-01]
24500 [3.70e-03, -2.70e-02, 6.72e-01, 2.49e-03, -2.80e-03, -4.91e-03, -3.79e-01, 2.65e-03, 1.52e-02, 2.10e-05, -3.01e-01]
24550 [-3.85e-03, -2.72e-02, 6.84e-01, 2.14e-03, -2.70e-03, 5.12e-03, -3.79e-01, 2.69e-03, 1.99e-02, 8.75e-05, -3.01e-01]
24600 [9.33e-03, -2.59e-02, 5.52e-01, 8.23e-03, -6.82e-04, -7.46e-04, -3.79e-01, 2.94e-03, 9.89e-03, -9.53e-04, -3.00e-01]
24650 [9.31e-03, -2.56e-02, 6.20e-01, 7.68e-03, 5.13e-04, 1.04e-03, -3.79e-01, 2.96e-03, 1.37e-02, -8.88e-04, -3.00e-01]
24700 [7.93e-03, -2.60e-02, 6.78e-01, 7.28e-03, 3.87e-04, 3.12e-03, -3.79e-01, 2.99e-03, 1.82e-02, 1.35e-04, -3.00e-01]
24750 [4.05e-02, -1.62e-02, 5.65e-02, -4.61e-02, 1.02e-02, -3.95e-02, -3.80e-01, -9.27e-02, 4.53e-02, -4.16e-02, 1.42e-01]
24800 [9.77e-02, 5.99e-03, -5.86e-02, -5.43e-02, -6.22e-03, 4.90e-02, -3.80e-01, -4.45e-02, 7.57e-03, -4.62e-02, 2.43e-01]
24850 [1.07e-01, 3.10e-03, 2.81e-02, -5.93e-02, -1.06e-02, 5.83e-02, -3.80e-01, -4.37e-02, 3.36e-03, -7.41e-03, 2.44e-01]
24900 [1.16e-01, -3.73e-03, 1.06e-01, -6.31e-02, -1.55e-02, 6.71e-02, -3.80e-01, -4.33e-02, 1.27e-03, -4.45e-03, 2.44e-01]
24950 [8.59e-02, -9.89e-03, 1.69e-01, -6.68e-02, 5.47e-03, 7.38e-02, -3.80e-01, -4.05e-02, -9.07e-04, 1.68e-02, 2.44e-01]
25000 [5.85e-02, -1.48e-02, 2.33e-01, -6.64e-02, 2.71e-03, 7.63e-02, -3.80e-01, -3.86e-02, -1.47e-03, 1.83e-02, 2.44e-01]
25000 [5.85e-02, -1.48e-02, 2.33e-01, -6.64e-02, 2.71e-03, 7.63e-02, -3.80e-01, -3.86e-02, -1.47e-03, 1.83e-02, 2.44e-01]
25050 [-7.31e-02, 2.66e-02, 1.09e-01, -3.09e-03, 4.80e-03, -5.74e-02, -3.39e-01, 5.49e-02, 5.75e-02, -6.14e-03, 1.24e-01]
25100 [-7.53e-02, 2.43e-02, 1.11e-01, 1.11e-03, -3.19e-03, -6.06e-02, -3.39e-01, 5.59e-02, 5.89e-02, -6.31e-03, 1.23e-01]
25150 [-7.64e-02, 2.34e-02, 1.17e-01, 1.40e-03, -3.36e-03, -6.16e-02, -3.39e-01, 5.59e-02, 5.92e-02, -6.28e-03, 1.23e-01]
25200 [-7.77e-02, 2.26e-02, 1.24e-01, 1.69e-03, -3.47e-03, -6.29e-02, -3.39e-01, 5.59e-02, 5.97e-02, -6.24e-03, 1.23e-01]
25250 [-7.91e-02, 2.18e-02, 1.31e-01, 2.02e-03, -3.59e-03, -6.44e-02, -3.39e-01, 5.60e-02, 6.03e-02, -6.20e-03, 1.23e-01]
25300 [-8.07e-02, 2.10e-02, 1.40e-01, 2.40e-03, -3.73e-03, -6.60e-02, -3.39e-01, 5.60e-02, 6.10e-02, -6.14e-03, 1.23e-01]
25350 [-8.24e-02, 2.01e-02, 1.49e-01, 2.82e-03, -3.88e-03, -6.78e-02, -3.39e-01, 5.60e-02, 6.17e-02, -6.09e-03, 1.23e-01]
25400 [-8.42e-02, 1.93e-02, 1.59e-01, 3.29e-03, -4.05e-03, -6.97e-02, -3.39e-01, 5.60e-02, 6.26e-02, -6.02e-03, 1.23e-01]
25450 [-8.60e-02, 1.85e-02, 1.69e-01, 3.79e-03, -4.24e-03, -7.17e-02, -3.39e-01, 5.61e-02, 6.36e-02, -5.94e-03, 1.22e-01]
25500 [-8.80e-02, 1.77e-02, 1.80e-01, 4.33e-03, -4.44e-03, -7.38e-02, -3.39e-01, 5.61e-02, 6.47e-02, -5.86e-03, 1.22e-01]
25550 [-9.00e-02, 1.70e-02, 1.91e-01, 4.91e-03, -4.65e-03, -7.60e-02, -3.39e-01, 5.61e-02, 6.58e-02, -5.77e-03, 1.22e-01]
25600 [-9.21e-02, 1.63e-02, 2.03e-01, 5.52e-03, -4.87e-03, -7.83e-02, -3.39e-01, 5.61e-02, 6.71e-02, -5.67e-03, 1.22e-01]
25650 [-9.42e-02, 1.57e-02, 2.14e-01, 6.15e-03, -5.11e-03, -8.07e-02, -3.39e-01, 5.62e-02, 6.84e-02, -5.56e-03, 1.22e-01]
25700 [-9.63e-02, 1.52e-02, 2.26e-01, 6.81e-03, -5.36e-03, -8.31e-02, -3.39e-01, 5.62e-02, 6.98e-02, -5.44e-03, 1.22e-01]
25750 [-9.84e-02, 1.47e-02, 2.39e-01, 7.48e-03, -5.61e-03, -8.56e-02, -3.39e-01, 5.62e-02, 7.14e-02, -5.32e-03, 1.22e-01]
25800 [-1.01e-01, 1.13e-02, 2.50e-01, 8.18e-03, -5.86e-03, -8.80e-02, -3.39e-01, 5.63e-02, 7.29e-02, -5.19e-03, 1.22e-01]
25850 [-1.03e-01, 1.11e-02, 2.63e-01, 8.96e-03, -6.17e-03, -9.04e-02, -3.39e-01, 5.63e-02, 7.37e-02, -5.06e-03, 1.22e-01]
25900 [-1.05e-01, 1.12e-02, 2.75e-01, 9.85e-03, -6.53e-03, -9.28e-02, -3.39e-01, 5.64e-02, 7.43e-02, -4.91e-03, 1.22e-01]
25950 [-1.07e-01, 1.14e-02, 2.88e-01, 1.08e-02, -6.92e-03, -9.51e-02, -3.39e-01, 5.64e-02, 7.50e-02, -4.76e-03, 1.22e-01]
26000 [-1.09e-01, 1.17e-02, 3.01e-01, 1.18e-02, -7.32e-03, -9.75e-02, -3.39e-01, 5.65e-02, 7.57e-02, -4.59e-03, 1.22e-01]
26050 [-1.11e-01, 1.20e-02, 3.14e-01, 1.28e-02, -7.73e-03, -9.99e-02, -3.39e-01, 5.65e-02, 7.65e-02, -4.42e-03, 1.22e-01]
26100 [-1.13e-01, 1.22e-02, 3.27e-01, 1.38e-02, -8.16e-03, -1.02e-01, -3.39e-01, 5.66e-02, 7.72e-02, -4.23e-03, 1.22e-01]
26150 [-1.15e-01, 1.16e-02, 3.40e-01, 1.48e-02, -8.58e-03, -1.05e-01, -3.39e-01, 5.67e-02, 7.80e-02, -4.04e-03, 1.22e-01]
26200 [-1.17e-01, 1.10e-02, 3.53e-01, 1.59e-02, -9.04e-03, -1.07e-01, -3.39e-01, 5.67e-02, 7.87e-02, -3.84e-03, 1.22e-01]
26250 [-1.03e-01, 9.46e-03, 3.61e-01, 2.04e-02, -9.41e-03, -1.05e-01, -3.39e-01, 5.75e-02, 8.09e-02, -3.64e-03, 1.22e-01]
26300 [-1.02e-01, 8.77e-03, 3.74e-01, 2.12e-02, -9.58e-03, -1.06e-01, -3.39e-01, 5.76e-02, 8.12e-02, -3.56e-03, 1.22e-01]
26350 [-1.04e-01, 8.42e-03, 3.88e-01, 2.16e-02, -9.79e-03, -1.08e-01, -3.39e-01, 5.76e-02, 8.13e-02, -3.47e-03, 1.22e-01]
26400 [-6.54e-02, 2.77e-03, 3.74e-01, 2.26e-02, -9.74e-03, -8.06e-02, -3.39e-01, 5.74e-02, 8.18e-02, -3.30e-03, 1.22e-01]
26450 [-6.11e-02, -1.44e-02, 3.78e-01, 2.11e-02, -9.15e-03, -7.62e-02, -3.39e-01, 5.73e-02, 8.06e-02, -3.49e-03, 1.22e-01]
26500 [-6.38e-02, -2.36e-02, 3.91e-01, 2.03e-02, -8.72e-03, -7.81e-02, -3.39e-01, 5.72e-02, 7.98e-02, -3.70e-03, 1.22e-01]
26550 [-6.65e-02, -2.38e-02, 4.06e-01, 1.96e-02, -8.45e-03, -8.01e-02, -3.39e-01, 5.72e-02, 7.88e-02, -3.87e-03, 1.22e-01]
26600 [-6.91e-02, -1.64e-02, 4.23e-01, 1.91e-02, -8.26e-03, -8.21e-02, -3.39e-01, 5.72e-02, 7.80e-02, -4.01e-03, 1.22e-01]
26650 [-7.16e-02, -9.86e-03, 4.41e-01, 1.87e-02, -8.11e-03, -8.40e-02, -3.39e-01, 5.72e-02, 7.73e-02, -4.12e-03, 1.22e-01]
26700 [-7.40e-02, -4.22e-03, 4.58e-01, 1.84e-02, -8.01e-03, -8.58e-02, -3.39e-01, 5.72e-02, 7.67e-02, -4.19e-03, 1.22e-01]
26750 [-9.07e-03, -4.74e-03, 3.90e-01, 9.35e-03, -7.74e-03, -2.09e-02, -3.39e-01, 5.48e-02, 6.72e-02, -3.98e-03, 1.21e-01]
26800 [2.11e-02, -1.81e-02, 3.38e-01, 2.65e-03, -7.92e-03, 1.58e-02, -3.39e-01, 5.36e-02, 6.08e-02, -3.50e-03, 1.21e-01]
26850 [2.17e-02, -2.48e-02, 3.61e-01, 2.29e-03, -7.92e-03, 1.77e-02, -3.39e-01, 5.36e-02, 6.00e-02, -2.87e-03, 1.21e-01]
26900 [2.24e-02, -2.87e-02, 3.85e-01, 2.00e-03, -8.48e-03, 1.95e-02, -3.39e-01, 5.36e-02, 5.96e-02, -2.22e-03, 1.21e-01]
26950 [2.30e-02, -3.14e-02, 4.08e-01, 1.69e-03, -9.09e-03, 2.12e-02, -3.39e-01, 5.36e-02, 5.93e-02, -1.54e-03, 1.21e-01]
27000 [2.36e-02, -3.36e-02, 4.30e-01, 1.38e-03, -9.76e-03, 2.29e-02, -3.39e-01, 5.36e-02, 5.90e-02, -8.36e-04, 1.21e-01]
27050 [2.42e-02, -3.56e-02, 4.51e-01, 1.07e-03, 5.80e-03, 2.46e-02, -3.39e-01, 5.36e-02, 5.85e-02, 2.85e-04, 1.21e-01]
27100 [2.47e-02, -3.73e-02, 4.71e-01, 7.35e-04, 3.94e-03, 2.62e-02, -3.39e-01, 5.36e-02, 5.80e-02, 1.02e-03, 1.21e-01]
27150 [2.52e-02, -3.91e-02, 4.89e-01, 4.10e-04, 2.99e-03, 2.77e-02, -3.39e-01, 5.36e-02, 5.76e-02, 1.77e-03, 1.21e-01]
27200 [2.57e-02, -4.07e-02, 5.06e-01, 8.96e-05, 2.06e-03, 2.93e-02, -3.39e-01, 5.36e-02, 5.73e-02, 2.53e-03, 1.21e-01]
27250 [2.62e-02, -4.22e-02, 5.22e-01, -2.24e-04, 1.12e-03, 3.08e-02, -3.39e-01, 5.37e-02, 5.71e-02, 3.30e-03, 1.21e-01]
27300 [2.66e-02, -4.53e-02, 5.37e-01, -5.27e-04, -5.12e-04, 3.22e-02, -3.39e-01, 5.37e-02, 5.69e-02, 4.07e-03, 1.21e-01]
27350 [1.25e-02, -4.65e-02, 5.11e-01, -5.43e-03, -3.54e-04, 2.01e-02, -3.39e-01, 5.38e-02, 5.20e-02, 2.84e-03, 1.21e-01]
27400 [-1.91e-03, -4.08e-02, 4.84e-01, -8.63e-03, -1.29e-03, 7.21e-03, -3.39e-01, 5.38e-02, 4.59e-02, 1.64e-03, 1.21e-01]
27450 [-2.97e-03, -3.09e-02, 5.10e-01, -7.89e-03, -1.30e-03, 8.13e-03, -3.39e-01, 5.39e-02, 4.42e-02, 1.83e-03, 1.21e-01]
27500 [-3.99e-03, -4.00e-02, 5.27e-01, -7.66e-03, -1.74e-03, 9.07e-03, -3.39e-01, 5.39e-02, 4.41e-02, 2.05e-03, 1.21e-01]
27550 [-5.04e-03, -4.36e-02, 5.44e-01, -7.38e-03, -2.32e-03, 1.02e-02, -3.39e-01, 5.39e-02, 4.46e-02, 1.43e-03, 1.21e-01]
27600 [-6.11e-03, -4.53e-02, 5.60e-01, -7.07e-03, -2.94e-03, 1.13e-02, -3.39e-01, 5.39e-02, 4.52e-02, 1.76e-03, 1.21e-01]
27650 [5.31e-03, -3.61e-02, 4.27e-01, -4.14e-03, -3.51e-03, -6.73e-03, -3.39e-01, 5.39e-02, 4.31e-02, 1.09e-03, 1.20e-01]
27700 [-7.50e-03, -2.64e-02, 4.10e-01, -1.28e-03, 1.40e-03, -3.82e-03, -3.39e-01, 5.39e-02, 4.19e-02, 1.13e-03, 1.20e-01]
27750 [-9.35e-03, -1.21e-02, 4.50e-01, -9.89e-04, 6.88e-04, -2.95e-03, -3.39e-01, 5.39e-02, 4.18e-02, 5.33e-04, 1.20e-01]
27800 [-1.12e-02, -1.57e-03, 4.88e-01, -7.13e-04, 1.43e-04, -2.09e-03, -3.39e-01, 5.39e-02, 4.21e-02, 4.87e-04, 1.20e-01]
27850 [-1.30e-02, 5.66e-03, 5.24e-01, -4.05e-04, -4.60e-04, -1.22e-03, -3.39e-01, 5.39e-02, 4.26e-02, 6.68e-04, 1.20e-01]
27900 [-1.42e-02, 9.11e-03, 5.56e-01, -1.05e-04, -1.04e-03, -4.59e-05, -3.39e-01, 5.39e-02, 4.34e-02, 3.23e-04, 1.20e-01]
27950 [-8.29e-03, 1.26e-03, 5.70e-01, 3.08e-04, 6.67e-04, 1.84e-03, -3.39e-01, 5.40e-02, 4.33e-02, 2.94e-04, 1.20e-01]
28000 [1.88e-03, 2.30e-03, 5.58e-01, 7.01e-04, 3.95e-05, 2.20e-03, -3.39e-01, 5.40e-02, 4.37e-02, 5.89e-04, 1.20e-01]
28050 [1.54e-03, 7.87e-03, 5.82e-01, 8.85e-04, -5.39e-04, 3.00e-03, -3.39e-01, 5.40e-02, 4.47e-02, 8.78e-04, 1.20e-01]
28100 [-2.61e-04, 4.43e-03, 5.37e-01, 9.31e-04, 1.39e-03, 9.47e-05, -3.39e-01, 5.40e-02, 4.56e-02, 1.12e-03, 1.20e-01]
28150 [-3.13e-04, 7.83e-03, 5.63e-01, 1.15e-03, -1.29e-04, 1.25e-03, -3.39e-01, 5.40e-02, 4.64e-02, -2.62e-05, 1.20e-01]
28200 [-1.40e-03, 1.13e-02, 5.98e-01, 1.39e-03, -7.74e-04, 2.26e-03, -3.39e-01, 5.40e-02, 4.72e-02, 2.96e-04, 1.20e-01]
28250 [2.65e-02, 6.29e-04, 4.88e-01, 3.73e-03, -1.11e-03, -1.35e-02, -3.39e-01, 5.36e-02, 4.17e-02, 6.97e-04, 1.20e-01]
28300 [3.91e-03, 4.41e-03, 5.10e-01, 3.67e-03, -1.16e-03, -1.01e-02, -3.39e-01, 5.34e-02, 3.68e-02, 8.76e-04, 1.20e-01]
28350 [2.59e-03, 8.55e-03, 5.54e-01, 3.80e-03, -1.46e-03, -9.40e-03, -3.39e-01, 5.34e-02, 3.71e-02, 9.06e-04, 1.20e-01]
28400 [1.53e-03, 1.08e-02, 5.94e-01, 3.87e-03, -1.81e-03, -8.84e-03, -3.39e-01, 5.34e-02, 3.80e-02, -2.10e-04, 1.20e-01]
28450 [-3.29e-03, 2.82e-04, 5.52e-01, 7.93e-03, 4.17e-03, 2.10e-02, -3.39e-01, 5.35e-02, 8.25e-03, 5.56e-04, 1.19e-01]
28500 [8.49e-03, -4.25e-02, 5.20e-01, 1.26e-02, -8.12e-04, -6.32e-03, -3.39e-01, 5.35e-02, -1.44e-02, 1.42e-03, 1.17e-01]
28550 [7.92e-03, -4.47e-02, 5.47e-01, 1.24e-02, -7.33e-04, -5.27e-03, -3.39e-01, 5.35e-02, -1.28e-02, 1.22e-03, 1.16e-01]
28600 [6.03e-03, -4.67e-02, 5.71e-01, 1.18e-02, -6.85e-04, -4.27e-03, -3.39e-01, 5.35e-02, -1.05e-02, 1.00e-03, 1.16e-01]
28650 [-2.71e-02, -4.17e-02, 4.81e-01, -1.02e-02, 3.58e-04, -3.55e-03, -3.39e-01, 4.80e-02, -7.54e-03, 8.68e-04, 1.16e-01]
28700 [-3.36e-02, -3.97e-02, 4.91e-01, 6.91e-04, -6.00e-04, -4.12e-03, -3.39e-01, 4.80e-02, -5.28e-03, 2.45e-04, 1.16e-01]
28750 [2.84e-03, -4.17e-02, 5.06e-01, 7.27e-03, -1.42e-03, 2.25e-03, -3.39e-01, 4.86e-02, -2.99e-03, -5.08e-04, 1.16e-01]
28800 [8.16e-03, -4.32e-02, 5.33e-01, 8.13e-03, 7.09e-04, 6.27e-03, -3.39e-01, 4.86e-02, -1.24e-03, -4.84e-04, 1.16e-01]
28850 [7.23e-03, -4.59e-02, 5.62e-01, 8.14e-03, 1.83e-04, 8.15e-03, -3.39e-01, 4.86e-02, 5.18e-04, -4.17e-04, 1.16e-01]
28900 [7.69e-04, -4.14e-02, 4.75e-01, 8.56e-03, 1.88e-05, 4.33e-03, -3.39e-01, 4.86e-02, 1.51e-02, 1.20e-03, 1.08e-01]
28950 [2.51e-02, -3.54e-02, 4.45e-01, 3.19e-03, -3.91e-04, 6.05e-04, -3.39e-01, 4.87e-02, 1.85e-02, 1.84e-03, 1.05e-01]
29000 [2.67e-02, -3.96e-02, 4.93e-01, 2.70e-03, -2.83e-04, 2.51e-03, -3.39e-01, 4.87e-02, 1.87e-02, -1.07e-03, 1.05e-01]
29050 [-2.35e-02, -4.19e-02, 5.08e-01, -5.40e-03, -1.32e-03, -8.38e-04, -3.39e-01, 4.86e-02, 1.81e-02, -5.95e-04, 1.05e-01]
29100 [-2.09e-02, -4.37e-02, 5.37e-01, -1.71e-03, -2.64e-03, 3.78e-04, -3.39e-01, 4.89e-02, 1.83e-02, -2.99e-04, 1.05e-01]
29150 [3.21e-03, -4.51e-02, 5.52e-01, 1.82e-03, -3.23e-03, 1.02e-03, -3.39e-01, 4.92e-02, 1.91e-02, -7.44e-05, 1.05e-01]
29200 [1.74e-03, -4.77e-02, 5.82e-01, 1.99e-03, 2.87e-03, 2.55e-03, -3.39e-01, 4.92e-02, 2.02e-02, 1.51e-04, 1.05e-01]
29250 [-6.33e-03, -3.96e-02, 4.80e-01, -4.83e-04, 7.09e-04, -1.34e-02, -3.39e-01, 4.92e-02, 3.58e-03, 1.04e-03, 1.04e-01]
29300 [-1.04e-02, -4.21e-02, 5.21e-01, -2.66e-04, 2.00e-04, -1.37e-02, -3.39e-01, 4.92e-02, 3.11e-03, 1.07e-03, 1.03e-01]
29350 [9.94e-02, -2.15e-02, 2.89e-01, -1.73e-02, 1.52e-04, 9.88e-02, -3.39e-01, 3.81e-02, -2.74e-02, 7.98e-03, -2.94e-02]
29400 [8.41e-02, 9.00e-03, -8.23e-02, 8.13e-02, 1.06e-04, -4.07e-02, -6.47e-01, -6.63e-02, 1.73e-01, 2.23e-02, 1.17e-01]
29450 [8.87e-02, 3.82e-03, -3.16e-02, 7.92e-02, 4.52e-04, -4.31e-02, -6.49e-01, -6.49e-02, 1.59e-01, 2.09e-02, 1.19e-01]
29500 [9.35e-02, 2.25e-06, 1.40e-02, 7.85e-02, -4.82e-03, -4.83e-02, -6.49e-01, -6.47e-02, 1.59e-01, 1.84e-02, 1.19e-01]
29550 [9.81e-02, -3.70e-03, 5.75e-02, 7.81e-02, -9.39e-03, -5.35e-02, -6.49e-01, -6.47e-02, 1.59e-01, 1.58e-02, 1.19e-01]
29600 [1.02e-01, -7.21e-03, 9.87e-02, 7.78e-02, -1.33e-02, -5.87e-02, -6.49e-01, -6.46e-02, 1.59e-01, 1.34e-02, 1.19e-01]
29650 [1.06e-01, -1.05e-02, 1.37e-01, 7.74e-02, -2.64e-04, -6.37e-02, -6.49e-01, -6.45e-02, 1.59e-01, -6.64e-03, 1.19e-01]
29700 [1.10e-01, -1.36e-02, 1.74e-01, 7.67e-02, -5.98e-03, -6.85e-02, -6.49e-01, -6.45e-02, 1.60e-01, -3.63e-03, 1.19e-01]
29750 [1.13e-01, -1.64e-02, 2.07e-01, 7.61e-02, -9.10e-03, -7.31e-02, -6.49e-01, -6.44e-02, 1.60e-01, -4.12e-03, 1.19e-01]
29800 [1.17e-01, -1.91e-02, 2.39e-01, 7.56e-02, -1.20e-02, -7.74e-02, -6.49e-01, -6.44e-02, 1.60e-01, -4.42e-03, 1.19e-01]
29850 [1.20e-01, -2.15e-02, 2.68e-01, 7.51e-02, 2.85e-03, -8.15e-02, -6.49e-01, -6.44e-02, 1.61e-01, -4.48e-03, 1.19e-01]
29900 [1.22e-01, -2.31e-02, 2.96e-01, 7.44e-02, -4.81e-03, -8.54e-02, -6.49e-01, -6.43e-02, 1.61e-01, -4.33e-03, 1.19e-01]
29950 [1.25e-01, -1.90e-02, 3.22e-01, 7.38e-02, -6.83e-03, -8.91e-02, -6.49e-01, -6.43e-02, 1.61e-01, -3.98e-03, 1.19e-01]
30000 [1.28e-01, 2.62e-03, 3.51e-01, 7.32e-02, -9.59e-03, -9.25e-02, -6.49e-01, -6.43e-02, 1.61e-01, 1.18e-03, 1.19e-01]
