0 [-5.65e-02, 8.85e-04, 1.38e-01, 3.20e-03, -2.21e-04, 1.47e-02, 3.21e-01, 9.10e-02, 5.91e-02, -1.95e-03, 1.31e-01]
100 [1.70e-02, 8.19e-02, 1.93e-01, 3.47e-02, 5.61e-02, -3.30e-03, 3.94e-01, 2.96e-02, 2.79e-03, -1.21e-02, 2.70e-02]
200 [2.05e-02, 8.02e-02, 2.84e-01, 3.41e-02, 5.71e-02, -5.38e-02, 3.94e-01, 2.96e-02, 2.90e-02, -8.37e-03, 2.04e-02]
300 [2.31e-02, 7.26e-02, 3.65e-01, 3.35e-02, 5.07e-02, 4.12e-02, 3.94e-01, 2.96e-02, 2.16e-02, -2.59e-03, -4.94e-02]
400 [2.89e-02, 8.94e-02, 3.81e-01, 3.32e-02, 4.91e-02, -1.12e-02, 3.94e-01, 2.96e-02, 2.23e-02, -3.89e-03, -6.14e-02]
500 [3.50e-02, 7.86e-02, 4.67e-01, 3.31e-02, 4.91e-02, -1.24e-01, 3.94e-01, 2.96e-02, 5.80e-02, -5.10e-03, -4.94e-03]
600 [3.58e-02, 9.56e-02, 4.05e-01, 3.08e-02, 2.64e-02, 3.51e-02, 3.94e-01, 2.96e-02, -1.11e-02, 2.81e-02, -4.57e-02]
700 [4.78e-02, 1.02e-01, 4.22e-01, 3.12e-02, 2.65e-02, -5.61e-02, 3.94e-01, 2.96e-02, 1.83e-02, 2.70e-02, -3.95e-02]
800 [5.71e-02, 8.67e-02, 5.42e-01, 3.17e-02, 2.65e-02, -1.54e-01, 3.94e-01, 2.96e-02, 6.71e-02, 2.49e-02, 5.59e-02]
900 [4.96e-02, 8.44e-02, 5.10e-01, 2.88e-02, 2.68e-02, 2.31e-02, 3.94e-01, 2.96e-02, 3.82e-02, 2.17e-02, 2.43e-02]
1000 [5.85e-02, 1.11e-01, 4.91e-01, 2.74e-02, 2.66e-02, -9.92e-02, 3.94e-01, 2.96e-02, 4.10e-02, 6.41e-03, 1.13e-02]
1100 [6.78e-02, 9.91e-02, 6.22e-01, 2.74e-02, 2.62e-02, -1.81e-01, 3.94e-01, 2.96e-02, 6.85e-02, 5.35e-03, 1.28e-01]
1200 [7.30e-02, 9.45e-02, 7.34e-01, 2.73e-02, 2.55e-02, -2.35e-01, 3.94e-01, 2.96e-02, 7.35e-02, 3.20e-03, 2.81e-01]
1300 [5.09e-02, 1.41e-01, 5.13e-01, 2.12e-02, 2.46e-02, -7.82e-02, 3.94e-01, 2.96e-02, 2.67e-02, 9.27e-03, 1.83e-02]
1400 [6.06e-02, 1.30e-01, 6.38e-01, 2.14e-02, 2.43e-02, -1.77e-01, 3.94e-01, 2.96e-02, 5.94e-02, 7.36e-03, 1.41e-01]
1500 [6.56e-02, 1.24e-01, 7.53e-01, 2.14e-02, 2.40e-02, -2.35e-01, 3.94e-01, 2.97e-02, 6.58e-02, 5.00e-03, 3.02e-01]
1600 [5.35e-02, 1.18e-01, 7.14e-01, 1.73e-02, -6.27e-03, -3.19e-02, 3.94e-01, 2.97e-02, 7.42e-02, -1.19e-02, 2.24e-01]
1700 [6.42e-02, 1.54e-01, 6.53e-01, 1.40e-02, -1.51e-02, -1.60e-01, 3.94e-01, 2.98e-02, 5.10e-02, -1.34e-03, 1.89e-01]
1800 [7.02e-02, 1.49e-01, 7.63e-01, 1.41e-02, -1.53e-02, -2.28e-01, 3.94e-01, 2.98e-02, 6.24e-02, -3.70e-03, 3.29e-01]
1900 [7.33e-02, 1.46e-01, 8.50e-01, 1.42e-02, -1.60e-02, -2.76e-01, 3.94e-01, 2.98e-02, 7.72e-02, -7.93e-03, 4.62e-01]
2000 [5.57e-02, 1.65e-01, 7.46e-01, 3.08e-03, -8.58e-03, -1.69e-01, 3.94e-01, 2.99e-02, 5.18e-02, -1.06e-02, 2.92e-01]
2100 [5.93e-02, 1.66e-01, 8.28e-01, 3.13e-03, -8.78e-03, -2.45e-01, 3.94e-01, 2.99e-02, 6.63e-02, -1.35e-02, 4.30e-01]
2200 [6.09e-02, 1.65e-01, 9.00e-01, 3.07e-03, -9.61e-03, -2.94e-01, 3.94e-01, 2.99e-02, 8.25e-02, -1.83e-02, 5.59e-01]
2300 [8.94e-03, 1.81e-01, 7.62e-01, -7.30e-03, 3.98e-04, -1.67e-01, 3.94e-01, 3.02e-02, 4.70e-02, -1.55e-02, 3.13e-01]
2400 [7.35e-03, 1.91e-01, 8.49e-01, -7.91e-03, 7.40e-04, -2.50e-01, 3.94e-01, 3.02e-02, 7.04e-02, -1.82e-02, 4.47e-01]
2500 [1.39e-02, 1.11e-01, 8.09e-01, -8.62e-03, -5.16e-03, -1.22e-01, 3.94e-01, 3.02e-02, 8.32e-02, -3.82e-04, 4.32e-01]
2600 [2.12e-02, 4.37e-02, 8.79e-01, -9.09e-03, -1.40e-03, -2.33e-01, 3.94e-01, 3.02e-02, 7.86e-02, -1.99e-02, 3.80e-01]
2700 [1.28e-02, 6.78e-02, 8.26e-01, -1.07e-02, -1.73e-03, -1.70e-01, 3.94e-01, 3.02e-02, 3.33e-02, -2.03e-03, 3.44e-01]
2800 [1.15e-02, 7.10e-02, 9.29e-01, -1.10e-02, -1.46e-03, -2.68e-01, 3.94e-01, 3.02e-02, 8.29e-02, -1.50e-02, 4.66e-01]
2900 [1.03e-02, 8.49e-02, 1.01e+00, -1.14e-02, -2.23e-03, -3.27e-01, 3.94e-01, 3.02e-02, 1.03e-01, -2.56e-02, 6.07e-01]
3000 [2.10e-02, 1.82e-01, 8.08e-01, -4.12e-03, 1.29e-02, -2.04e-01, 3.94e-01, 3.04e-02, 5.90e-02, -2.91e-02, 3.30e-01]
3100 [2.04e-02, 1.95e-01, 8.96e-01, -5.03e-03, 1.40e-02, -2.79e-01, 3.94e-01, 3.04e-02, 7.84e-02, -3.35e-02, 5.20e-01]
3200 [1.67e-02, 1.98e-01, 9.37e-01, -6.48e-03, 1.23e-02, -2.26e-01, 3.94e-01, 3.04e-02, 1.19e-01, -3.24e-02, 6.18e-01]
3300 [7.17e-03, 2.26e-01, 8.11e-01, -6.93e-03, 1.42e-02, -2.17e-01, 3.94e-01, 3.05e-02, 5.35e-02, -1.82e-02, 4.41e-01]
3400 [4.82e-03, 2.35e-01, 9.04e-01, -8.20e-03, 1.51e-02, -2.88e-01, 3.94e-01, 3.05e-02, 7.95e-02, -2.29e-02, 6.02e-01]
3500 [3.03e-03, 2.36e-01, 9.63e-01, -9.28e-03, 1.48e-02, -3.38e-01, 3.94e-01, 3.05e-02, 9.80e-02, -2.93e-02, 7.46e-01]
3600 [3.78e-02, 5.36e-02, 6.99e-01, -8.13e-03, 1.74e-02, -1.55e-01, 3.94e-01, 3.07e-02, 1.53e-02, -1.21e-02, 3.67e-01]
3700 [4.06e-02, 3.99e-02, 8.89e-01, -9.51e-03, 1.17e-02, -2.55e-01, 3.94e-01, 3.08e-02, 6.49e-02, -3.34e-03, 5.25e-01]
3800 [1.71e-02, 4.88e-02, 9.62e-01, -1.33e-02, 1.35e-02, -2.73e-01, 3.94e-01, 3.08e-02, 7.64e-02, 2.58e-02, 5.84e-01]
3900 [1.60e-02, 4.73e-02, 1.05e+00, -1.36e-02, 1.36e-02, -3.37e-01, 3.94e-01, 3.08e-02, 1.12e-01, 5.31e-03, 6.61e-01]
4000 [-3.07e-03, 6.02e-02, 9.25e-01, -1.15e-02, 1.50e-02, -2.36e-01, 3.94e-01, 3.13e-02, 8.14e-02, -4.36e-02, 3.82e-01]
4100 [-6.50e-03, 5.61e-02, 1.02e+00, -1.13e-02, 1.41e-02, -3.17e-01, 3.94e-01, 3.13e-02, 1.13e-01, -5.02e-02, 5.24e-01]
4200 [-1.51e-02, 6.97e-02, 9.80e-01, -3.71e-03, 7.81e-03, -2.24e-01, 3.94e-01, 3.15e-02, 5.68e-02, 9.89e-03, 5.79e-01]
4300 [-9.45e-03, 6.12e-02, 9.96e-01, -1.57e-03, 7.76e-03, -3.01e-01, 3.94e-01, 3.15e-02, 1.05e-01, -4.66e-02, 6.29e-01]
4400 [-1.05e-02, 6.19e-02, 1.06e+00, -1.07e-03, 5.40e-03, -3.60e-01, 3.94e-01, 3.16e-02, 1.17e-01, -3.96e-02, 7.21e-01]
4500 [6.37e-03, 7.33e-02, 9.76e-01, 8.67e-05, -1.33e-03, -2.65e-01, 3.94e-01, 3.16e-02, 7.83e-02, 8.60e-02, 5.57e-01]
4600 [3.74e-03, 6.77e-02, 1.05e+00, -1.61e-03, -1.15e-03, -3.45e-01, 3.94e-01, 3.17e-02, 1.12e-01, 4.99e-02, 7.02e-01]
4700 [7.58e-02, 1.07e-01, 6.96e-01, -5.27e-04, -2.58e-03, -1.50e-01, 3.94e-01, 3.21e-02, -1.58e-02, -4.58e-02, 4.31e-01]
4800 [1.11e-02, 8.59e-02, 8.72e-01, -1.68e-02, -1.21e-02, -2.72e-01, 3.94e-01, 3.23e-02, 7.60e-02, -3.63e-02, 5.44e-01]
4900 [6.86e-03, 7.91e-02, 1.01e+00, -1.88e-02, -1.04e-02, -3.49e-01, 3.94e-01, 3.23e-02, 1.00e-01, -4.48e-02, 7.66e-01]
5000 [-2.13e-02, 9.59e-02, 8.94e-01, -1.74e-02, 7.19e-03, -2.35e-01, 3.94e-01, 3.23e-02, 6.97e-02, -3.24e-03, 4.83e-01]
5100 [-3.01e-02, 8.43e-02, 1.00e+00, -1.93e-02, 6.42e-03, -3.29e-01, 3.94e-01, 3.24e-02, 1.00e-01, -1.74e-02, 6.63e-01]
5200 [-2.47e-02, 7.71e-02, 1.01e+00, -1.74e-02, 3.55e-03, -2.72e-01, 3.94e-01, 3.24e-02, 1.35e-01, -3.64e-02, 8.07e-01]
5300 [2.97e-02, 9.76e-02, 9.74e-01, -8.99e-03, 5.14e-03, -3.02e-01, 3.94e-01, 3.27e-02, 7.97e-02, -4.68e-02, 6.91e-01]
5400 [2.78e-02, 9.83e-02, 1.05e+00, -9.95e-03, 2.53e-03, -3.76e-01, 3.94e-01, 3.27e-02, 1.09e-01, -5.54e-02, 8.88e-01]
5500 [-1.85e-02, 1.14e-01, 9.28e-01, -1.47e-02, 5.38e-03, -2.77e-01, 3.94e-01, 3.28e-02, 6.42e-02, 1.31e-02, 7.16e-01]
5600 [-2.66e-02, 1.14e-01, 1.02e+00, -1.72e-02, 4.07e-03, -3.62e-01, 3.94e-01, 3.28e-02, 9.64e-02, -5.68e-03, 9.17e-01]
5700 [5.63e-02, 1.17e-01, 8.73e-01, 2.73e-03, 6.78e-03, -1.99e-01, 3.94e-01, 3.32e-02, 5.32e-03, -6.24e-03, 6.36e-01]
5800 [6.91e-02, 1.29e-01, 9.73e-01, 3.62e-03, 9.23e-03, -3.24e-01, 3.94e-01, 3.32e-02, 8.30e-02, -2.08e-02, 7.75e-01]
5900 [-1.72e-02, 1.42e-01, 9.90e-01, -1.19e-02, -2.33e-03, -3.37e-01, 3.94e-01, 3.33e-02, 7.91e-02, -3.34e-02, 9.18e-01]
6000 [-2.21e-02, 1.46e-01, 1.05e+00, -1.20e-02, -5.65e-03, -4.06e-01, 3.94e-01, 3.34e-02, 1.14e-01, -4.29e-02, 1.08e+00]
6100 [8.49e-03, 1.54e-01, 9.52e-01, -3.95e-03, 1.10e-02, -2.93e-01, 3.94e-01, 3.34e-02, 6.63e-02, 9.36e-03, 7.42e-01]
6200 [3.46e-03, 1.64e-01, 1.03e+00, -6.70e-03, 7.55e-03, -3.80e-01, 3.94e-01, 3.35e-02, 1.08e-01, -1.38e-02, 9.48e-01]
6300 [3.52e-02, 1.25e-01, 8.26e-01, -1.09e-02, -4.15e-03, -2.40e-01, 3.94e-01, 3.35e-02, 5.29e-02, 7.05e-03, 6.58e-01]
6400 [3.85e-02, 1.72e-01, 9.85e-01, -1.43e-02, -1.86e-03, -3.49e-01, 3.94e-01, 3.35e-02, 9.40e-02, -1.37e-02, 8.46e-01]
6500 [-4.35e-02, 1.16e-01, 8.54e-01, 7.39e-04, -3.57e-02, -1.31e-01, 3.94e-01, 3.41e-02, -6.12e-02, 1.31e-02, 7.04e-01]
6600 [-7.92e-02, 2.02e-01, 9.03e-01, 4.27e-03, -1.32e-02, -3.04e-01, 3.94e-01, 3.43e-02, 8.69e-02, -1.52e-02, 6.55e-01]
6700 [6.24e-02, 2.12e-01, 8.46e-01, -1.13e-02, -1.10e-02, -2.65e-01, 3.94e-01, 3.49e-02, 4.98e-02, -2.69e-02, 7.28e-01]
6800 [7.06e-02, 2.30e-01, 9.63e-01, -1.23e-02, -1.16e-02, -3.60e-01, 3.94e-01, 3.50e-02, 9.08e-02, -4.40e-02, 9.58e-01]
6900 [-3.88e-02, 1.85e-01, 8.56e-01, -1.66e-02, -2.07e-02, -1.72e-01, 3.94e-01, 3.52e-02, -1.70e-02, 2.44e-02, 8.20e-01]
7000 [-5.07e-02, 2.63e-01, 9.15e-01, -6.96e-03, 1.20e-02, -3.15e-01, 3.94e-01, 3.55e-02, 8.33e-02, -2.11e-02, 7.55e-01]
7100 [-6.55e-02, 2.74e-01, 9.77e-01, -1.11e-02, 1.09e-02, -3.91e-01, 3.94e-01, 3.56e-02, 1.10e-01, -3.86e-02, 1.01e+00]
7200 [1.31e-02, 2.61e-01, 9.26e-01, 6.24e-03, -4.34e-03, -3.05e-01, 3.94e-01, 3.59e-02, 7.54e-02, 5.10e-04, 8.01e-01]
7300 [5.79e-03, 2.90e-01, 9.93e-01, -5.75e-04, -6.89e-03, -3.92e-01, 3.94e-01, 3.59e-02, 1.07e-01, -2.85e-02, 1.06e+00]
7400 [-7.41e-04, 2.24e-01, 8.90e-01, -1.11e-02, 8.05e-03, -2.68e-01, 3.94e-01, 3.60e-02, 6.73e-02, -2.99e-03, 6.70e-01]
7500 [-1.40e-02, 2.98e-01, 9.76e-01, -1.84e-02, 7.29e-03, -3.74e-01, 3.94e-01, 3.61e-02, 1.02e-01, -2.62e-02, 9.73e-01]
7600 [1.44e-02, 1.02e-01, 8.58e-01, -4.80e-03, -1.08e-02, -1.89e-01, 3.94e-01, 3.60e-02, -5.74e-02, -1.59e-02, 7.28e-01]
7700 [5.81e-03, 2.51e-01, 9.74e-01, -1.96e-02, 7.55e-03, -3.51e-01, 3.94e-01, 3.59e-02, 9.66e-02, -2.87e-02, 8.22e-01]
7800 [-2.15e-03, 2.74e-01, 9.34e-01, -2.32e-02, -1.42e-02, -2.37e-01, 3.94e-01, 3.60e-02, 8.85e-02, -4.38e-02, 9.73e-01]
7900 [-1.11e-02, 3.26e-01, 9.44e-01, -2.68e-02, -2.14e-03, -3.38e-01, 3.94e-01, 3.61e-02, 8.62e-02, -2.46e-02, 8.63e-01]
8000 [-2.33e-02, 3.46e-01, 9.93e-01, -3.23e-02, -8.58e-03, -4.16e-01, 3.94e-01, 3.62e-02, 1.16e-01, -4.86e-02, 1.11e+00]
8100 [3.47e-02, 2.94e-01, 9.19e-01, -2.53e-02, 2.71e-03, -3.13e-01, 3.94e-01, 3.62e-02, 7.63e-02, -2.69e-03, 7.80e-01]
8200 [2.94e-02, 3.44e-01, 9.90e-01, -3.72e-02, 2.24e-03, -4.04e-01, 3.94e-01, 3.62e-02, 1.10e-01, -3.99e-02, 1.07e+00]
8300 [-3.65e-02, 2.88e-01, 8.77e-01, -2.85e-02, 1.08e-02, -2.84e-01, 3.94e-01, 3.68e-02, 6.02e-02, -3.98e-02, 7.00e-01]
8400 [1.03e-02, 3.47e-01, 9.42e-01, -1.28e-03, 1.80e-02, -3.51e-01, 3.94e-01, 3.73e-02, 1.30e-01, 2.60e-02, 1.01e+00]
8500 [1.89e-02, 3.72e-01, 9.72e-01, 1.84e-03, -5.44e-04, -3.84e-01, 3.94e-01, 3.77e-02, 9.97e-02, 2.55e-02, 1.12e+00]
8600 [4.67e-03, 3.07e-01, 8.78e-01, -7.78e-03, 1.50e-02, -2.58e-01, 3.94e-01, 3.78e-02, 3.53e-02, -1.49e-02, 8.80e-01]
8700 [-1.74e-02, 3.78e-01, 9.61e-01, -2.46e-02, 2.60e-02, -3.83e-01, 3.94e-01, 3.79e-02, 9.73e-02, -4.09e-02, 1.08e+00]
8800 [-2.56e-03, 3.20e-01, 8.51e-01, -1.24e-02, 1.05e-02, -2.48e-01, 3.94e-01, 3.80e-02, 6.75e-02, -4.17e-02, 7.76e-01]
8900 [-3.46e-02, 3.93e-01, 9.49e-01, -3.16e-02, 1.78e-02, -3.81e-01, 3.94e-01, 3.81e-02, 9.71e-02, -5.55e-02, 1.03e+00]
9000 [9.81e-03, 4.06e-01, 9.32e-01, 1.77e-03, -1.66e-03, -3.41e-01, 3.94e-01, 3.83e-02, 7.41e-02, -4.27e-03, 1.05e+00]
9100 [2.31e-02, 4.00e-01, 9.06e-01, -2.07e-03, -4.28e-02, -2.25e-01, 3.94e-01, 3.86e-02, 1.40e-01, -1.84e-02, 1.16e+00]
9200 [-6.51e-02, 1.49e-01, 5.82e-01, -6.13e-03, 2.29e-02, -1.44e-01, 3.94e-01, 3.21e-02, 6.26e-02, -3.78e-02, 4.82e-01]
9300 [1.91e-02, 1.47e-01, 6.42e-01, 3.94e-02, 1.40e-02, -5.46e-02, 3.94e-01, 3.68e-02, 1.60e-02, 1.57e-02, 5.42e-01]
9400 [4.26e-02, 2.40e-01, 7.99e-01, 2.73e-02, 1.40e-02, -3.02e-01, 3.94e-01, 3.78e-02, 6.28e-02, 7.38e-03, 6.74e-01]
9500 [1.95e-02, 2.89e-01, 8.31e-01, 2.87e-03, -3.39e-03, -2.94e-01, 3.94e-01, 3.81e-02, 6.37e-02, -1.94e-02, 7.41e-01]
9600 [1.05e-02, 2.89e-01, 8.54e-01, 5.29e-04, -1.02e-02, -2.63e-01, 3.94e-01, 3.82e-02, 5.38e-02, -4.43e-03, 7.00e-01]
9700 [-3.50e-03, 3.05e-01, 8.53e-01, -6.21e-03, -1.04e-02, -1.72e-01, 3.94e-01, 3.84e-02, -2.74e-02, -2.03e-02, 7.27e-01]
9800 [-1.26e-02, 3.71e-01, 9.04e-01, -1.49e-02, -8.22e-03, -3.31e-01, 3.94e-01, 3.85e-02, 7.77e-02, -1.38e-02, 8.41e-01]
9900 [-1.08e-02, 3.65e-01, 8.22e-01, -1.32e-02, -3.75e-03, -2.62e-01, 3.94e-01, 3.87e-02, 6.22e-02, -1.70e-02, 5.69e-01]
10000 [-2.02e-02, 4.19e-01, 9.16e-01, -2.29e-02, 2.89e-05, -3.65e-01, 3.94e-01, 3.88e-02, 9.27e-02, -2.61e-02, 9.25e-01]
10000 [-2.02e-02, 4.19e-01, 9.16e-01, -2.29e-02, 2.89e-05, -3.65e-01, 3.94e-01, 3.88e-02, 9.27e-02, -2.61e-02, 9.25e-01]
10100 [4.12e-02, 3.54e-01, 8.03e-01, -4.40e-02, 4.68e-03, -2.59e-01, 3.39e-01, 6.74e-02, 7.31e-02, -1.47e-02, 8.56e-01]
10200 [4.31e-02, 3.91e-01, 8.23e-01, -4.68e-02, 4.09e-03, -2.67e-01, 3.39e-01, 6.75e-02, 6.27e-02, -1.47e-02, 8.56e-01]
10300 [4.52e-02, 4.30e-01, 8.45e-01, -4.99e-02, 3.06e-03, -2.77e-01, 3.39e-01, 6.74e-02, 5.51e-02, -1.49e-02, 8.56e-01]
10400 [4.66e-02, 4.63e-01, 8.66e-01, -5.28e-02, 2.81e-03, -2.87e-01, 3.39e-01, 6.72e-02, 5.29e-02, -1.52e-02, 8.57e-01]
10500 [4.73e-02, 4.90e-01, 8.85e-01, -5.55e-02, 3.45e-03, -2.98e-01, 3.39e-01, 6.70e-02, 5.56e-02, -1.56e-02, 8.60e-01]
10600 [4.72e-02, 5.12e-01, 9.01e-01, -5.81e-02, 4.45e-03, -3.09e-01, 3.39e-01, 6.68e-02, 6.13e-02, -1.62e-02, 8.63e-01]
10700 [4.64e-02, 5.31e-01, 9.15e-01, -6.05e-02, 5.11e-03, -3.21e-01, 3.39e-01, 6.67e-02, 6.87e-02, -1.68e-02, 8.68e-01]
10800 [4.48e-02, 5.49e-01, 9.26e-01, -6.28e-02, 4.73e-03, -3.33e-01, 3.39e-01, 6.67e-02, 7.66e-02, -1.75e-02, 8.73e-01]
10900 [4.25e-02, 5.65e-01, 9.36e-01, -6.48e-02, 2.74e-03, -3.44e-01, 3.39e-01, 6.69e-02, 8.45e-02, -1.83e-02, 8.80e-01]
11000 [3.96e-02, 5.82e-01, 9.44e-01, -6.67e-02, -1.40e-03, -3.56e-01, 3.39e-01, 6.75e-02, 9.20e-02, -1.92e-02, 8.86e-01]
11100 [1.36e-02, 4.88e-01, 8.62e-01, 3.63e-02, 4.03e-02, -3.14e-01, 3.39e-01, 1.26e-02, 1.05e-01, -3.96e-03, 8.91e-01]
11200 [5.02e-03, 5.40e-01, 9.03e-01, 3.10e-02, 3.61e-02, -3.31e-01, 3.39e-01, 1.73e-02, 8.91e-02, -5.27e-03, 8.94e-01]
11300 [-3.31e-03, 5.75e-01, 9.25e-01, 2.55e-02, 3.30e-02, -3.47e-01, 3.39e-01, 1.94e-02, 9.16e-02, -6.95e-03, 9.00e-01]
11400 [-1.17e-02, 6.01e-01, 9.38e-01, 1.93e-02, 2.88e-02, -3.62e-01, 3.39e-01, 2.23e-02, 1.00e-01, -8.75e-03, 9.08e-01]
11500 [3.73e-03, 3.56e-01, 8.51e-01, 1.13e-02, 6.65e-03, -3.06e-01, 3.39e-01, 3.03e-02, 8.96e-02, -1.32e-02, 9.10e-01]
11600 [-8.35e-03, 4.51e-01, 9.09e-01, -9.35e-04, 1.77e-02, -3.30e-01, 3.39e-01, 3.06e-02, 7.15e-02, -1.46e-02, 9.16e-01]
11700 [-2.07e-02, 5.13e-01, 9.37e-01, -1.30e-02, -8.02e-03, -3.51e-01, 3.39e-01, 3.27e-02, 8.25e-02, -1.63e-02, 9.28e-01]
11800 [7.61e-03, 5.07e-01, 9.18e-01, -1.02e-02, -3.99e-03, -3.48e-01, 3.39e-01, 3.95e-02, 9.61e-02, -1.70e-02, 9.39e-01]
11900 [-3.52e-03, 5.55e-01, 9.39e-01, -1.66e-02, -5.57e-03, -3.65e-01, 3.39e-01, 4.24e-02, 9.64e-02, -1.89e-02, 9.49e-01]
12000 [-1.31e-02, 5.62e-01, 9.24e-01, -1.80e-02, -2.49e-03, -3.55e-01, 3.39e-01, 4.70e-02, 9.06e-02, -2.18e-02, 9.58e-01]
12100 [-1.48e-04, 5.55e-01, 8.92e-01, -1.27e-02, -2.31e-02, -3.34e-01, 3.39e-01, 5.57e-02, 9.15e-02, -2.45e-02, 9.66e-01]
12200 [-1.70e-02, 6.08e-01, 9.28e-01, -2.02e-02, -2.88e-02, -3.59e-01, 3.39e-01, 6.02e-02, 8.75e-02, -2.62e-02, 9.75e-01]
12300 [-1.24e-02, 4.70e-01, 8.61e-01, 2.18e-03, -2.96e-02, -3.06e-01, 3.39e-01, 1.12e-01, 7.25e-02, -1.57e-02, 9.78e-01]
12400 [-3.75e-02, 5.45e-01, 9.17e-01, -1.30e-02, 1.67e-02, -3.39e-01, 3.39e-01, 1.18e-01, 7.27e-02, -1.75e-02, 9.87e-01]
12500 [2.06e-02, 5.73e-01, 9.18e-01, -6.08e-03, -1.23e-03, -3.49e-01, 3.39e-01, 1.33e-01, 8.58e-02, -2.11e-02, 9.99e-01]
12600 [-7.72e-03, 5.85e-01, 8.98e-01, -1.70e-02, 1.10e-02, -3.33e-01, 3.39e-01, 1.38e-01, 9.86e-02, -2.47e-02, 1.01e+00]
12700 [-2.80e-02, 6.31e-01, 9.26e-01, -2.16e-02, 9.77e-03, -3.60e-01, 3.39e-01, 1.46e-01, 8.61e-02, -2.69e-02, 1.02e+00]
12800 [-1.80e-02, 4.77e-01, 8.60e-01, 1.14e-02, 1.42e-02, -2.88e-01, 3.39e-01, 2.00e-01, 5.16e-02, -1.88e-02, 1.02e+00]
12900 [-5.46e-02, 5.57e-01, 9.14e-01, -9.78e-03, 2.58e-02, -3.35e-01, 3.39e-01, 2.09e-01, 6.87e-02, -2.12e-02, 1.03e+00]
13000 [-1.44e-02, 5.66e-01, 8.94e-01, -8.53e-03, 1.39e-02, -3.28e-01, 3.39e-01, 2.23e-01, 7.34e-02, -2.04e-02, 1.04e+00]
13100 [-4.08e-02, 6.22e-01, 9.30e-01, -2.53e-02, 1.20e-02, -3.68e-01, 3.39e-01, 2.33e-01, 8.80e-02, -2.34e-02, 1.05e+00]
13200 [-2.90e-02, 4.83e-01, 8.62e-01, -1.84e-02, 5.15e-03, -2.85e-01, 3.39e-01, 2.51e-01, 2.78e-02, -2.06e-02, 1.03e+00]
13300 [-2.56e-02, 5.51e-01, 9.08e-01, -1.83e-02, 2.32e-04, -3.38e-01, 3.39e-01, 2.70e-01, 6.89e-02, -1.60e-02, 1.04e+00]
13400 [2.94e-02, 5.94e-01, 9.30e-01, 6.46e-03, -7.76e-03, -3.60e-01, 3.39e-01, 2.88e-01, 8.19e-02, -9.22e-03, 1.06e+00]
13500 [-3.26e-02, 5.23e-01, 8.70e-01, 2.26e-04, 3.55e-02, -2.90e-01, 3.39e-01, 3.07e-01, 3.44e-02, -1.34e-02, 1.05e+00]
13600 [5.23e-02, 5.84e-01, 8.92e-01, 2.66e-02, -3.93e-02, -3.30e-01, 3.39e-01, 3.15e-01, 8.79e-02, -8.42e-03, 1.07e+00]
13700 [-5.76e-02, 6.19e-01, 9.05e-01, -1.76e-02, 5.89e-03, -3.48e-01, 3.39e-01, 3.40e-01, 7.46e-02, 1.42e-03, 1.08e+00]
13800 [7.35e-02, 2.31e-01, 3.29e-01, -1.70e-02, -2.65e-02, 8.77e-02, 3.39e-01, -8.19e-02, -7.12e-02, -5.91e-02, 9.64e-01]
13900 [-3.68e-02, 3.88e-01, 3.38e-01, -6.11e-02, -2.11e-02, 1.36e-01, 3.39e-01, -5.39e-02, -1.10e-03, -4.70e-02, 9.60e-01]
14000 [5.76e-02, 4.78e-01, 3.21e-01, 1.18e-01, 2.70e-02, 2.04e-01, 3.39e-01, -1.78e-02, 4.81e-02, -3.82e-02, 9.65e-01]
14100 [6.44e-02, 5.77e-01, 3.44e-01, -8.86e-02, -2.27e-02, 2.43e-01, 3.39e-01, 1.10e-02, 6.25e-02, -3.44e-02, 9.72e-01]
14200 [1.66e-01, 7.26e-01, 3.99e-01, -5.91e-03, -2.54e-02, 3.43e-01, 3.39e-01, 2.18e-02, 9.19e-02, -2.82e-02, 9.89e-01]
14300 [1.02e-01, 7.36e-01, 3.70e-01, -1.27e-01, -2.42e-02, 2.28e-01, 3.39e-01, 4.95e-02, -6.43e-02, -1.59e-02, 1.01e+00]
14400 [2.33e-01, 8.50e-01, 3.23e-01, -8.96e-02, -4.56e-02, 3.22e-01, 3.39e-01, 7.40e-02, -1.13e-02, -1.73e-02, 1.02e+00]
14500 [1.65e-02, 7.77e-01, 4.07e-01, -1.27e-01, -2.24e-02, 2.56e-01, 3.39e-01, 9.21e-02, 2.18e-02, -2.57e-02, 1.03e+00]
14600 [3.50e-02, 8.91e-01, 4.96e-01, -1.49e-01, 5.52e-03, 3.93e-01, 3.39e-01, 9.28e-02, 6.66e-02, -2.76e-02, 1.05e+00]
14700 [5.42e-02, 8.19e-01, 4.14e-01, -8.58e-02, 1.40e-02, -1.02e-01, 3.39e-01, 9.32e-02, -1.09e-02, 3.25e-02, 1.03e+00]
14800 [1.29e-01, 8.92e-01, 6.73e-01, -7.10e-02, 1.49e-02, -2.52e-01, 3.39e-01, 9.58e-02, 2.59e-02, 2.64e-02, 1.03e+00]
14900 [1.53e-01, 9.23e-01, 7.78e-01, -5.29e-02, 1.07e-02, -3.25e-01, 3.39e-01, 9.83e-02, 5.98e-02, 1.50e-02, 1.07e+00]
15000 [3.04e-02, 6.93e-01, 7.98e-01, -6.28e-02, 2.13e-03, -2.76e-01, 3.39e-01, 1.02e-01, 2.81e-02, 2.16e-02, 1.04e+00]
15100 [2.77e-02, 7.37e-01, 8.88e-01, -7.68e-02, 5.26e-03, -3.59e-01, 3.39e-01, 1.02e-01, 7.25e-02, 1.00e-02, 1.08e+00]
15200 [7.09e-03, 5.44e-01, 6.06e-01, -4.86e-02, 2.01e-02, -9.36e-02, 3.39e-01, 1.03e-01, -8.76e-02, 2.01e-02, 9.51e-01]
15300 [-1.12e-02, 5.83e-01, 7.96e-01, -8.82e-02, 2.98e-02, -2.90e-01, 3.39e-01, 1.02e-01, 3.09e-02, 7.77e-03, 9.02e-01]
15400 [-2.61e-02, 6.39e-01, 8.94e-01, -1.17e-01, 3.78e-02, -3.68e-01, 3.39e-01, 1.03e-01, 7.55e-02, -2.22e-03, 9.70e-01]
15500 [-3.02e-02, 6.21e-01, 8.58e-01, -1.06e-01, -1.20e-02, -2.96e-01, 3.39e-01, 1.04e-01, 4.08e-02, -5.02e-02, 9.52e-01]
15600 [-4.44e-02, 6.67e-01, 9.09e-01, -1.15e-01, -1.64e-02, -3.78e-01, 3.39e-01, 1.05e-01, 8.19e-02, -5.00e-02, 1.01e+00]
15700 [-2.06e-02, 5.97e-01, 7.37e-01, -3.47e-02, -5.94e-03, -2.15e-01, 3.39e-01, 1.08e-01, 2.92e-02, 2.19e-02, 8.62e-01]
15800 [-5.18e-02, 6.64e-01, 8.59e-01, -7.09e-02, 3.64e-03, -3.36e-01, 3.39e-01, 1.09e-01, 6.72e-02, 1.04e-02, 9.06e-01]
15900 [-5.89e-02, 6.98e-01, 8.82e-01, -7.47e-02, -7.91e-03, -3.10e-01, 3.39e-01, 1.11e-01, 1.34e-01, -3.66e-02, 9.85e-01]
16000 [-5.58e-02, 7.06e-01, 8.58e-01, -3.91e-02, -6.03e-03, -3.21e-01, 3.39e-01, 1.15e-01, 6.07e-02, -5.56e-02, 9.62e-01]
16100 [-7.32e-02, 7.43e-01, 9.01e-01, -5.81e-02, -8.84e-03, -3.97e-01, 3.39e-01, 1.17e-01, 9.91e-02, -5.76e-02, 1.04e+00]
16200 [-5.88e-02, 7.11e-01, 8.35e-01, 5.51e-03, 1.58e-02, -2.98e-01, 3.39e-01, 1.21e-01, 5.58e-02, 4.05e-02, 9.79e-01]
16300 [-8.25e-02, 7.53e-01, 8.88e-01, -2.70e-02, 2.17e-02, -3.87e-01, 3.39e-01, 1.24e-01, 9.95e-02, 1.83e-02, 1.06e+00]
16400 [-5.55e-02, 6.51e-01, 8.21e-01, 3.23e-02, 1.38e-02, -2.83e-01, 3.39e-01, 1.27e-01, 4.50e-02, -6.48e-02, 9.66e-01]
16500 [-8.51e-02, 7.03e-01, 8.89e-01, -7.41e-03, 2.65e-02, -3.81e-01, 3.39e-01, 1.30e-01, 9.64e-02, -6.69e-02, 1.05e+00]
16600 [-5.66e-02, 7.20e-01, 8.68e-01, 2.91e-02, 2.17e-02, -3.37e-01, 3.39e-01, 1.34e-01, 7.92e-02, 6.41e-02, 1.07e+00]
16700 [-3.66e-02, 7.42e-01, 8.28e-01, 4.56e-02, -1.55e-02, -1.97e-01, 3.39e-01, 1.38e-01, 7.35e-02, 1.70e-02, 1.11e+00]
16800 [-7.10e-02, 7.93e-01, 8.47e-01, 3.09e-03, -4.13e-03, -3.36e-01, 3.39e-01, 1.40e-01, 7.41e-02, -1.75e-03, 1.03e+00]
16900 [-7.34e-02, 7.92e-01, 8.70e-01, -7.81e-03, 8.45e-03, -3.61e-01, 3.39e-01, 1.44e-01, 8.49e-02, -1.31e-02, 1.08e+00]
17000 [3.75e-02, 7.09e-01, 5.85e-01, 1.29e-02, -5.40e-03, -1.62e-01, 3.39e-01, 1.48e-01, 2.40e-02, -5.84e-03, 8.66e-01]
17100 [2.43e-02, 7.43e-01, 8.10e-01, -1.26e-02, 6.35e-03, -2.64e-01, 3.39e-01, 1.49e-01, 7.65e-02, 3.44e-02, 9.00e-01]
17200 [-4.35e-02, 7.13e-01, 8.88e-01, -6.66e-02, 2.70e-02, -3.64e-01, 3.39e-01, 1.52e-01, 8.25e-02, 4.53e-03, 9.88e-01]
17300 [-3.55e-02, 7.25e-01, 8.68e-01, -2.70e-02, 1.83e-02, -3.11e-01, 3.39e-01, 1.56e-01, 6.21e-02, -1.14e-02, 1.03e+00]
17400 [-2.21e-02, 7.56e-01, 8.56e-01, -3.58e-03, -1.67e-02, -2.32e-01, 3.39e-01, 1.61e-01, 1.45e-01, 5.97e-03, 1.11e+00]
17500 [-2.15e-02, 7.69e-01, 8.53e-01, 2.08e-02, 2.25e-02, -3.30e-01, 3.39e-01, 1.64e-01, 7.86e-02, -5.64e-03, 9.42e-01]
17600 [-3.14e-02, 7.83e-01, 8.77e-01, -3.28e-03, -3.49e-03, -3.41e-01, 3.39e-01, 1.67e-01, 8.14e-02, -1.04e-02, 1.04e+00]
17700 [-8.91e-03, 7.65e-01, 8.23e-01, 1.77e-02, -1.15e-02, -2.51e-01, 3.39e-01, 1.71e-01, 6.90e-03, -9.14e-03, 1.04e+00]
17800 [-4.87e-02, 7.99e-01, 8.94e-01, -4.32e-02, 6.77e-03, -3.86e-01, 3.39e-01, 1.73e-01, 9.21e-02, -2.87e-02, 1.12e+00]
17900 [-2.53e-02, 7.41e-01, 8.77e-01, -4.58e-03, 1.55e-02, -3.40e-01, 3.39e-01, 1.77e-01, 7.10e-02, -1.14e-02, 1.09e+00]
18000 [-3.67e-01, 2.17e-02, 2.53e-01, 1.17e-01, -2.98e-01, 3.81e-01, -7.60e-02, -2.43e-02, 5.78e-02, 2.27e-01, 3.82e-01]
18100 [-6.11e-01, -2.45e-01, 3.23e-01, 5.47e-02, 3.94e-02, 2.73e-01, -1.06e-01, -1.78e-02, -3.98e-01, 8.08e-01, -4.67e-02]
18200 [-5.70e-01, -2.45e-01, 3.22e-01, 4.21e-02, 3.94e-02, 2.99e-01, -1.06e-01, -1.80e-02, -3.86e-01, 8.09e-01, -4.86e-02]
18300 [-5.59e-01, -2.45e-01, 3.21e-01, 1.34e-02, 3.98e-02, 3.16e-01, -1.06e-01, -1.31e-02, -3.51e-01, 8.09e-01, -4.80e-02]
18400 [-5.57e-01, -2.45e-01, 3.21e-01, -9.25e-03, 4.83e-02, 3.31e-01, -1.06e-01, -4.07e-03, -3.07e-01, 8.09e-01, -4.72e-02]
18500 [-5.56e-01, -2.45e-01, 3.21e-01, -2.45e-02, 8.56e-02, 3.42e-01, -1.06e-01, 1.30e-03, -2.60e-01, 8.09e-01, -4.61e-02]
18600 [-5.56e-01, -2.45e-01, 3.21e-01, -3.31e-02, 1.73e-01, 3.52e-01, -1.06e-01, 3.39e-03, -2.19e-01, 8.09e-01, -4.48e-02]
18700 [-5.55e-01, -2.45e-01, 3.21e-01, -3.78e-02, 2.95e-01, 3.61e-01, -1.06e-01, 4.13e-03, -1.88e-01, 8.09e-01, -4.35e-02]
18800 [-5.55e-01, -2.45e-01, 3.21e-01, -4.04e-02, 4.05e-01, 3.68e-01, -1.06e-01, 4.43e-03, -1.66e-01, 8.09e-01, -4.23e-02]
18900 [-5.55e-01, -2.45e-01, 3.21e-01, -4.20e-02, 4.81e-01, 3.75e-01, -1.06e-01, 4.58e-03, -1.51e-01, 8.10e-01, -4.12e-02]
19000 [-5.55e-01, -2.45e-01, 3.21e-01, -4.31e-02, 5.30e-01, 3.81e-01, -1.06e-01, 4.67e-03, -1.40e-01, 8.10e-01, -4.03e-02]
19100 [-5.55e-01, -2.45e-01, 3.21e-01, -4.39e-02, 5.62e-01, 3.87e-01, -1.06e-01, 4.74e-03, -1.32e-01, 8.10e-01, -3.95e-02]
19200 [-5.55e-01, -2.45e-01, 3.21e-01, -4.46e-02, 5.82e-01, 3.92e-01, -1.05e-01, 4.79e-03, -1.26e-01, 8.10e-01, -3.89e-02]
19300 [-5.55e-01, -2.45e-01, 3.21e-01, -4.51e-02, 5.95e-01, 3.97e-01, -1.05e-01, 4.83e-03, -1.22e-01, 8.10e-01, -3.83e-02]
19400 [-5.55e-01, -2.45e-01, 3.21e-01, -4.55e-02, 6.03e-01, 4.01e-01, -1.05e-01, 4.86e-03, -1.19e-01, 8.10e-01, -3.78e-02]
19500 [-5.55e-01, -2.45e-01, 3.21e-01, -4.58e-02, 6.09e-01, 4.05e-01, -1.05e-01, 4.89e-03, -1.16e-01, 8.10e-01, -3.73e-02]
19600 [-5.55e-01, -2.45e-01, 3.21e-01, -4.60e-02, 6.12e-01, 4.09e-01, -1.05e-01, 4.91e-03, -1.14e-01, 8.10e-01, -3.69e-02]
19700 [-5.55e-01, -2.45e-01, 3.21e-01, -4.62e-02, 6.14e-01, 4.13e-01, -1.05e-01, 4.92e-03, -1.13e-01, 8.10e-01, -3.65e-02]
19800 [-5.55e-01, -2.45e-01, 3.21e-01, -4.63e-02, 6.16e-01, 4.17e-01, -1.05e-01, 4.94e-03, -1.13e-01, 8.10e-01, -3.61e-02]
19900 [-5.55e-01, -2.45e-01, 3.21e-01, -4.63e-02, 6.16e-01, 4.20e-01, -1.05e-01, 4.95e-03, -1.12e-01, 8.11e-01, -3.58e-02]
20000 [-5.55e-01, -2.45e-01, 3.21e-01, -4.63e-02, 6.16e-01, 4.24e-01, -1.05e-01, 4.95e-03, -1.12e-01, 8.11e-01, -3.55e-02]
20000 [-5.55e-01, -2.45e-01, 3.21e-01, -4.63e-02, 6.16e-01, 4.24e-01, -1.05e-01, 4.95e-03, -1.12e-01, 8.11e-01, -3.55e-02]
20100 [-3.68e-01, -2.18e-01, 3.76e-01, 3.80e-02, 4.65e-01, 3.30e-01, -4.59e-02, 1.90e-02, -7.54e-02, 6.55e-01, 1.52e-02]
20200 [-3.73e-01, -1.43e-01, 3.69e-01, 9.54e-02, 4.66e-01, 3.33e-01, -4.59e-02, 1.55e-02, -6.95e-02, 6.54e-01, 1.53e-02]
20300 [-3.83e-01, 3.29e-03, 3.90e-01, 1.08e-01, 4.66e-01, 3.40e-01, -4.59e-02, 1.52e-02, -6.25e-02, 6.54e-01, 1.53e-02]
20400 [-3.91e-01, 8.95e-02, 4.04e-01, 1.01e-01, 4.66e-01, 3.48e-01, -4.59e-02, 1.49e-02, -6.99e-02, 6.54e-01, 1.54e-02]
20500 [-3.97e-01, 1.36e-01, 4.13e-01, 9.03e-02, 4.66e-01, 3.58e-01, -4.59e-02, 1.48e-02, -8.38e-02, 6.54e-01, 1.55e-02]
20600 [-4.04e-01, 1.71e-01, 4.19e-01, 7.94e-02, 4.65e-01, 3.69e-01, -4.59e-02, 1.46e-02, -9.91e-02, 6.54e-01, 1.56e-02]
20700 [-3.94e-01, 4.99e-02, 4.17e-01, 8.40e-02, 4.58e-01, 3.47e-01, -4.59e-02, 1.47e-02, -1.69e-01, 6.48e-01, 1.58e-02]
20800 [-4.03e-01, 1.20e-01, 4.27e-01, 7.87e-02, 4.58e-01, 3.62e-01, -4.59e-02, 1.45e-02, -1.77e-01, 6.48e-01, 1.60e-02]
20900 [-4.11e-01, 1.67e-01, 4.30e-01, 7.56e-02, 4.58e-01, 3.77e-01, -4.59e-02, 1.44e-02, -1.83e-01, 6.48e-01, 1.61e-02]
21000 [-4.20e-01, 2.32e-01, 4.30e-01, 7.27e-02, 4.58e-01, 3.93e-01, -4.59e-02, 1.42e-02, -1.90e-01, 6.48e-01, 1.62e-02]
21100 [-4.28e-01, 2.90e-01, 4.30e-01, 6.97e-02, 4.58e-01, 4.09e-01, -4.59e-02, 1.41e-02, -1.98e-01, 6.48e-01, 1.63e-02]
21200 [-4.36e-01, 3.41e-01, 4.31e-01, 6.69e-02, 4.58e-01, 4.25e-01, -4.59e-02, 1.40e-02, -2.05e-01, 6.48e-01, 1.65e-02]
21300 [-4.44e-01, 3.69e-01, 4.23e-01, 6.64e-02, 4.58e-01, 4.22e-01, -4.59e-02, 1.38e-02, -2.21e-01, 6.48e-01, 1.66e-02]
21400 [-4.52e-01, 3.88e-01, 4.11e-01, 6.90e-02, 4.57e-01, 4.08e-01, -4.59e-02, 1.37e-02, -2.34e-01, 6.47e-01, 1.69e-02]
21500 [-4.61e-01, 4.05e-01, 4.01e-01, 7.36e-02, 4.57e-01, 4.04e-01, -4.59e-02, 1.35e-02, -2.41e-01, 6.47e-01, 1.70e-02]
21600 [-4.69e-01, 4.14e-01, 3.89e-01, 8.05e-02, 4.57e-01, 3.95e-01, -4.59e-02, 1.34e-02, -2.48e-01, 6.46e-01, 1.72e-02]
21700 [-4.76e-01, 4.15e-01, 3.76e-01, 9.02e-02, 4.57e-01, 3.86e-01, -4.59e-02, 1.32e-02, -2.55e-01, 6.46e-01, 1.74e-02]
21800 [-5.51e-01, 2.30e-01, 7.72e-01, 3.21e-01, -3.46e-01, 4.25e-02, 7.21e-02, -1.42e-02, -5.16e-01, 3.81e-01, 6.41e-02]
21900 [-4.54e-01, 2.70e-01, 3.74e-01, 1.98e-01, -4.77e-01, -2.58e-02, -8.56e-02, 4.27e-02, -6.24e-01, 1.36e-01, -2.04e-01]
22000 [-4.15e-01, 2.70e-01, 3.76e-01, 2.07e-01, -6.63e-01, -2.56e-02, -8.56e-02, 1.50e-01, -6.60e-01, 1.30e-01, -1.43e-01]
22100 [-4.02e-01, 2.70e-01, 3.78e-01, 2.10e-01, -1.76e+00, -2.53e-02, -8.56e-02, 2.49e-01, -6.78e-01, 1.28e-01, -1.09e-01]
22200 [-3.97e-01, 2.70e-01, 3.78e-01, 2.11e-01, -2.90e+00, -2.50e-02, -8.56e-02, 2.83e-01, -6.87e-01, 1.27e-01, -8.72e-02]
22300 [-3.96e-01, 2.70e-01, 3.79e-01, 2.11e-01, -3.52e+00, -2.46e-02, -8.56e-02, 2.90e-01, -6.90e-01, 1.26e-01, -7.31e-02]
22400 [-3.95e-01, 2.70e-01, 3.79e-01, 2.11e-01, -4.07e+00, -2.42e-02, -8.56e-02, 2.91e-01, -6.90e-01, 1.26e-01, -6.40e-02]
22500 [-3.95e-01, 2.70e-01, 3.79e-01, 2.11e-01, -4.36e+00, -2.37e-02, -8.56e-02, 2.92e-01, -6.88e-01, 1.26e-01, -5.80e-02]
22600 [-3.95e-01, 2.70e-01, 3.79e-01, 2.11e-01, -4.68e+00, -2.33e-02, -8.56e-02, 2.92e-01, -6.83e-01, 1.26e-01, -5.42e-02]
22700 [-3.95e-01, 2.70e-01, 3.79e-01, 2.11e-01, -4.84e+00, -2.29e-02, -8.56e-02, 2.92e-01, -6.78e-01, 1.26e-01, -5.17e-02]
22800 [-3.95e-01, 2.70e-01, 3.78e-01, 2.11e-01, -5.07e+00, -2.24e-02, -8.56e-02, 2.92e-01, -6.71e-01, 1.26e-01, -5.02e-02]
22900 [-3.95e-01, 2.70e-01, 3.78e-01, 2.11e-01, -5.15e+00, -2.20e-02, -8.56e-02, 2.92e-01, -6.64e-01, 1.26e-01, -4.92e-02]
23000 [-3.95e-01, 2.70e-01, 3.78e-01, 2.11e-01, -5.33e+00, -2.15e-02, -8.56e-02, 2.92e-01, -6.57e-01, 1.26e-01, -4.87e-02]
23100 [-3.95e-01, 2.70e-01, 3.78e-01, 2.11e-01, -5.49e+00, -2.11e-02, -8.56e-02, 2.92e-01, -6.49e-01, 1.26e-01, -4.84e-02]
23200 [-3.95e-01, 2.70e-01, 3.78e-01, 2.11e-01, -5.52e+00, -2.07e-02, -8.56e-02, 2.92e-01, -6.42e-01, 1.26e-01, -4.82e-02]
23300 [-3.95e-01, 2.70e-01, 3.77e-01, 2.11e-01, -5.65e+00, -2.02e-02, -8.56e-02, 2.92e-01, -6.34e-01, 1.26e-01, -4.82e-02]
23400 [-3.95e-01, 2.70e-01, 3.77e-01, 2.11e-01, -5.78e+00, -1.98e-02, -8.56e-02, 2.92e-01, -6.26e-01, 1.26e-01, -4.83e-02]
23500 [-3.95e-01, 2.70e-01, 3.77e-01, 2.11e-01, -5.77e+00, -1.94e-02, -8.56e-02, 2.92e-01, -6.17e-01, 1.26e-01, -4.84e-02]
23600 [-3.95e-01, 2.70e-01, 3.77e-01, 2.11e-01, -5.86e+00, -1.90e-02, -8.56e-02, 2.92e-01, -6.09e-01, 1.26e-01, -4.86e-02]
23700 [-3.95e-01, 2.70e-01, 3.77e-01, 2.11e-01, -5.96e+00, -1.87e-02, -8.56e-02, 2.92e-01, -6.01e-01, 1.26e-01, -4.88e-02]
23800 [-3.95e-01, 2.70e-01, 3.76e-01, 2.11e-01, -6.06e+00, -1.83e-02, -8.56e-02, 2.92e-01, -5.93e-01, 1.26e-01, -4.91e-02]
23900 [-3.95e-01, 2.70e-01, 3.76e-01, 2.11e-01, -5.98e+00, -1.80e-02, -8.56e-02, 2.92e-01, -5.85e-01, 1.26e-01, -4.94e-02]
24000 [-3.95e-01, 2.70e-01, 3.76e-01, 2.11e-01, -6.06e+00, -1.76e-02, -8.56e-02, 2.92e-01, -5.77e-01, 1.26e-01, -4.97e-02]
24100 [-3.95e-01, 2.70e-01, 3.76e-01, 2.12e-01, -6.14e+00, -1.73e-02, -8.56e-02, 2.92e-01, -5.69e-01, 1.26e-01, -5.01e-02]
24200 [-3.95e-01, 2.70e-01, 3.76e-01, 2.12e-01, -6.21e+00, -1.70e-02, -8.56e-02, 2.92e-01, -5.61e-01, 1.26e-01, -5.05e-02]
24300 [-3.95e-01, 2.70e-01, 3.76e-01, 2.12e-01, -6.10e+00, -1.67e-02, -8.56e-02, 2.92e-01, -5.53e-01, 1.26e-01, -5.10e-02]
24400 [-3.95e-01, 2.70e-01, 3.75e-01, 2.12e-01, -6.14e+00, -1.65e-02, -8.56e-02, 2.92e-01, -5.45e-01, 1.26e-01, -5.15e-02]
24500 [-3.95e-01, 2.70e-01, 3.75e-01, 2.12e-01, -6.20e+00, -1.63e-02, -8.56e-02, 2.93e-01, -5.38e-01, 1.26e-01, -5.20e-02]
24600 [-3.95e-01, 2.70e-01, 3.75e-01, 2.12e-01, -6.26e+00, -1.60e-02, -8.56e-02, 2.93e-01, -5.30e-01, 1.26e-01, -5.26e-02]
24700 [-3.95e-01, 2.70e-01, 3.75e-01, 2.12e-01, -6.31e+00, -1.58e-02, -8.56e-02, 2.93e-01, -5.23e-01, 1.26e-01, -5.32e-02]
24800 [-3.95e-01, 2.70e-01, 3.75e-01, 2.12e-01, -6.11e+00, -1.57e-02, -8.56e-02, 2.93e-01, -5.16e-01, 1.26e-01, -5.38e-02]
24900 [-3.95e-01, 2.70e-01, 3.75e-01, 2.12e-01, -6.14e+00, -1.55e-02, -8.56e-02, 2.93e-01, -5.08e-01, 1.26e-01, -5.45e-02]
25000 [-3.95e-01, 2.70e-01, 3.75e-01, 2.12e-01, -6.19e+00, -1.54e-02, -8.56e-02, 2.93e-01, -5.02e-01, 1.26e-01, -5.52e-02]
25100 [-3.95e-01, 2.70e-01, 3.75e-01, 2.12e-01, -6.23e+00, -1.53e-02, -8.56e-02, 2.93e-01, -4.95e-01, 1.26e-01, -5.60e-02]
25200 [-3.95e-01, 2.70e-01, 3.75e-01, 2.12e-01, -6.26e+00, -1.52e-02, -8.56e-02, 2.93e-01, -4.88e-01, 1.26e-01, -5.68e-02]
25300 [-3.95e-01, 2.70e-01, 3.75e-01, 2.12e-01, -6.30e+00, -1.51e-02, -8.56e-02, 2.93e-01, -4.82e-01, 1.26e-01, -5.76e-02]
25400 [-3.95e-01, 2.70e-01, 3.75e-01, 2.12e-01, -6.00e+00, -1.50e-02, -8.56e-02, 2.93e-01, -4.76e-01, 1.26e-01, -5.84e-02]
25500 [-3.95e-01, 2.70e-01, 3.75e-01, 2.13e-01, -6.01e+00, -1.50e-02, -8.56e-02, 2.93e-01, -4.70e-01, 1.26e-01, -5.92e-02]
25600 [-3.95e-01, 2.70e-01, 3.75e-01, 2.13e-01, -6.04e+00, -1.50e-02, -8.56e-02, 2.93e-01, -4.64e-01, 1.26e-01, -6.00e-02]
25700 [-3.95e-01, 2.70e-01, 3.75e-01, 2.13e-01, -6.06e+00, -1.50e-02, -8.56e-02, 2.93e-01, -4.58e-01, 1.26e-01, -6.08e-02]
25800 [-3.95e-01, 2.70e-01, 3.75e-01, 2.13e-01, -6.09e+00, -1.50e-02, -8.56e-02, 2.93e-01, -4.53e-01, 1.26e-01, -6.16e-02]
25900 [-3.95e-01, 2.70e-01, 3.75e-01, 2.13e-01, -6.11e+00, -1.50e-02, -8.56e-02, 2.93e-01, -4.48e-01, 1.26e-01, -6.24e-02]
26000 [-3.95e-01, 2.70e-01, 3.75e-01, 2.13e-01, -6.13e+00, -1.51e-02, -8.56e-02, 2.93e-01, -4.43e-01, 1.26e-01, -6.31e-02]
26100 [-3.95e-01, 2.70e-01, 3.75e-01, 2.13e-01, -5.96e+00, -1.51e-02, -8.56e-02, 2.93e-01, -4.39e-01, 1.26e-01, -6.38e-02]
26200 [-3.95e-01, 2.70e-01, 3.75e-01, 2.13e-01, -5.73e+00, -1.52e-02, -8.56e-02, 2.93e-01, -4.34e-01, 1.26e-01, -6.44e-02]
26300 [-3.95e-01, 2.70e-01, 3.76e-01, 2.13e-01, -5.74e+00, -1.53e-02, -8.56e-02, 2.93e-01, -4.30e-01, 1.26e-01, -6.50e-02]
26400 [-3.95e-01, 2.70e-01, 3.76e-01, 2.13e-01, -5.75e+00, -1.54e-02, -8.56e-02, 2.93e-01, -4.27e-01, 1.26e-01, -6.56e-02]
26500 [-3.95e-01, 2.70e-01, 3.76e-01, 2.13e-01, -5.77e+00, -1.55e-02, -8.56e-02, 2.94e-01, -4.23e-01, 1.26e-01, -6.60e-02]
26600 [-3.95e-01, 2.70e-01, 3.77e-01, 2.13e-01, -5.78e+00, -1.56e-02, -8.56e-02, 2.94e-01, -4.20e-01, 1.26e-01, -6.64e-02]
26700 [-3.95e-01, 2.70e-01, 3.77e-01, 2.14e-01, -5.78e+00, -1.57e-02, -8.56e-02, 2.94e-01, -4.17e-01, 1.26e-01, -6.68e-02]
26800 [-3.95e-01, 2.70e-01, 3.77e-01, 2.14e-01, -5.79e+00, -1.59e-02, -8.56e-02, 2.94e-01, -4.15e-01, 1.26e-01, -6.71e-02]
26900 [-3.95e-01, 2.70e-01, 3.78e-01, 2.14e-01, -5.80e+00, -1.60e-02, -8.56e-02, 2.94e-01, -4.13e-01, 1.26e-01, -6.73e-02]
27000 [-3.95e-01, 2.70e-01, 3.78e-01, 2.14e-01, -5.30e+00, -1.62e-02, -8.56e-02, 2.94e-01, -4.11e-01, 1.26e-01, -6.75e-02]
27100 [-3.95e-01, 2.70e-01, 3.79e-01, 2.14e-01, -5.30e+00, -1.63e-02, -8.56e-02, 2.94e-01, -4.09e-01, 1.26e-01, -6.77e-02]
27200 [-3.95e-01, 2.70e-01, 3.80e-01, 2.14e-01, -5.30e+00, -1.64e-02, -8.56e-02, 2.94e-01, -4.08e-01, 1.26e-01, -6.78e-02]
27300 [-3.95e-01, 2.70e-01, 3.80e-01, 2.14e-01, -5.31e+00, -1.66e-02, -8.56e-02, 2.94e-01, -4.07e-01, 1.26e-01, -6.79e-02]
27400 [-3.95e-01, 2.70e-01, 3.81e-01, 2.14e-01, -5.31e+00, -1.67e-02, -8.56e-02, 2.94e-01, -4.06e-01, 1.26e-01, -6.80e-02]
27500 [-3.95e-01, 2.70e-01, 3.82e-01, 2.14e-01, -5.31e+00, -1.68e-02, -8.56e-02, 2.94e-01, -4.05e-01, 1.26e-01, -6.80e-02]
27600 [-3.95e-01, 2.70e-01, 3.83e-01, 2.14e-01, -5.32e+00, -1.69e-02, -8.56e-02, 2.94e-01, -4.04e-01, 1.26e-01, -6.80e-02]
27700 [-3.95e-01, 2.70e-01, 3.84e-01, 2.14e-01, -5.32e+00, -1.70e-02, -8.56e-02, 2.94e-01, -4.04e-01, 1.26e-01, -6.81e-02]
27800 [-3.95e-01, 2.70e-01, 3.85e-01, 2.14e-01, -5.32e+00, -1.72e-02, -8.56e-02, 2.94e-01, -4.03e-01, 1.26e-01, -6.81e-02]
27900 [-3.95e-01, 2.70e-01, 3.86e-01, 2.14e-01, -4.74e+00, -1.72e-02, -8.56e-02, 2.94e-01, -4.03e-01, 1.26e-01, -6.81e-02]
28000 [-3.95e-01, 2.70e-01, 3.88e-01, 2.14e-01, -4.74e+00, -1.73e-02, -8.56e-02, 2.94e-01, -4.03e-01, 1.26e-01, -6.81e-02]
28100 [-3.95e-01, 2.70e-01, 3.89e-01, 2.14e-01, -4.74e+00, -1.74e-02, -8.56e-02, 2.94e-01, -4.02e-01, 1.26e-01, -6.81e-02]
28200 [-3.95e-01, 2.70e-01, 3.90e-01, 2.14e-01, -4.74e+00, -1.75e-02, -8.56e-02, 2.94e-01, -4.02e-01, 1.26e-01, -6.81e-02]
28300 [-3.95e-01, 2.70e-01, 3.92e-01, 2.14e-01, -4.74e+00, -1.76e-02, -8.56e-02, 2.94e-01, -4.02e-01, 1.26e-01, -6.81e-02]
28400 [-3.95e-01, 2.70e-01, 3.93e-01, 2.14e-01, -4.74e+00, -1.76e-02, -8.56e-02, 2.94e-01, -4.02e-01, 1.26e-01, -6.81e-02]
28500 [-3.95e-01, 2.70e-01, 3.95e-01, 2.15e-01, -4.74e+00, -1.77e-02, -8.56e-02, 2.94e-01, -4.02e-01, 1.26e-01, -6.81e-02]
28600 [-3.95e-01, 2.70e-01, 3.97e-01, 2.15e-01, -4.74e+00, -1.77e-02, -8.56e-02, 2.94e-01, -4.02e-01, 1.26e-01, -6.81e-02]
28700 [-3.96e-01, 2.70e-01, 3.99e-01, 2.15e-01, -4.74e+00, -1.78e-02, -8.56e-02, 2.94e-01, -4.02e-01, 1.26e-01, -6.81e-02]
28800 [-3.96e-01, 2.70e-01, 4.01e-01, 2.15e-01, -4.72e+00, -1.78e-02, -8.56e-02, 2.94e-01, -4.02e-01, 1.26e-01, -6.81e-02]
28900 [-3.96e-01, 2.70e-01, 4.03e-01, 2.15e-01, -4.08e+00, -1.79e-02, -8.56e-02, 2.94e-01, -4.02e-01, 1.26e-01, -6.81e-02]
29000 [-3.96e-01, 2.70e-01, 4.05e-01, 2.15e-01, -4.08e+00, -1.79e-02, -8.56e-02, 2.94e-01, -4.02e-01, 1.26e-01, -6.81e-02]
29100 [-3.96e-01, 2.70e-01, 4.07e-01, 2.15e-01, -4.08e+00, -1.80e-02, -8.56e-02, 2.94e-01, -4.02e-01, 1.26e-01, -6.81e-02]
29200 [-3.96e-01, 2.70e-01, 4.10e-01, 2.15e-01, -4.08e+00, -1.80e-02, -8.56e-02, 2.94e-01, -4.02e-01, 1.26e-01, -6.81e-02]
29300 [-3.96e-01, 2.70e-01, 4.12e-01, 2.15e-01, -4.08e+00, -1.80e-02, -8.56e-02, 2.94e-01, -4.02e-01, 1.26e-01, -6.81e-02]
29400 [-3.96e-01, 2.70e-01, 4.15e-01, 2.15e-01, -4.08e+00, -1.81e-02, -8.56e-02, 2.94e-01, -4.02e-01, 1.26e-01, -6.81e-02]
29500 [-3.96e-01, 2.70e-01, 4.18e-01, 2.15e-01, -4.08e+00, -1.81e-02, -8.56e-02, 2.94e-01, -4.02e-01, 1.26e-01, -6.81e-02]
29600 [-3.96e-01, 2.70e-01, 4.21e-01, 2.15e-01, -4.08e+00, -1.82e-02, -8.56e-02, 2.94e-01, -4.02e-01, 1.26e-01, -6.81e-02]
29700 [-3.96e-01, 2.70e-01, 4.24e-01, 2.15e-01, -4.08e+00, -1.82e-02, -8.56e-02, 2.94e-01, -4.02e-01, 1.26e-01, -6.81e-02]
29800 [-3.96e-01, 2.70e-01, 4.27e-01, 2.15e-01, -4.08e+00, -1.82e-02, -8.56e-02, 2.94e-01, -4.02e-01, 1.26e-01, -6.81e-02]
29900 [-3.96e-01, 2.70e-01, 4.30e-01, 2.15e-01, -4.05e+00, -1.83e-02, -8.56e-02, 2.94e-01, -4.02e-01, 1.26e-01, -6.81e-02]
30000 [-3.96e-01, 2.70e-01, 4.34e-01, 2.15e-01, -3.36e+00, -1.83e-02, -8.56e-02, 2.94e-01, -4.02e-01, 1.26e-01, -6.81e-02]
30000 [-3.96e-01, 2.70e-01, 4.34e-01, 2.15e-01, -3.36e+00, -1.83e-02, -8.56e-02, 2.94e-01, -4.02e-01, 1.26e-01, -6.81e-02]
30100 [-2.11e-01, 2.33e-01, 4.07e-01, 1.96e-01, -3.14e+00, 2.68e-01, -9.63e-02, 3.06e-01, -2.11e-01, 1.66e-01, -1.13e-01]
30200 [-2.16e-01, 2.34e-01, 3.83e-01, 1.94e-01, -3.14e+00, 3.16e-01, -9.63e-02, 3.06e-01, -2.08e-01, 1.66e-01, -1.04e-01]
30300 [-2.17e-01, 2.34e-01, 3.79e-01, 1.94e-01, -3.14e+00, 3.21e-01, -9.63e-02, 3.06e-01, -2.08e-01, 1.65e-01, -1.04e-01]
30400 [-2.18e-01, 2.34e-01, 3.76e-01, 1.93e-01, -3.14e+00, 3.25e-01, -9.63e-02, 3.06e-01, -2.07e-01, 1.65e-01, -1.04e-01]
30500 [-2.22e-01, 2.34e-01, 3.61e-01, 1.93e-01, -3.14e+00, 3.42e-01, -9.63e-02, 3.06e-01, -2.07e-01, 1.67e-01, -1.05e-01]
30600 [-2.27e-01, 2.34e-01, 3.24e-01, 1.90e-01, -3.14e+00, 2.14e-01, -9.63e-02, 3.06e-01, -2.00e-01, 1.71e-01, -1.05e-01]
30700 [-2.33e-01, 2.34e-01, 2.85e-01, 1.88e-01, -3.14e+00, 2.78e-01, -9.63e-02, 3.06e-01, -1.97e-01, 1.75e-01, -1.11e-01]
30800 [-2.39e-01, 2.34e-01, 2.49e-01, 1.87e-01, -3.14e+00, 3.18e-01, -9.63e-02, 3.06e-01, -1.95e-01, 1.77e-01, -1.13e-01]
30900 [-2.44e-01, 2.34e-01, 2.15e-01, 1.86e-01, -3.14e+00, 3.44e-01, -9.63e-02, 3.06e-01, -1.94e-01, 1.78e-01, -1.14e-01]
31000 [-2.47e-01, 2.34e-01, 1.68e-01, 1.85e-01, -3.14e+00, 1.05e-01, -9.63e-02, 3.06e-01, -1.89e-01, 1.76e-01, -1.06e-01]
31100 [-2.49e-01, 2.34e-01, 1.22e-01, 1.84e-01, -3.14e+00, 1.55e-01, -9.63e-02, 3.06e-01, -1.88e-01, 1.80e-01, -1.08e-01]
31200 [-2.50e-01, 2.34e-01, 9.08e-02, 1.84e-01, -3.14e+00, 1.77e-01, -9.63e-02, 3.06e-01, -1.87e-01, 1.82e-01, -1.09e-01]
31300 [-2.51e-01, 2.34e-01, 6.69e-02, 1.83e-01, -3.14e+00, 1.89e-01, -9.63e-02, 3.06e-01, -1.87e-01, 1.83e-01, -1.09e-01]
31400 [-2.51e-01, 2.34e-01, 4.83e-02, 1.83e-01, -3.14e+00, 1.94e-01, -9.63e-02, 3.06e-01, -1.86e-01, 1.84e-01, -1.09e-01]
31500 [-2.52e-01, 2.34e-01, 3.38e-02, 1.83e-01, -3.14e+00, 1.97e-01, -9.63e-02, 3.06e-01, -1.86e-01, 1.84e-01, -1.09e-01]
31600 [-2.52e-01, 2.34e-01, 2.28e-02, 1.83e-01, -3.14e+00, 1.98e-01, -9.63e-02, 3.06e-01, -1.86e-01, 1.84e-01, -1.09e-01]
31700 [-2.52e-01, 2.34e-01, 1.44e-02, 1.83e-01, -3.14e+00, 1.98e-01, -9.63e-02, 3.06e-01, -1.86e-01, 1.83e-01, -1.09e-01]
31800 [-2.52e-01, 2.33e-01, 8.25e-03, 1.83e-01, -3.14e+00, 1.98e-01, -9.63e-02, 3.06e-01, -1.86e-01, 1.82e-01, -1.09e-01]
31900 [-2.52e-01, 2.33e-01, 3.83e-03, 1.83e-01, -3.14e+00, 1.98e-01, -9.63e-02, 3.06e-01, -1.86e-01, -5.11e-02, -1.09e-01]
32000 [-2.52e-01, 2.33e-01, 6.99e-04, 1.83e-01, -3.14e+00, 1.98e-01, -9.63e-02, 3.06e-01, -1.86e-01, -5.17e-02, -1.09e-01]
32100 [-2.52e-01, 2.33e-01, -1.43e-03, 1.83e-01, -3.14e+00, 1.98e-01, -9.63e-02, 3.06e-01, -1.86e-01, -5.17e-02, -1.09e-01]
32200 [-2.52e-01, 2.33e-01, -2.84e-03, 1.83e-01, -3.14e+00, 1.98e-01, -9.63e-02, 3.06e-01, -1.86e-01, -5.18e-02, -1.09e-01]
32300 [-2.52e-01, 2.33e-01, -3.74e-03, 1.83e-01, -3.14e+00, 1.98e-01, -9.63e-02, 3.06e-01, -1.86e-01, -5.19e-02, -1.09e-01]
32400 [-2.52e-01, 2.33e-01, -4.31e-03, 1.83e-01, -3.14e+00, 1.98e-01, -9.63e-02, 3.06e-01, -1.86e-01, -5.21e-02, -1.09e-01]
32500 [-2.52e-01, 2.33e-01, -4.01e-03, 1.84e-01, -2.87e+00, 7.11e-02, -9.63e-02, 3.06e-01, -5.68e-02, 4.07e-03, -1.08e-01]
32600 [-2.51e-01, 2.33e-01, -3.81e-04, 1.84e-01, -2.84e+00, 6.54e-02, -9.63e-02, 3.06e-01, -4.93e-02, 1.17e-02, -1.08e-01]
32700 [-2.51e-01, 2.33e-01, 8.58e-04, 1.84e-01, -2.84e+00, 6.64e-02, -9.63e-02, 3.06e-01, -4.92e-02, 1.13e-02, -1.08e-01]
32800 [-2.51e-01, 2.33e-01, 1.20e-03, 1.84e-01, -2.84e+00, 6.72e-02, -9.63e-02, 3.06e-01, -4.92e-02, 1.09e-02, -1.08e-01]
32900 [-2.51e-01, 2.33e-01, 1.27e-03, 1.84e-01, -2.84e+00, 6.79e-02, -9.63e-02, 3.06e-01, -4.92e-02, -3.33e-03, -1.08e-01]
33000 [-2.51e-01, 2.33e-01, 1.25e-03, 1.84e-01, -2.84e+00, 6.88e-02, -9.63e-02, 3.06e-01, -4.91e-02, -4.42e-03, -1.08e-01]
33100 [-2.51e-01, 2.33e-01, 1.21e-03, 1.84e-01, -2.84e+00, 6.96e-02, -9.63e-02, 3.06e-01, -4.91e-02, -4.67e-03, -1.08e-01]
33200 [-2.51e-01, 2.33e-01, 1.17e-03, 1.84e-01, -2.84e+00, 7.05e-02, -9.63e-02, 3.06e-01, -4.91e-02, -4.92e-03, -1.08e-01]
33300 [-2.51e-01, 2.33e-01, 1.12e-03, 1.84e-01, -2.84e+00, 7.14e-02, -9.63e-02, 3.06e-01, -4.90e-02, 8.46e-04, -1.08e-01]
33400 [-2.51e-01, 2.33e-01, 1.06e-03, 1.85e-01, -2.68e+00, 7.17e-02, -9.63e-02, 3.06e-01, -3.67e-02, 2.13e-03, -1.08e-01]
33500 [-2.51e-01, 2.33e-01, 1.04e-03, 1.85e-01, -2.65e+00, 7.27e-02, -9.63e-02, 3.06e-01, -3.46e-02, 1.87e-03, -1.08e-01]
33600 [-2.51e-01, 2.33e-01, 9.95e-04, 1.85e-01, -2.65e+00, 7.37e-02, -9.63e-02, 3.06e-01, -3.45e-02, 1.61e-03, -1.08e-01]
33700 [-2.51e-01, 2.33e-01, 9.37e-04, 1.85e-01, -2.65e+00, 7.49e-02, -9.63e-02, 3.06e-01, -3.45e-02, 1.35e-03, -1.08e-01]
33800 [-2.51e-01, 2.33e-01, 8.75e-04, 1.85e-01, -2.65e+00, 7.61e-02, -9.63e-02, 3.06e-01, -3.44e-02, -7.71e-04, -1.08e-01]
33900 [-2.51e-01, 2.33e-01, 8.09e-04, 1.85e-01, -2.65e+00, 7.73e-02, -9.63e-02, 3.06e-01, -3.44e-02, -1.00e-03, -1.08e-01]
34000 [-2.51e-01, 2.33e-01, 8.24e-04, 1.88e-01, -2.37e+00, 7.63e-02, -9.63e-02, 3.06e-01, -6.27e-03, -1.04e-03, -1.08e-01]
34100 [-2.51e-01, 2.33e-01, 7.80e-04, 1.88e-01, -2.36e+00, 7.77e-02, -9.63e-02, 3.06e-01, -6.25e-03, -9.53e-04, -1.08e-01]
34200 [-2.51e-01, 2.33e-01, 7.07e-04, 1.88e-01, -2.36e+00, 7.91e-02, -9.63e-02, 3.06e-01, -6.23e-03, 4.41e-04, -1.08e-01]
34300 [-2.51e-01, 2.33e-01, 6.28e-04, 1.88e-01, -2.36e+00, 8.07e-02, -9.63e-02, 3.06e-01, -6.21e-03, 4.81e-04, -1.08e-01]
34400 [-2.51e-01, 2.33e-01, 5.46e-04, 1.88e-01, -2.36e+00, 8.22e-02, -9.63e-02, 3.06e-01, -6.19e-03, 5.82e-04, -1.08e-01]
34500 [-2.51e-01, 2.33e-01, 4.59e-04, 1.88e-01, -2.36e+00, 8.39e-02, -9.63e-02, 3.06e-01, -6.16e-03, 7.00e-04, -1.08e-01]
34600 [-2.51e-01, 2.33e-01, 2.83e-04, 1.88e-01, -2.36e+00, 8.45e-02, -9.63e-02, 3.06e-01, -6.15e-03, -3.36e-04, -1.08e-01]
34700 [-2.49e-01, 2.33e-01, 3.45e-03, 1.92e-01, -2.19e+00, 2.17e-02, -9.63e-02, 3.06e-01, -4.32e-03, -1.38e-03, -1.08e-01]
34800 [-2.49e-01, 2.33e-01, 3.40e-03, 1.92e-01, -2.19e+00, 2.38e-02, -9.63e-02, 3.06e-01, -4.30e-03, -1.71e-03, -1.08e-01]
34900 [-2.49e-01, 2.33e-01, 3.30e-03, 1.92e-01, -2.19e+00, 2.60e-02, -9.63e-02, 3.06e-01, -4.25e-03, -2.03e-03, -1.08e-01]
35000 [-2.49e-01, 2.33e-01, 3.20e-03, 1.92e-01, -2.19e+00, 2.84e-02, -9.63e-02, 3.06e-01, -4.19e-03, -2.34e-03, -1.08e-01]
35100 [-2.49e-01, 2.33e-01, 3.09e-03, 1.92e-01, -2.19e+00, 3.09e-02, -9.63e-02, 3.06e-01, -4.14e-03, -3.89e-04, -1.08e-01]
35200 [-2.29e-01, 2.33e-01, 4.61e-03, 2.17e-01, -1.95e+00, -8.97e-03, -9.63e-02, 3.06e-01, -4.35e-02, -1.75e-03, -1.07e-01]
35300 [-2.29e-01, 2.33e-01, 4.45e-03, 2.17e-01, -1.95e+00, -6.16e-03, -9.63e-02, 3.06e-01, -4.33e-02, -3.33e-03, -1.07e-01]
35400 [-2.28e-01, 2.33e-01, 4.35e-03, 2.17e-01, -1.95e+00, -3.24e-03, -9.63e-02, 3.06e-01, -4.32e-02, -4.92e-03, -1.07e-01]
35500 [-2.04e-01, 2.33e-01, 4.45e-03, 2.17e-01, -1.95e+00, 9.53e-04, -9.63e-02, 3.06e-01, -4.30e-02, -4.94e-02, -1.07e-01]
35600 [-1.84e-01, 2.33e-01, 3.49e-03, 2.17e-01, -1.95e+00, 1.35e-02, -9.63e-02, 3.06e-01, -4.32e-02, -9.93e-03, -1.07e-01]
35700 [-1.84e-01, 2.33e-01, 3.29e-03, 2.17e-01, -1.95e+00, 1.69e-02, -9.63e-02, 3.06e-01, -4.26e-02, -1.20e-02, -1.07e-01]
35800 [-1.78e-01, 2.33e-01, 3.93e-03, 2.19e-01, -1.74e+00, -8.80e-04, -9.63e-02, 3.06e-01, 6.63e-02, -1.42e-02, -1.02e-01]
35900 [-1.78e-01, 2.33e-01, 3.80e-03, 2.19e-01, -1.74e+00, 3.21e-03, -9.63e-02, 3.06e-01, 6.64e-02, -1.38e-02, -1.02e-01]
36000 [-1.77e-01, 2.33e-01, 3.65e-03, 2.19e-01, -1.74e+00, 7.60e-03, -9.63e-02, 3.06e-01, 6.64e-02, 3.67e-04, -1.02e-01]
36100 [-5.72e-02, 2.33e-01, 2.53e-03, 2.16e-01, -1.66e+00, 3.18e-02, -9.63e-02, 3.07e-01, 7.38e-02, -4.32e-03, 3.71e-02]
36200 [-2.34e-02, 2.33e-01, 4.88e-03, 2.11e-01, -1.65e+00, -1.07e-02, -9.63e-02, 3.07e-01, 6.50e-02, 5.37e-03, 3.18e-02]
36300 [-2.29e-02, 2.33e-01, 4.89e-03, 2.11e-01, -1.65e+00, -1.00e-02, -9.63e-02, 3.07e-01, 6.54e-02, -3.22e-03, 3.18e-02]
36400 [-2.25e-02, 2.33e-01, 4.89e-03, 2.11e-01, -1.65e+00, -9.31e-03, -9.63e-02, 3.07e-01, 6.58e-02, -8.74e-03, 3.18e-02]
36500 [-2.20e-02, 2.33e-01, 4.88e-03, 2.10e-01, -1.65e+00, -8.56e-03, -9.63e-02, 3.07e-01, 6.62e-02, -4.23e-03, 3.19e-02]
36600 [-2.20e-02, 2.33e-01, 4.86e-03, 1.96e-01, -1.40e+00, -7.65e-03, -9.63e-02, 3.07e-01, 4.33e-02, -1.01e-02, 3.19e-02]
36700 [-2.15e-02, 2.33e-01, 4.86e-03, 1.95e-01, -1.40e+00, -6.83e-03, -9.63e-02, 3.07e-01, 4.37e-02, -1.44e-02, 3.19e-02]
36800 [-2.09e-02, 2.33e-01, 4.85e-03, 1.95e-01, -1.40e+00, -5.98e-03, -9.63e-02, 3.07e-01, 4.42e-02, -9.08e-03, 3.19e-02]
36900 [-2.04e-02, 2.33e-01, 4.85e-03, 1.95e-01, -1.40e+00, -5.09e-03, -9.63e-02, 3.07e-01, 4.47e-02, -1.57e-02, 3.19e-02]
37000 [-1.98e-02, 2.33e-01, 4.84e-03, 1.94e-01, -1.40e+00, -4.17e-03, -9.63e-02, 3.07e-01, 4.53e-02, -2.20e-02, 3.20e-02]
37100 [-1.92e-02, 2.33e-01, 4.84e-03, 1.94e-01, -1.40e+00, -3.21e-03, -9.63e-02, 3.07e-01, 4.58e-02, -1.27e-02, 3.20e-02]
37200 [-1.85e-02, 2.33e-01, 4.83e-03, 1.93e-01, -1.40e+00, -2.21e-03, -9.63e-02, 3.07e-01, 4.64e-02, -8.36e-03, 3.20e-02]
37300 [-1.87e-02, 2.33e-01, 4.80e-03, 1.71e-01, -1.10e+00, -9.38e-04, -9.63e-02, 3.07e-01, 8.28e-03, -1.60e-02, 3.20e-02]
37400 [-1.80e-02, 2.33e-01, 4.79e-03, 1.70e-01, -1.10e+00, 1.41e-04, -9.63e-02, 3.07e-01, 8.82e-03, -2.38e-02, 3.20e-02]
37500 [-1.72e-02, 2.33e-01, 4.78e-03, 1.69e-01, -1.10e+00, 1.26e-03, -9.63e-02, 3.07e-01, 9.57e-03, -1.03e-02, 3.21e-02]
37600 [-1.31e-02, 2.33e-01, 4.92e-03, 1.69e-01, -1.10e+00, -7.94e-05, -9.63e-02, 3.07e-01, 1.05e-02, -1.09e-02, 3.21e-02]
37700 [-1.23e-02, 2.33e-01, 4.90e-03, 1.68e-01, -1.10e+00, 1.09e-03, -9.63e-02, 3.07e-01, 1.14e-02, -2.02e-02, 3.22e-02]
37800 [-7.97e-03, 2.33e-01, 5.08e-03, 1.67e-01, -1.10e+00, 5.47e-04, -9.63e-02, 3.07e-01, 1.21e-02, 1.39e-02, 3.22e-02]
37900 [-6.98e-03, 2.33e-01, 5.02e-03, 1.66e-01, -1.10e+00, 1.78e-03, -9.63e-02, 3.07e-01, 1.31e-02, -1.43e-02, 3.22e-02]
38000 [-6.16e-03, 2.33e-01, 5.28e-03, 1.65e-01, -1.10e+00, 2.89e-03, -9.63e-02, 3.07e-01, 1.41e-02, -8.22e-03, 3.23e-02]
38100 [-3.41e-03, 2.33e-01, 5.30e-03, 1.63e-01, -1.09e+00, -6.79e-03, -9.63e-02, 3.07e-01, 1.63e-02, -1.79e-02, 3.33e-02]
38200 [-4.69e-04, 2.33e-01, 5.27e-03, 1.46e-01, -9.40e-01, -5.67e-03, -9.63e-02, 3.07e-01, -9.21e-02, -2.51e-02, 3.48e-02]
38300 [-2.57e-03, 2.33e-01, 4.27e-03, 1.15e-01, -8.59e-01, 4.64e-02, -9.00e-02, 3.03e-01, 1.99e-02, -3.36e-02, -5.01e-02]
38400 [8.39e-04, 2.33e-01, 4.20e-03, 1.04e-01, -8.54e-01, 4.66e-02, -8.99e-02, 3.03e-01, 8.39e-03, -2.87e-02, -4.92e-02]
38500 [1.18e-03, 2.33e-01, 4.21e-03, 1.03e-01, -8.54e-01, 4.67e-02, -8.99e-02, 3.03e-01, 9.02e-03, -2.23e-03, -4.92e-02]
38600 [1.53e-03, 2.33e-01, 4.22e-03, 1.02e-01, -8.54e-01, 4.68e-02, -8.99e-02, 3.03e-01, 9.66e-03, -8.25e-04, -4.92e-02]
38700 [1.90e-03, 2.33e-01, 4.23e-03, 1.01e-01, -8.54e-01, 4.69e-02, -8.99e-02, 3.03e-01, 1.03e-02, -3.54e-03, -4.92e-02]
38800 [2.27e-03, 2.33e-01, 4.23e-03, 1.00e-01, -8.53e-01, 4.70e-02, -8.99e-02, 3.03e-01, 1.10e-02, -6.43e-03, -4.92e-02]
38900 [2.66e-03, 2.33e-01, 4.24e-03, 9.93e-02, -8.53e-01, 4.71e-02, -8.99e-02, 3.03e-01, 1.17e-02, -3.34e-03, -4.92e-02]
39000 [1.40e-03, 2.33e-01, 4.20e-03, 6.51e-02, -5.65e-01, 4.72e-02, -8.99e-02, 3.03e-01, 1.09e-02, -5.33e-03, -4.92e-02]
39100 [1.82e-03, 2.33e-01, 4.22e-03, 6.39e-02, -5.63e-01, 4.73e-02, -8.99e-02, 3.03e-01, 1.15e-02, 1.21e-04, -4.92e-02]
39200 [2.28e-03, 2.33e-01, 4.23e-03, 6.31e-02, -5.63e-01, 4.74e-02, -8.99e-02, 3.03e-01, 1.21e-02, -1.02e-03, -4.92e-02]
39300 [2.74e-03, 2.33e-01, 4.24e-03, 6.23e-02, -5.63e-01, 4.75e-02, -8.99e-02, 3.03e-01, 1.27e-02, -1.90e-03, -4.92e-02]
39400 [3.22e-03, 2.33e-01, 4.25e-03, 6.14e-02, -5.63e-01, 4.76e-02, -8.99e-02, 3.03e-01, 1.34e-02, -2.55e-03, -4.92e-02]
39500 [3.71e-03, 2.33e-01, 4.26e-03, 6.05e-02, -5.63e-01, 4.77e-02, -8.99e-02, 3.03e-01, 1.41e-02, -1.25e-04, -4.92e-02]
39600 [4.21e-03, 2.33e-01, 4.27e-03, 5.95e-02, -5.63e-01, 4.78e-02, -8.99e-02, 3.03e-01, 1.48e-02, -8.62e-04, -4.92e-02]
39700 [4.71e-03, 2.33e-01, 4.29e-03, 5.86e-02, -5.63e-01, 4.80e-02, -8.99e-02, 3.03e-01, 1.55e-02, -1.38e-03, -4.92e-02]
39800 [5.23e-03, 2.33e-01, 4.30e-03, 5.75e-02, -5.62e-01, 4.81e-02, -8.99e-02, 3.03e-01, 1.63e-02, 5.22e-05, -4.92e-02]
39900 [5.75e-03, 2.33e-01, 4.31e-03, 5.65e-02, -5.62e-01, 4.82e-02, -8.99e-02, 3.03e-01, 1.71e-02, -3.37e-04, -4.92e-02]
40000 [2.25e-02, 2.33e-01, 6.92e-03, 2.95e-02, -1.57e-01, -1.60e-02, -8.99e-02, 2.80e-01, -1.16e-02, -7.67e-04, -4.86e-02]
40000 [2.25e-02, 2.33e-01, 6.92e-03, 2.95e-02, -1.57e-01, -1.60e-02, -8.99e-02, 2.80e-01, -1.16e-02, -7.67e-04, -4.86e-02]
40100 [-1.21e-01, 1.37e-01, -7.92e-03, 1.11e-01, -1.45e-02, 1.19e-01, -1.45e-01, 2.32e-01, -9.59e-02, 1.01e-02, 3.67e-02]
40200 [-1.21e-01, 1.37e-01, 1.35e-04, 1.11e-01, -1.44e-02, 1.19e-01, -1.45e-01, 2.32e-01, -9.55e-02, 9.69e-03, 3.67e-02]
40300 [-1.21e-01, 1.36e-01, 9.45e-05, 1.10e-01, -1.44e-02, 1.19e-01, -1.45e-01, 2.32e-01, -9.51e-02, 9.25e-03, 3.67e-02]
40400 [-1.21e-01, 1.36e-01, 9.44e-05, 1.10e-01, -1.44e-02, 1.20e-01, -1.45e-01, 2.32e-01, -9.47e-02, 8.73e-03, 3.67e-02]
40500 [-1.21e-01, 1.36e-01, 9.43e-05, 1.09e-01, -1.43e-02, 1.20e-01, -1.45e-01, 2.32e-01, -9.42e-02, 8.12e-03, 3.67e-02]
40600 [-1.21e-01, 1.36e-01, 9.43e-05, 1.09e-01, -1.43e-02, 1.20e-01, -1.45e-01, 2.32e-01, -9.36e-02, 7.46e-03, 3.67e-02]
40700 [7.89e-04, 1.35e-01, 6.70e-03, 5.06e-02, -1.42e-02, -1.32e-02, -1.45e-01, 2.28e-01, -4.63e-02, 6.72e-03, 3.61e-02]
40800 [1.38e-03, 1.34e-01, 6.28e-03, 4.91e-02, -1.42e-02, -1.32e-02, -1.45e-01, 2.28e-01, -4.54e-02, 5.68e-03, 3.61e-02]
40900 [1.66e-03, 1.34e-01, 6.29e-03, 4.79e-02, -1.41e-02, -1.30e-02, -1.45e-01, 2.28e-01, -4.46e-02, 4.56e-03, 3.61e-02]
41000 [1.95e-03, 1.33e-01, 6.30e-03, 4.68e-02, -1.41e-02, -1.28e-02, -1.45e-01, 2.28e-01, -4.38e-02, 3.39e-03, 3.61e-02]
41100 [2.26e-03, 1.32e-01, 6.31e-03, 4.55e-02, -1.40e-02, -1.25e-02, -1.45e-01, 2.28e-01, -4.30e-02, 2.17e-03, 3.61e-02]
41200 [2.59e-03, 1.31e-01, 6.32e-03, 4.42e-02, -1.40e-02, -1.22e-02, -1.45e-01, 2.28e-01, -4.21e-02, 9.09e-04, 3.61e-02]
41300 [2.94e-03, 1.30e-01, 6.33e-03, 4.28e-02, -1.39e-02, -1.19e-02, -1.45e-01, 2.28e-01, -4.11e-02, -3.85e-04, 3.62e-02]
41400 [3.31e-03, 1.29e-01, 6.34e-03, 4.14e-02, -1.39e-02, -1.16e-02, -1.45e-01, 2.28e-01, -4.02e-02, -1.70e-03, 3.62e-02]
41500 [3.69e-03, 1.28e-01, 6.35e-03, 4.00e-02, -1.38e-02, -1.12e-02, -1.45e-01, 2.28e-01, -3.92e-02, -3.04e-03, 3.62e-02]
41600 [4.09e-03, 1.27e-01, 6.36e-03, 3.85e-02, -1.37e-02, -1.09e-02, -1.45e-01, 2.28e-01, -3.82e-02, -4.38e-03, 3.62e-02]
41700 [4.50e-03, 1.26e-01, 6.37e-03, 3.69e-02, -1.37e-02, -1.05e-02, -1.45e-01, 2.28e-01, -3.71e-02, -5.72e-03, 3.62e-02]
41800 [4.93e-03, 1.25e-01, 6.38e-03, 3.53e-02, -1.36e-02, -1.01e-02, -1.45e-01, 2.28e-01, -3.60e-02, -7.05e-03, 3.62e-02]
41900 [5.38e-03, 1.24e-01, 6.40e-03, 3.38e-02, -1.35e-02, -9.74e-03, -1.45e-01, 2.28e-01, -3.50e-02, -8.36e-03, 3.62e-02]
42000 [5.83e-03, 1.23e-01, 6.27e-03, 3.21e-02, -1.35e-02, -9.33e-03, -1.45e-01, 2.28e-01, -3.39e-02, -9.64e-03, 3.62e-02]
42100 [-1.54e-02, 1.32e-01, 4.11e-03, 1.16e-01, 1.99e-03, 9.23e-03, -1.45e-01, 9.38e-02, -6.84e-02, 5.17e-02, -2.65e-02]
42200 [-1.51e-02, 1.31e-01, 5.41e-03, 1.08e-01, 2.18e-03, 8.69e-03, -1.45e-01, 9.35e-02, -6.34e-02, 4.62e-02, -2.64e-02]
42300 [-1.46e-02, 1.29e-01, 5.42e-03, 1.04e-01, 2.34e-03, 8.94e-03, -1.45e-01, 9.35e-02, -6.12e-02, 2.99e-02, -2.63e-02]
42400 [-1.42e-02, 1.28e-01, 5.44e-03, 1.01e-01, -3.00e-04, 9.19e-03, -1.45e-01, 9.35e-02, -5.93e-02, -8.88e-03, -2.63e-02]
42500 [-1.37e-02, 1.26e-01, 5.46e-03, 9.85e-02, -1.25e-04, 9.44e-03, -1.45e-01, 9.35e-02, -5.74e-02, -1.24e-02, -2.63e-02]
42600 [-1.32e-02, 1.24e-01, 5.48e-03, 9.55e-02, 5.36e-05, 9.71e-03, -1.45e-01, 9.35e-02, -5.55e-02, -1.58e-02, -2.63e-02]
42700 [-1.25e-02, 1.18e-01, 5.48e-03, 9.22e-02, 7.29e-05, 1.00e-02, -1.45e-01, 9.35e-02, -5.34e-02, -4.61e-03, -2.63e-02]
42800 [-1.20e-02, 1.17e-01, 5.55e-03, 8.90e-02, 2.59e-04, 1.03e-02, -1.45e-01, 9.34e-02, -5.14e-02, -8.45e-03, -2.63e-02]
42900 [-1.15e-02, 1.15e-01, 5.57e-03, 8.58e-02, 4.50e-04, 1.06e-02, -1.45e-01, 9.34e-02, -4.93e-02, -1.21e-02, -2.62e-02]
43000 [-1.10e-02, 1.13e-01, 5.59e-03, 8.24e-02, -2.33e-04, 1.08e-02, -1.45e-01, 9.34e-02, -4.72e-02, -5.92e-03, -2.62e-02]
43100 [-1.02e-02, 1.08e-01, 5.85e-03, 7.90e-02, -2.95e-05, 1.11e-02, -1.45e-01, 9.34e-02, -4.51e-02, -9.44e-03, -2.62e-02]
43200 [-9.66e-03, 1.06e-01, 5.67e-03, 7.57e-02, 1.69e-04, 1.14e-02, -1.45e-01, 9.34e-02, -4.30e-02, -1.31e-02, -2.62e-02]
43300 [-9.13e-03, 1.04e-01, 5.69e-03, 7.24e-02, 3.69e-04, 1.17e-02, -1.45e-01, 9.34e-02, -4.10e-02, -1.50e-02, -2.62e-02]
43400 [-6.78e-03, 9.80e-02, 5.82e-03, 6.81e-02, -1.24e-04, 1.18e-02, -1.45e-01, 9.33e-02, -3.86e-02, -8.11e-03, -2.61e-02]
43500 [-5.44e-03, 9.58e-02, 5.84e-03, 6.44e-02, 1.13e-04, 1.19e-02, -1.45e-01, 9.33e-02, -3.65e-02, -1.16e-02, -2.61e-02]
43600 [-3.27e-02, 7.27e-02, 2.79e-03, -6.65e-04, 3.56e-04, 1.45e-03, -1.45e-01, 9.03e-02, -3.22e-02, -1.39e-02, -2.61e-02]
43700 [-3.67e-03, -1.41e-02, 5.96e-03, -2.98e-02, 3.90e-04, 2.63e-02, -1.44e-01, -1.01e-01, -5.71e-03, 6.14e-03, -2.53e-02]
43800 [-3.91e-03, -1.23e-02, 6.38e-03, -2.85e-02, -2.15e-04, 2.64e-02, -1.44e-01, -1.01e-01, -6.76e-03, -1.27e-03, -2.53e-02]
43900 [-4.02e-03, -1.06e-02, 6.37e-03, -2.79e-02, -2.90e-04, 2.62e-02, -1.44e-01, -1.01e-01, -7.82e-03, 5.38e-04, -2.53e-02]
44000 [-4.14e-03, -8.84e-03, 6.35e-03, -2.73e-02, 1.56e-04, 2.59e-02, -1.44e-01, -1.01e-01, -8.85e-03, 2.72e-03, -2.53e-02]
44100 [-4.27e-03, -7.54e-03, 6.35e-03, -2.67e-02, 7.81e-05, 2.55e-02, -1.44e-01, -1.01e-01, -9.98e-03, 1.87e-03, -2.53e-02]
44200 [-4.38e-03, -5.75e-03, 6.34e-03, -2.61e-02, 2.75e-06, 2.52e-02, -1.44e-01, -1.01e-01, -1.10e-02, 4.02e-03, -2.54e-02]
44300 [-4.50e-03, -3.95e-03, 6.33e-03, -2.55e-02, -2.29e-05, 2.50e-02, -1.44e-01, -1.01e-01, -1.20e-02, 2.37e-03, -2.54e-02]
44400 [-4.58e-03, -3.24e-03, 7.19e-03, -2.50e-02, -1.07e-04, -9.94e-03, -1.44e-01, -1.01e-01, -4.02e-03, 3.64e-03, -2.49e-02]
44500 [-4.49e-03, -4.66e-03, 7.07e-03, -2.46e-02, -2.09e-04, -9.47e-03, -1.44e-01, -1.01e-01, -3.71e-03, 2.70e-04, -2.49e-02]
44600 [-4.40e-03, -6.77e-03, 7.11e-03, -2.41e-02, 2.76e-05, -9.18e-03, -1.44e-01, -1.01e-01, -4.48e-03, 1.40e-03, -2.49e-02]
44700 [-4.34e-03, -7.65e-03, 6.84e-03, -2.36e-02, -8.59e-05, 2.68e-03, -1.44e-01, -1.01e-01, 2.18e-03, 2.39e-03, -2.46e-02]
44800 [-4.34e-03, -8.59e-03, 6.88e-03, -2.29e-02, -2.15e-04, 2.11e-04, -1.44e-01, -1.01e-01, -4.16e-04, 6.49e-04, -2.46e-02]
44900 [-4.32e-03, -9.03e-03, 6.92e-03, -2.22e-02, 2.59e-04, -7.88e-04, -1.44e-01, -1.01e-01, -1.83e-03, 1.12e-03, -2.47e-02]
45000 [-4.30e-03, -1.07e-02, 6.63e-03, -2.16e-02, -8.20e-05, 3.36e-04, -1.44e-01, -1.01e-01, -2.97e-04, 2.52e-03, -2.45e-02]
45100 [-4.29e-03, -1.17e-02, 6.99e-03, -2.09e-02, -2.13e-04, -9.09e-04, -1.44e-01, -1.01e-01, 1.27e-03, -6.22e-04, -2.32e-02]
45200 [-4.24e-03, -1.37e-02, 6.50e-03, -2.02e-02, -3.54e-04, -2.53e-03, -1.44e-01, -1.01e-01, 6.30e-04, 1.07e-03, -2.31e-02]
45300 [5.44e-03, -2.59e-02, 4.81e-03, -1.10e-02, -3.79e-03, -2.23e-02, -1.40e-01, -1.01e-01, -9.94e-02, 5.82e-03, 9.65e-02]
45400 [5.45e-03, -2.40e-02, 7.48e-03, 2.53e-03, -6.39e-03, -8.99e-03, -1.38e-01, -1.01e-01, 5.29e-02, 3.09e-02, 6.68e-02]
45500 [5.41e-03, -2.35e-02, 7.43e-03, 3.55e-03, -6.59e-03, -9.02e-03, -1.38e-01, -1.01e-01, 5.24e-02, -6.43e-04, 6.68e-02]
45600 [5.35e-03, -2.27e-02, 7.46e-03, 4.79e-03, -6.80e-03, -9.05e-03, -1.38e-01, -1.01e-01, 5.18e-02, 3.00e-03, 6.68e-02]
45700 [5.29e-03, -2.19e-02, 7.46e-03, 6.00e-03, -2.36e-03, -9.09e-03, -1.38e-01, -1.01e-01, 5.13e-02, -6.41e-04, 6.68e-02]
45800 [5.24e-03, -2.10e-02, 7.45e-03, 7.24e-03, -2.55e-03, -9.12e-03, -1.38e-01, -1.01e-01, 5.07e-02, 2.97e-03, 6.68e-02]
45900 [5.16e-03, -2.14e-02, 7.45e-03, 8.39e-03, -2.76e-03, -9.16e-03, -1.38e-01, -1.01e-01, 5.02e-02, 5.81e-03, 6.68e-02]
46000 [5.11e-03, -2.05e-02, 7.44e-03, 9.52e-03, 2.12e-03, -9.19e-03, -1.38e-01, -1.01e-01, 4.97e-02, 1.53e-03, 6.68e-02]
46100 [5.06e-03, -1.97e-02, 7.44e-03, 1.07e-02, -1.14e-03, -9.22e-03, -1.38e-01, -1.01e-01, 4.91e-02, 3.94e-03, 6.68e-02]
46200 [4.91e-03, -2.28e-02, 7.46e-03, 1.17e-02, -1.34e-03, -9.24e-03, -1.38e-01, -1.01e-01, 4.87e-02, 6.24e-03, 6.68e-02]
46300 [4.84e-03, -2.18e-02, 7.45e-03, 1.27e-02, -1.55e-03, -9.28e-03, -1.38e-01, -1.01e-01, 4.82e-02, 2.96e-03, 6.68e-02]
46400 [4.78e-03, -2.09e-02, 7.44e-03, 1.39e-02, -6.71e-04, -9.32e-03, -1.38e-01, -1.01e-01, 4.77e-02, 1.49e-03, 6.68e-02]
46500 [2.27e-02, -2.49e-02, 8.65e-03, -3.52e-04, -9.75e-04, -5.88e-03, -1.38e-01, -9.40e-02, 4.70e-02, 4.31e-03, 6.68e-02]
46600 [-1.47e-02, -3.35e-02, 6.85e-03, -2.05e-02, -1.85e-03, 8.56e-04, -1.38e-01, -7.05e-02, 4.52e-02, 9.05e-03, 6.68e-02]
46700 [-1.64e-02, -3.54e-02, 6.75e-03, -1.60e-02, -2.63e-03, 7.69e-04, -1.38e-01, -7.04e-02, 4.32e-02, 5.79e-03, 6.68e-02]
46800 [-1.62e-02, -3.97e-02, 6.78e-03, -1.22e-02, -1.33e-03, 8.37e-04, -1.38e-01, -7.04e-02, 4.14e-02, 1.12e-03, 6.68e-02]
46900 [-1.61e-02, -4.14e-02, 6.80e-03, -8.34e-03, -1.29e-03, 8.94e-04, -1.38e-01, -7.03e-02, 3.97e-02, 8.32e-03, 6.68e-02]
47000 [-1.26e-02, -4.60e-02, 6.38e-03, -4.80e-03, -2.00e-03, 8.22e-04, -1.38e-01, -7.03e-02, 3.82e-02, 1.29e-02, 6.68e-02]
47100 [2.35e-03, -4.22e-02, 7.72e-03, -2.35e-03, -7.41e-04, -2.70e-05, -1.38e-01, -7.02e-02, 3.69e-02, 6.04e-03, 6.67e-02]
47200 [-3.15e-04, -4.48e-02, 7.28e-03, 6.30e-05, -8.81e-04, -1.28e-04, -1.38e-01, -7.02e-02, 3.58e-02, 1.09e-02, 6.67e-02]
47300 [9.54e-05, -5.64e-02, 5.59e-03, 2.44e-03, -1.30e-03, 6.37e-05, -1.38e-01, -7.02e-02, 3.47e-02, 2.05e-03, 6.67e-02]
47400 [1.95e-02, -1.37e-01, 4.86e-03, -7.60e-02, -2.89e-02, -1.96e-02, -1.38e-01, -3.60e-02, -2.03e-02, 1.36e-02, 6.82e-02]
47500 [-4.79e-03, -1.49e-01, 7.26e-03, 3.52e-02, -4.30e-02, 4.60e-02, -1.38e-01, -3.72e-02, 2.37e-02, -3.29e-02, 5.55e-02]
47600 [-4.49e-03, -1.18e-01, 6.78e-03, 3.42e-02, -4.23e-02, 5.17e-02, -1.38e-01, -3.73e-02, 1.34e-02, -8.30e-03, 5.51e-02]
47700 [-5.48e-03, -8.44e-02, 6.73e-03, 3.41e-02, -9.81e-03, 2.76e-02, -1.38e-01, -3.73e-02, 2.72e-03, 3.67e-04, 5.48e-02]
47800 [-6.16e-03, -6.69e-02, 6.80e-03, 3.29e-02, 2.16e-03, 2.30e-02, -1.38e-01, -3.73e-02, 2.26e-03, 6.51e-05, 5.48e-02]
47900 [-6.80e-03, -4.71e-02, 6.64e-03, 3.18e-02, -7.46e-04, 2.22e-02, -1.38e-01, -3.73e-02, 3.23e-03, -1.19e-03, 5.48e-02]
48000 [-7.31e-03, -3.49e-02, 6.55e-03, 3.08e-02, -2.80e-04, 2.17e-02, -1.38e-01, -3.73e-02, 4.08e-03, -3.71e-03, 5.48e-02]
48100 [1.48e-03, -4.24e-02, 1.16e-03, 3.06e-02, 2.22e-04, 5.29e-02, -1.38e-01, -3.73e-02, -1.98e-02, -6.17e-02, 3.38e-02]
48200 [-2.02e-02, -1.65e-01, 5.95e-03, 4.17e-04, 1.75e-02, 1.40e-01, -1.89e-01, -6.31e-02, -8.97e-02, 1.43e-02, 3.05e-02]
48300 [-2.23e-02, -1.24e-01, 5.99e-03, 2.77e-04, -1.04e-03, 1.40e-01, -1.89e-01, -6.31e-02, -8.95e-02, 1.41e-02, 3.05e-02]
48400 [-2.42e-02, -8.63e-02, 5.13e-03, -1.30e-04, -1.95e-03, 1.39e-01, -1.89e-01, -6.31e-02, -8.94e-02, 1.43e-02, 3.05e-02]
48500 [-2.60e-02, -5.39e-02, 4.72e-03, -1.38e-04, -1.48e-03, 1.39e-01, -1.89e-01, -6.31e-02, -8.94e-02, -1.53e-03, 3.05e-02]
48600 [-2.60e-02, -1.99e-02, 4.66e-03, 3.82e-05, -8.79e-04, 1.34e-01, -1.89e-01, -6.32e-02, -8.93e-02, 1.14e-03, 3.04e-02]
48700 [-1.81e-02, 9.03e-03, 4.54e-03, -3.75e-03, 7.08e-04, 1.14e-01, -1.89e-01, -6.35e-02, -8.40e-02, 3.21e-03, 3.02e-02]
48800 [-1.93e-02, 2.94e-02, 3.35e-03, -4.28e-03, 1.56e-03, 1.13e-01, -1.89e-01, -6.35e-02, -8.38e-02, 2.08e-03, 3.02e-02]
48900 [-1.92e-02, 5.51e-02, 4.08e-03, -4.91e-03, -5.45e-04, 1.12e-01, -1.89e-01, -6.36e-02, -8.34e-02, 2.68e-04, 3.02e-02]
49000 [2.83e-02, 8.04e-02, 5.76e-03, -2.11e-02, 2.10e-03, 7.21e-02, -1.89e-01, -6.48e-02, -7.18e-02, 2.81e-03, 2.98e-02]
49100 [3.11e-03, 9.43e-02, 4.69e-03, -1.33e-02, -6.24e-04, 7.11e-02, -1.89e-01, -6.49e-02, -7.03e-02, 4.14e-03, 2.99e-02]
49200 [1.59e-03, 1.04e-01, 4.85e-03, -1.46e-02, 1.34e-03, 7.07e-02, -1.89e-01, -6.50e-02, -6.96e-02, 8.79e-04, 2.99e-02]
49300 [4.38e-03, 1.04e-01, 5.11e-03, 5.50e-03, 2.48e-03, 6.95e-02, -1.89e-01, -6.39e-02, -6.78e-02, 1.84e-03, 2.99e-02]
49400 [3.60e-02, 7.34e-02, 5.02e-03, -1.61e-02, 1.37e-03, 5.59e-02, -1.89e-01, -6.21e-02, -5.99e-02, 1.20e-03, 2.99e-02]
49500 [-2.06e-02, -2.41e-01, 7.65e-03, -1.71e-02, -1.69e-02, 1.94e-02, -4.19e-01, 5.63e-02, 1.92e-03, -1.91e-03, 9.80e-03]
49600 [-2.09e-02, -2.20e-01, 7.60e-03, -1.59e-02, -5.09e-03, 1.87e-02, -4.19e-01, 5.63e-02, 1.22e-03, 2.40e-03, 9.76e-03]
49700 [-2.13e-02, -2.00e-01, 7.45e-03, -1.48e-02, -5.09e-03, 1.83e-02, -4.19e-01, 5.63e-02, 3.96e-04, 5.70e-03, 9.76e-03]
49800 [-2.16e-02, -1.61e-01, 7.11e-03, -1.38e-02, 1.51e-03, 1.78e-02, -4.19e-01, 5.63e-02, -4.59e-04, 1.96e-03, 9.75e-03]
49900 [-2.19e-02, -1.46e-01, 7.05e-03, -1.27e-02, -4.51e-05, 1.74e-02, -4.19e-01, 5.63e-02, -1.31e-03, 5.09e-03, 9.74e-03]
50000 [-2.21e-02, -1.33e-01, 6.96e-03, -1.18e-02, -1.87e-03, 1.71e-02, -4.19e-01, 5.63e-02, -2.09e-03, 7.49e-03, 9.74e-03]
50000 [-2.21e-02, -1.33e-01, 6.96e-03, -1.18e-02, -1.87e-03, 1.71e-02, -4.19e-01, 5.63e-02, -2.09e-03, 7.49e-03, 9.74e-03]
50100 [-4.25e-03, -8.82e-02, 8.68e-03, 2.68e-02, 4.32e-03, -6.16e-02, -4.14e-01, -7.46e-03, 4.73e-02, -7.75e-03, 3.75e-02]
50200 [-3.97e-03, -8.86e-02, 8.74e-03, 2.66e-02, 4.29e-03, -6.14e-02, -4.14e-01, -7.46e-03, 4.74e-02, -7.86e-03, 3.75e-02]
50300 [-3.65e-03, -8.91e-02, 8.75e-03, 2.65e-02, 4.28e-03, -6.12e-02, -4.14e-01, -7.46e-03, 4.75e-02, -8.05e-03, 3.75e-02]
50400 [-3.27e-03, -8.97e-02, 8.76e-03, 2.64e-02, 4.26e-03, -6.09e-02, -4.14e-01, -7.46e-03, 4.76e-02, -8.27e-03, 3.75e-02]
50500 [-2.83e-03, -9.04e-02, 8.77e-03, 2.62e-02, 4.25e-03, -6.06e-02, -4.14e-01, -7.46e-03, 4.77e-02, -8.51e-03, 3.75e-02]
50600 [-2.36e-03, -9.12e-02, 8.79e-03, 2.60e-02, 4.23e-03, -6.03e-02, -4.14e-01, -7.46e-03, 4.79e-02, -8.79e-03, 3.75e-02]
50700 [9.69e-04, -9.09e-02, 7.62e-03, 2.46e-02, 4.24e-03, 5.55e-03, -4.14e-01, -7.47e-03, -4.15e-02, -8.65e-03, 3.90e-02]
50800 [1.74e-04, -8.97e-02, 7.53e-03, 2.29e-02, 4.33e-03, 3.93e-03, -4.14e-01, -7.48e-03, -3.98e-02, -9.22e-03, 3.91e-02]
50900 [-5.81e-04, -8.86e-02, 7.51e-03, 2.12e-02, 4.42e-03, 3.49e-03, -4.14e-01, -7.50e-03, -3.83e-02, -9.81e-03, 3.91e-02]
51000 [-1.36e-03, -8.73e-02, 7.49e-03, 1.95e-02, 4.51e-03, 3.05e-03, -4.14e-01, -7.51e-03, -3.68e-02, -1.04e-02, 3.91e-02]
51100 [-2.15e-03, -8.61e-02, 7.47e-03, 1.79e-02, 4.60e-03, 2.59e-03, -4.14e-01, -7.52e-03, -3.53e-02, -1.10e-02, 3.91e-02]
51200 [-2.95e-03, -8.48e-02, 7.45e-03, 1.62e-02, 4.70e-03, 2.12e-03, -4.14e-01, -7.53e-03, -3.38e-02, -1.15e-02, 3.91e-02]
51300 [3.44e-04, -8.37e-02, 5.19e-03, 1.45e-02, 4.79e-03, 4.97e-06, -4.14e-01, -7.54e-03, -3.23e-02, -1.20e-02, 3.91e-02]
51400 [-4.29e-02, -8.46e-02, 6.64e-03, -9.15e-03, 4.71e-03, -1.99e-02, -4.14e-01, -8.04e-03, 2.30e-04, -1.18e-02, 3.96e-02]
51500 [-7.79e-03, -8.46e-02, 7.54e-03, -9.97e-04, 4.65e-03, -8.36e-03, -4.14e-01, -7.84e-03, 3.35e-03, -1.14e-02, 3.96e-02]
51600 [-8.14e-03, -8.41e-02, 7.54e-03, -3.17e-04, 4.61e-03, -8.58e-03, -4.14e-01, -7.84e-03, 2.74e-03, -1.11e-02, 3.96e-02]
51700 [-8.49e-03, -8.35e-02, 7.52e-03, 3.23e-04, 4.58e-03, -8.80e-03, -4.14e-01, -7.83e-03, 2.17e-03, -1.08e-02, 3.96e-02]
51800 [-7.35e-02, -7.85e-02, 4.67e-03, -4.88e-02, 3.43e-02, 7.73e-02, -7.09e-01, -1.56e-03, -2.56e-02, -7.13e-02, 6.62e-02]
51900 [-7.34e-02, -7.81e-02, 3.90e-03, -4.44e-02, 3.43e-02, 7.61e-02, -7.09e-01, -1.71e-03, -3.68e-02, -6.66e-02, 6.61e-02]
52000 [-7.34e-02, -7.65e-02, 3.91e-03, -4.37e-02, 3.39e-02, 7.61e-02, -7.09e-01, -1.71e-03, -3.79e-02, -5.15e-02, 6.61e-02]
52100 [-7.35e-02, -7.59e-02, 3.87e-03, -4.33e-02, -1.60e-02, 7.60e-02, -7.09e-01, -1.70e-03, -3.86e-02, 2.11e-02, 6.61e-02]
52200 [-7.35e-02, -7.53e-02, 3.87e-03, -4.28e-02, -1.63e-02, 7.60e-02, -7.09e-01, -1.70e-03, -3.93e-02, 2.26e-02, 6.61e-02]
52300 [-7.35e-02, -7.33e-02, 3.84e-03, -4.23e-02, 1.00e-02, 7.60e-02, -7.09e-01, -1.70e-03, -4.01e-02, 3.15e-03, 6.61e-02]
52400 [-7.35e-02, -7.27e-02, 3.85e-03, -4.17e-02, 7.26e-03, 7.60e-02, -7.09e-01, -1.69e-03, -4.10e-02, 5.86e-03, 6.61e-02]
52500 [-7.35e-02, -7.20e-02, 3.84e-03, -4.11e-02, 6.81e-03, 7.60e-02, -7.09e-01, -1.69e-03, -4.19e-02, -2.57e-03, 6.61e-02]
52600 [-7.35e-02, -6.98e-02, 3.81e-03, -4.05e-02, -1.54e-03, 7.60e-02, -7.09e-01, -1.69e-03, -4.28e-02, 4.92e-03, 6.61e-02]
52700 [-7.35e-02, -6.92e-02, 3.82e-03, -3.99e-02, -1.97e-03, 7.59e-02, -7.09e-01, -1.68e-03, -4.37e-02, 7.78e-03, 6.61e-02]
52800 [-7.36e-02, -6.86e-02, 3.82e-03, -3.93e-02, -2.42e-03, 7.59e-02, -7.09e-01, -1.68e-03, -4.47e-02, 3.40e-03, 6.61e-02]
52900 [-7.36e-02, -6.58e-02, 3.80e-03, -3.86e-02, -2.16e-04, 7.59e-02, -7.09e-01, -1.67e-03, -4.58e-02, 5.75e-03, 6.61e-02]
53000 [-7.36e-02, -6.52e-02, 3.79e-03, -3.80e-02, -7.06e-04, 7.59e-02, -7.09e-01, -1.67e-03, -4.68e-02, 8.76e-03, 6.61e-02]
53100 [-7.36e-02, -6.46e-02, 3.78e-03, -3.73e-02, -1.21e-03, 7.59e-02, -7.09e-01, -1.67e-03, -4.78e-02, 1.16e-02, 6.60e-02]
53200 [-7.36e-02, -5.93e-02, 3.76e-03, -3.65e-02, -2.18e-04, 7.58e-02, -7.09e-01, -1.66e-03, -4.90e-02, 1.51e-03, 6.60e-02]
53300 [-7.36e-02, -5.88e-02, 3.74e-03, -3.58e-02, -7.61e-04, 7.58e-02, -7.09e-01, -1.66e-03, -5.02e-02, 5.05e-03, 6.60e-02]
53400 [-7.36e-02, -5.84e-02, 3.74e-03, -3.51e-02, -1.31e-03, 7.58e-02, -7.09e-01, -1.65e-03, -5.13e-02, 8.34e-03, 6.60e-02]
53500 [-1.06e-02, -2.35e-02, 6.51e-03, -2.16e-02, 7.54e-05, 2.99e-02, -7.09e-01, -1.44e-03, -7.19e-02, 1.57e-04, 6.57e-02]
53600 [-1.06e-02, -1.97e-02, 6.18e-03, -2.18e-02, 1.66e-04, 2.96e-02, -7.09e-01, -1.44e-03, -7.15e-02, -3.81e-04, 6.57e-02]
53700 [-1.08e-02, -1.60e-02, 6.15e-03, -2.20e-02, 3.21e-04, 2.96e-02, -7.09e-01, -1.44e-03, -7.12e-02, -6.11e-04, 6.57e-02]
53800 [-1.09e-02, -1.33e-02, 5.87e-03, -2.23e-02, 2.60e-04, 2.95e-02, -7.09e-01, -1.45e-03, -7.08e-02, 7.98e-04, 6.57e-02]
53900 [-1.10e-02, -1.23e-02, 6.12e-03, -2.25e-02, 4.99e-04, 2.93e-02, -7.09e-01, -1.45e-03, -7.04e-02, -1.02e-03, 6.57e-02]
54000 [-1.11e-02, -8.52e-03, 6.09e-03, -2.28e-02, 7.25e-04, 2.92e-02, -7.09e-01, -1.45e-03, -7.00e-02, -1.71e-03, 6.57e-02]
54100 [-1.13e-02, -4.88e-03, 6.04e-03, -2.30e-02, 2.01e-04, 2.92e-02, -7.09e-01, -1.45e-03, -6.96e-02, -3.62e-04, 6.57e-02]
54200 [-2.36e-03, -2.41e-02, 6.99e-03, -2.45e-02, -3.19e-04, 1.16e-02, -7.09e-01, -1.47e-03, -6.46e-02, -1.83e-03, 6.57e-02]
54300 [-2.48e-03, -2.41e-02, 6.27e-03, -2.48e-02, -1.55e-05, 1.15e-02, -7.09e-01, -1.47e-03, -6.39e-02, -6.09e-04, 6.57e-02]
54400 [-1.70e-03, -2.41e-02, 5.52e-03, -2.53e-02, 2.80e-04, 8.96e-03, -7.09e-01, -1.48e-03, -6.29e-02, -1.10e-03, 6.58e-02]
54500 [-5.71e-04, -2.49e-02, 6.40e-03, -2.59e-02, 2.14e-04, 5.21e-03, -7.09e-01, -1.48e-03, -6.16e-02, -3.11e-03, 6.58e-02]
54600 [-3.39e-04, -3.18e-02, 7.04e-03, -2.63e-02, 5.31e-04, 3.34e-03, -7.09e-01, -1.48e-03, -6.08e-02, 3.86e-04, 6.58e-02]
54700 [-2.99e-04, -9.20e-02, 7.60e-03, -2.68e-02, 8.57e-04, 1.17e-03, -7.09e-01, -1.49e-03, -5.98e-02, -1.76e-03, 6.58e-02]
54800 [2.63e-04, -4.81e-02, 7.80e-03, -2.73e-02, -1.77e-05, 5.84e-05, -7.09e-01, -1.49e-03, -5.91e-02, -3.98e-03, 6.58e-02]
54900 [-2.91e-04, -5.16e-02, 6.51e-03, -2.78e-02, 7.39e-05, -4.66e-06, -7.09e-01, -1.49e-03, -5.83e-02, -1.32e-03, 6.58e-02]
55000 [-1.22e-03, -4.93e-02, 7.32e-03, -2.80e-02, 3.87e-04, -1.05e-04, -7.09e-01, -1.49e-03, -5.75e-02, -3.79e-03, 6.58e-02]
55100 [1.31e-03, -4.56e-02, 7.41e-03, 8.61e-03, 6.84e-04, 7.85e-04, -7.09e-01, -1.37e-03, -5.46e-02, -1.33e-03, 6.58e-02]
55200 [1.09e-03, -4.24e-02, 7.28e-03, 7.06e-03, 4.94e-04, 6.67e-04, -7.09e-01, -1.38e-03, -5.21e-02, -3.72e-03, 6.58e-02]
55300 [-2.48e-03, -2.73e-02, 1.20e-02, 6.06e-03, 8.65e-04, 2.12e-03, -7.09e-01, -1.39e-03, 1.77e-02, 2.02e-03, 6.56e-02]
55400 [1.16e-02, -1.16e-03, 7.17e-03, 6.98e-03, -1.19e-03, -1.42e-03, -7.09e-01, -1.34e-03, 1.80e-02, 3.74e-03, 6.55e-02]
55500 [-6.95e-02, -1.62e-01, 7.49e-03, 4.77e-02, -1.00e-02, -4.42e-02, -7.10e-01, -2.79e-02, 6.73e-02, 3.17e-02, 1.28e-01]
55600 [-6.82e-02, -1.82e-01, 7.48e-03, 4.63e-02, -9.57e-03, -4.30e-02, -7.10e-01, -2.79e-02, 6.31e-02, 2.00e-02, 1.28e-01]
55700 [-6.77e-02, -1.89e-01, 7.53e-03, 4.66e-02, 1.34e-03, -4.25e-02, -7.10e-01, -2.79e-02, 6.26e-02, 2.90e-03, 1.28e-01]
55800 [-6.73e-02, -2.06e-01, 7.64e-03, 4.71e-02, -1.05e-03, -4.20e-02, -7.10e-01, -2.78e-02, 6.19e-02, -2.41e-03, 1.28e-01]
55900 [-6.62e-02, -1.98e-01, 7.03e-03, 4.74e-02, -2.84e-03, -3.85e-02, -7.10e-01, -2.78e-02, 5.84e-02, -6.36e-03, 1.28e-01]
56000 [-6.58e-02, -2.14e-01, 7.64e-03, 4.79e-02, -4.87e-04, -3.75e-02, -7.10e-01, -2.78e-02, 5.72e-02, -2.64e-03, 1.28e-01]
56100 [-5.27e-02, -2.15e-01, 6.25e-03, 3.96e-02, -1.95e-03, 1.69e-02, -7.10e-01, -2.79e-02, 9.05e-03, -6.78e-04, 1.26e-01]
56200 [-5.13e-02, -1.92e-01, 6.74e-03, 3.90e-02, -2.52e-03, 1.85e-02, -7.10e-01, -2.79e-02, 5.53e-03, -3.01e-03, 1.26e-01]
56300 [-5.15e-02, -1.82e-01, 6.46e-03, 3.89e-02, -7.05e-04, 1.81e-02, -7.10e-01, -2.79e-02, 5.56e-03, -1.49e-03, 1.26e-01]
56400 [-4.63e-02, -1.56e-01, 6.86e-03, 3.93e-02, -1.16e-03, -1.81e-03, -7.10e-01, -2.79e-02, 2.50e-03, -7.25e-03, 1.26e-01]
56500 [-4.62e-02, -1.59e-01, 6.91e-03, 3.88e-02, -1.50e-03, -1.72e-03, -7.10e-01, -2.79e-02, 3.25e-03, -5.22e-03, 1.26e-01]
56600 [1.90e-02, -6.44e-02, 7.37e-03, 2.78e-02, 2.27e-02, 1.11e-02, -7.10e-01, -2.79e-02, -2.14e-02, 1.60e-02, -2.12e-03]
56700 [1.80e-02, -3.82e-02, 7.50e-03, 2.49e-02, 2.46e-02, 1.03e-02, -7.10e-01, -2.79e-02, -1.84e-02, -1.38e-03, -2.36e-03]
56800 [1.73e-02, -1.60e-02, 7.33e-03, 2.31e-02, 2.66e-02, 9.63e-03, -7.10e-01, -2.79e-02, -1.60e-02, -8.12e-03, -2.35e-03]
56900 [1.60e-02, -5.14e-03, 7.31e-03, 2.10e-02, -5.04e-03, 8.28e-03, -7.10e-01, -2.79e-02, -1.37e-02, -3.98e-04, -2.34e-03]
57000 [8.99e-04, -3.17e-03, 6.16e-03, 1.80e-02, -2.74e-03, -5.61e-03, -7.10e-01, -2.80e-02, -1.27e-02, -6.17e-03, -2.34e-03]
57100 [-8.02e-03, -1.79e-02, 6.81e-03, 1.61e-02, -1.90e-03, 1.75e-03, -7.10e-01, -2.80e-02, -7.92e-03, 1.14e-03, -2.19e-03]
57200 [-1.18e-03, -3.59e-02, 7.06e-03, 1.47e-02, -5.36e-04, -9.03e-04, -7.10e-01, -2.80e-02, -6.28e-03, -4.18e-03, -2.17e-03]
57300 [3.12e-04, -4.68e-02, 7.32e-03, 1.37e-02, 8.11e-04, -3.31e-03, -7.10e-01, -2.80e-02, -4.37e-03, -8.20e-03, -2.15e-03]
57400 [-4.43e-03, -2.13e-01, 6.47e-03, 6.77e-02, 2.79e-02, 7.54e-02, -7.10e-01, 4.04e-02, -2.95e-03, -9.70e-02, -8.44e-02]
57500 [4.01e-03, -2.07e-01, 7.65e-03, -6.21e-02, -2.74e-03, 5.85e-02, -7.10e-01, 4.44e-02, 2.52e-02, 5.95e-02, -8.43e-02]
57600 [3.39e-03, -1.79e-01, 7.42e-03, -6.12e-02, -4.46e-03, 5.80e-02, -7.10e-01, 4.44e-02, 2.40e-02, 1.94e-02, -8.43e-02]
57700 [2.80e-03, -1.52e-01, 7.18e-03, -6.02e-02, -2.35e-03, 5.74e-02, -7.10e-01, 4.45e-02, 2.25e-02, 2.46e-02, -8.43e-02]
57800 [2.23e-03, -1.26e-01, 6.95e-03, -5.90e-02, -1.99e-03, 5.69e-02, -7.10e-01, 4.45e-02, 2.08e-02, 7.34e-03, -8.43e-02]
57900 [1.68e-03, -1.01e-01, 6.74e-03, -5.78e-02, 1.15e-03, 5.64e-02, -7.10e-01, 4.45e-02, 1.90e-02, 1.62e-02, -8.43e-02]
58000 [1.15e-03, -7.53e-02, 6.72e-03, -5.65e-02, -3.93e-03, 5.58e-02, -7.10e-01, 4.45e-02, 1.71e-02, 1.06e-03, -8.43e-02]
58100 [6.56e-04, -5.00e-02, 6.31e-03, -5.51e-02, 1.73e-03, 5.53e-02, -7.10e-01, 4.45e-02, 1.50e-02, 1.18e-02, -8.43e-02]
58200 [2.00e-04, -2.92e-02, 6.13e-03, -5.38e-02, -4.13e-03, 5.49e-02, -7.10e-01, 4.45e-02, 1.30e-02, -2.20e-03, -8.44e-02]
58300 [-2.36e-04, -1.13e-02, 5.90e-03, -5.24e-02, -8.55e-03, 5.44e-02, -7.10e-01, 4.45e-02, 1.07e-02, 7.13e-03, -8.44e-02]
58400 [-6.38e-04, 6.59e-03, 5.83e-03, -5.10e-02, -4.48e-03, 5.39e-02, -7.10e-01, 4.45e-02, 8.44e-03, 1.82e-02, -8.44e-02]
58500 [-1.01e-03, 2.34e-02, 5.69e-03, -4.97e-02, -4.49e-03, 5.35e-02, -7.10e-01, 4.45e-02, 6.30e-03, 9.77e-03, -8.44e-02]
58600 [-1.35e-03, 3.10e-02, 5.67e-03, -4.82e-02, -8.78e-03, 5.03e-02, -7.10e-01, 4.45e-02, 2.70e-03, 1.03e-02, -8.45e-02]
58700 [-1.65e-03, 4.51e-02, 5.57e-03, -4.68e-02, -7.43e-04, 4.98e-02, -7.10e-01, 4.45e-02, 3.80e-04, 2.03e-02, -8.45e-02]
58800 [-1.21e-03, 3.57e-02, 6.72e-03, -4.58e-02, -3.07e-03, -4.00e-04, -7.10e-01, 4.45e-02, -1.34e-02, 1.70e-03, -8.47e-02]
58900 [-1.09e-03, 2.15e-02, 6.78e-03, -4.50e-02, -6.17e-03, -2.63e-04, -7.10e-01, 4.45e-02, -1.48e-02, 1.51e-03, -8.47e-02]
59000 [-1.01e-03, 8.75e-04, 6.98e-03, -4.42e-02, 9.25e-04, -1.26e-04, -7.10e-01, 4.45e-02, -1.63e-02, -2.00e-04, -8.47e-02]
59100 [-9.66e-04, 1.05e-04, 6.85e-03, -4.33e-02, -2.25e-03, -1.06e-04, -7.10e-01, 4.45e-02, -1.78e-02, 4.16e-03, -8.47e-02]
59200 [-2.12e-04, -8.58e-02, 7.66e-03, -4.26e-02, -5.10e-03, -2.51e-04, -7.10e-01, 4.45e-02, -1.91e-02, 1.55e-03, -8.47e-02]
59300 [-5.54e-04, -6.90e-02, 7.32e-03, -4.18e-02, -7.76e-04, -6.45e-04, -7.10e-01, 4.45e-02, -2.05e-02, 5.70e-03, -8.47e-02]
59400 [-3.48e-05, -5.76e-02, 7.43e-03, -4.11e-02, -3.16e-03, -2.62e-03, -7.10e-01, 4.45e-02, -2.05e-02, 2.15e-03, -8.47e-02]
59500 [4.08e-04, -1.54e-01, 8.88e-03, -4.13e-02, -5.75e-03, 3.20e-03, -7.10e-01, 4.46e-02, -1.76e-02, -1.79e-02, 4.71e-02]
59600 [2.43e-04, -1.33e-01, 7.92e-03, -3.99e-02, 1.36e-03, 1.11e-03, -7.10e-01, 4.46e-02, -7.81e-03, 9.17e-04, 5.19e-02]
59700 [-4.23e-04, -9.85e-02, 7.69e-03, -3.87e-02, -3.77e-03, 5.09e-04, -7.10e-01, 4.46e-02, -9.83e-03, 4.20e-03, 5.19e-02]
59800 [-9.15e-04, -8.05e-02, 7.52e-03, -3.77e-02, -7.59e-03, 7.58e-05, -7.10e-01, 4.46e-02, -1.15e-02, 9.63e-03, 5.18e-02]
59900 [-3.03e-03, -6.36e-02, 7.33e-03, 8.61e-03, -6.60e-03, -2.84e-04, -7.10e-01, 4.26e-02, -1.09e-02, 5.74e-03, 5.18e-02]
60000 [-3.32e-03, -5.33e-02, 7.27e-03, 7.84e-03, -6.32e-03, -5.23e-04, -7.10e-01, 4.26e-02, -9.57e-03, 2.60e-04, 5.19e-02]
60000 [-3.32e-03, -5.33e-02, 7.27e-03, 7.84e-03, -6.32e-03, -5.23e-04, -7.10e-01, 4.26e-02, -9.57e-03, 2.60e-04, 5.19e-02]
60100 [1.20e-01, -1.20e-01, -1.57e-03, -6.13e-02, 1.18e-02, 1.25e-01, -7.63e-01, -4.79e-02, -6.16e-02, 3.07e-03, -7.11e-02]
60200 [1.20e-01, -1.20e-01, 8.55e-03, -6.14e-02, 1.18e-02, 1.25e-01, -7.64e-01, -4.79e-02, -6.17e-02, 3.40e-03, -7.11e-02]
60300 [1.20e-01, -1.19e-01, 8.52e-03, -6.14e-02, 1.18e-02, 1.25e-01, -7.64e-01, -4.79e-02, -6.17e-02, 3.86e-03, -7.11e-02]
60400 [1.20e-01, -1.19e-01, 8.51e-03, -6.14e-02, 1.19e-02, 1.25e-01, -7.64e-01, -4.79e-02, -6.17e-02, 4.41e-03, -7.11e-02]
60500 [1.19e-01, -1.18e-01, 8.51e-03, -6.14e-02, 1.19e-02, 1.25e-01, -7.64e-01, -4.79e-02, -6.17e-02, 5.04e-03, -7.11e-02]
60600 [1.19e-01, -1.18e-01, 8.50e-03, -6.14e-02, 1.19e-02, 1.25e-01, -7.64e-01, -4.79e-02, -6.16e-02, 5.74e-03, -7.11e-02]
60700 [3.15e-02, -1.17e-01, 7.91e-03, -4.07e-02, 1.20e-02, 3.71e-02, -7.64e-01, -4.77e-02, -5.21e-02, 5.90e-03, -5.68e-02]
60800 [-4.17e-03, -1.16e-01, 7.57e-03, -3.00e-02, 1.19e-02, 6.02e-03, -7.64e-01, -4.75e-02, -3.37e-02, 5.70e-03, -5.32e-02]
60900 [-4.36e-03, -1.16e-01, 7.56e-03, -2.98e-02, 1.19e-02, 5.87e-03, -7.64e-01, -4.75e-02, -3.39e-02, 5.68e-03, -5.32e-02]
61000 [-4.56e-03, -1.16e-01, 7.56e-03, -2.96e-02, 1.19e-02, 5.71e-03, -7.64e-01, -4.75e-02, -3.41e-02, 5.65e-03, -5.32e-02]
61100 [-4.77e-03, -1.16e-01, 7.55e-03, -2.94e-02, 1.19e-02, 5.54e-03, -7.64e-01, -4.75e-02, -3.42e-02, 5.61e-03, -5.32e-02]
61200 [-5.00e-03, -1.15e-01, 7.55e-03, -2.92e-02, 1.19e-02, 5.35e-03, -7.64e-01, -4.75e-02, -3.44e-02, 5.55e-03, -5.32e-02]
61300 [-5.24e-03, -1.15e-01, 7.54e-03, -2.90e-02, 1.18e-02, 5.16e-03, -7.64e-01, -4.75e-02, -3.46e-02, 5.47e-03, -5.32e-02]
61400 [-5.50e-03, -1.15e-01, 7.54e-03, -2.87e-02, 1.18e-02, 4.96e-03, -7.64e-01, -4.75e-02, -3.48e-02, 5.37e-03, -5.32e-02]
61500 [-5.77e-03, -1.14e-01, 7.53e-03, -2.85e-02, 1.18e-02, 4.74e-03, -7.64e-01, -4.75e-02, -3.50e-02, 5.25e-03, -5.32e-02]
61600 [-6.05e-03, -1.14e-01, 7.53e-03, -2.83e-02, 1.18e-02, 4.52e-03, -7.64e-01, -4.75e-02, -3.51e-02, 5.11e-03, -5.32e-02]
61700 [-6.34e-03, -1.14e-01, 7.52e-03, -2.81e-02, 1.17e-02, 4.29e-03, -7.64e-01, -4.75e-02, -3.53e-02, 4.94e-03, -5.32e-02]
61800 [-6.64e-03, -1.13e-01, 7.52e-03, -2.79e-02, 1.17e-02, 4.04e-03, -7.64e-01, -4.75e-02, -3.55e-02, 4.75e-03, -5.32e-02]
61900 [-6.96e-03, -1.13e-01, 7.51e-03, -2.77e-02, 1.17e-02, 3.79e-03, -7.64e-01, -4.75e-02, -3.57e-02, 4.54e-03, -5.32e-02]
62000 [-6.48e-03, -1.12e-01, 8.58e-03, -2.74e-02, 1.16e-02, 2.91e-03, -7.64e-01, -4.75e-02, -3.59e-02, 4.29e-03, -5.32e-02]
62100 [-6.60e-04, -1.11e-01, 7.80e-03, -2.68e-02, -5.69e-03, -5.37e-04, -7.64e-01, -4.75e-02, -3.60e-02, 1.55e-03, -5.32e-02]
62200 [2.23e-03, -1.10e-01, 7.84e-03, -2.69e-02, -5.70e-03, -2.62e-04, -7.64e-01, -4.75e-02, -3.28e-02, 1.54e-03, -5.32e-02]
62300 [-1.76e-03, -1.10e-01, 7.92e-03, 8.26e-03, 8.27e-03, 3.19e-03, -7.64e-01, -4.70e-02, 1.12e-02, 8.85e-04, -5.05e-02]
62400 [-2.04e-03, -1.09e-01, 7.35e-03, 1.06e-02, 5.75e-03, 5.97e-03, -7.64e-01, -4.70e-02, 1.32e-02, 6.43e-04, -5.04e-02]
62500 [5.36e-02, -1.07e-01, 7.65e-03, -1.54e-02, 5.72e-03, 8.45e-02, -7.63e-01, -3.14e-02, -1.04e-01, -1.35e-03, 9.36e-02]
62600 [5.20e-02, -1.05e-01, 7.79e-03, -1.46e-02, -2.52e-03, 8.17e-02, -7.63e-01, -3.16e-02, -1.00e-01, -4.30e-04, 9.36e-02]
62700 [5.10e-02, -1.02e-01, 7.76e-03, -1.59e-02, -2.08e-03, 8.13e-02, -7.63e-01, -3.16e-02, -9.93e-02, 1.96e-04, 9.36e-02]
62800 [5.01e-02, -9.96e-02, 7.72e-03, -1.72e-02, 1.20e-03, 8.09e-02, -7.63e-01, -3.16e-02, -9.86e-02, 5.44e-04, 9.36e-02]
62900 [4.90e-02, -9.64e-02, 7.68e-03, -1.85e-02, 1.59e-03, 8.05e-02, -7.63e-01, -3.16e-02, -9.79e-02, 2.88e-04, 9.36e-02]
63000 [4.80e-02, -9.36e-02, 7.63e-03, -1.99e-02, -2.82e-04, 8.00e-02, -7.63e-01, -3.16e-02, -9.71e-02, 3.88e-04, 9.36e-02]
63100 [4.68e-02, -9.01e-02, 7.79e-03, -2.13e-02, 1.46e-04, 7.96e-02, -7.63e-01, -3.16e-02, -9.64e-02, 1.12e-03, 9.36e-02]
63200 [4.56e-02, -8.70e-02, 7.54e-03, -2.27e-02, -2.90e-04, 7.91e-02, -7.63e-01, -3.16e-02, -9.56e-02, 1.91e-03, 9.36e-02]
63300 [4.44e-02, -8.38e-02, 7.49e-03, -2.41e-02, 4.22e-04, 7.85e-02, -7.63e-01, -3.17e-02, -9.48e-02, 3.85e-04, 9.36e-02]
63400 [4.31e-02, -7.98e-02, 7.41e-03, -2.55e-02, 8.72e-04, 7.80e-02, -7.63e-01, -3.17e-02, -9.40e-02, 1.66e-03, 9.36e-02]
63500 [4.17e-02, -7.63e-02, 7.38e-03, -2.70e-02, -1.59e-04, 7.74e-02, -7.63e-01, -3.17e-02, -9.32e-02, 2.95e-03, 9.36e-02]
63600 [4.03e-02, -7.28e-02, 7.32e-03, -2.84e-02, 7.75e-04, 7.68e-02, -7.63e-01, -3.17e-02, -9.24e-02, 2.91e-04, 9.36e-02]
63700 [-3.39e-03, -7.24e-02, 6.62e-03, 7.08e-03, 1.12e-03, 2.27e-02, -7.63e-01, -3.14e-02, -4.68e-02, 3.96e-04, 9.33e-02]
63800 [-4.11e-03, -7.10e-02, 6.90e-03, 4.80e-03, -8.54e-04, 2.21e-02, -7.63e-01, -3.14e-02, -4.50e-02, -2.75e-03, 9.33e-02]
63900 [-4.77e-03, -6.93e-02, 6.86e-03, 2.72e-03, 6.87e-04, 2.17e-02, -7.63e-01, -3.14e-02, -4.35e-02, -4.99e-03, 9.33e-02]
64000 [-5.41e-03, -6.80e-02, 6.85e-03, 6.99e-04, 9.70e-04, 2.14e-02, -7.63e-01, -3.14e-02, -4.21e-02, -1.81e-03, 9.33e-02]
64100 [-6.05e-03, -6.66e-02, 6.83e-03, -1.07e-03, 1.01e-03, 2.10e-02, -7.63e-01, -3.14e-02, -4.09e-02, -3.65e-03, 9.33e-02]
64200 [2.62e-03, -6.46e-02, 7.41e-03, -4.12e-03, 5.81e-04, 1.08e-02, -7.63e-01, -3.15e-02, -3.78e-02, -4.53e-03, 9.34e-02]
64300 [-3.27e-03, -6.33e-02, 7.54e-03, -5.54e-03, 8.66e-04, 3.79e-03, -7.63e-01, -3.15e-02, -3.54e-02, -1.27e-03, 9.34e-02]
64400 [4.39e-03, -6.24e-02, 7.67e-03, -5.00e-03, 1.15e-03, 1.85e-04, -7.63e-01, -3.15e-02, -3.34e-02, -4.73e-03, 9.34e-02]
64500 [4.12e-03, -6.29e-02, 7.67e-03, 1.02e-02, -1.58e-02, -2.00e-04, -7.63e-01, -2.55e-02, -3.16e-02, -1.10e-02, 9.34e-02]
64600 [3.49e-03, -6.16e-02, 7.51e-03, 6.71e-03, -1.47e-02, -5.24e-04, -7.63e-01, -2.55e-02, -2.91e-02, -1.39e-02, 9.34e-02]
64700 [2.93e-03, -6.03e-02, 7.55e-03, 3.63e-03, -1.43e-02, -8.47e-04, -7.63e-01, -2.55e-02, -2.68e-02, -5.55e-03, 9.34e-02]
64800 [2.37e-03, -5.91e-02, 7.48e-03, 7.22e-04, -3.46e-03, -1.15e-03, -7.63e-01, -2.56e-02, -2.45e-02, -5.40e-03, 9.34e-02]
64900 [1.82e-03, -5.79e-02, 7.65e-03, -1.47e-03, -2.77e-03, -1.41e-03, -7.63e-01, -2.56e-02, -2.29e-02, -7.73e-03, 9.35e-02]
65000 [-6.85e-02, -1.08e-01, 5.81e-03, 8.58e-02, 1.36e-03, 1.20e-01, -6.78e-01, -1.12e-01, -2.65e-02, -3.05e-02, 2.60e-02]
65100 [-6.93e-02, -1.06e-01, 3.52e-03, 7.38e-02, -4.83e-04, 1.24e-01, -6.77e-01, -1.17e-01, -2.89e-02, -2.67e-02, 2.72e-02]
65200 [-6.95e-02, -1.04e-01, 3.48e-03, 7.37e-02, -7.23e-05, 1.24e-01, -6.77e-01, -1.17e-01, -2.88e-02, -2.42e-02, 2.72e-02]
65300 [-6.97e-02, -9.87e-02, 3.37e-03, 7.34e-02, 3.13e-04, 1.24e-01, -6.77e-01, -1.17e-01, -2.86e-02, -6.39e-04, 2.72e-02]
65400 [-6.99e-02, -9.58e-02, 3.39e-03, 7.29e-02, 1.08e-04, 1.23e-01, -6.77e-01, -1.17e-01, -2.82e-02, -3.01e-03, 2.72e-02]
65500 [-7.01e-02, -9.28e-02, 3.36e-03, 7.25e-02, 2.91e-04, 1.23e-01, -6.77e-01, -1.17e-01, -2.79e-02, -4.45e-03, 2.72e-02]
65600 [-6.98e-02, -8.69e-02, 3.63e-03, 7.22e-02, 6.75e-04, 1.11e-01, -6.77e-01, -1.17e-01, -2.89e-02, 3.26e-03, 2.71e-02]
65700 [-7.00e-02, -8.42e-02, 3.47e-03, 7.17e-02, 9.96e-05, 1.09e-01, -6.77e-01, -1.17e-01, -2.87e-02, -5.61e-03, 2.71e-02]
65800 [-7.02e-02, -8.15e-02, 3.44e-03, 7.12e-02, 3.38e-04, 1.09e-01, -6.77e-01, -1.17e-01, -2.83e-02, -7.17e-03, 2.71e-02]
65900 [-5.95e-02, -7.99e-02, 5.19e-03, 7.01e-02, 9.53e-04, 3.85e-02, -6.77e-01, -1.18e-01, -3.26e-02, 2.57e-03, 2.66e-02]
66000 [-5.94e-02, -8.05e-02, 5.11e-03, 6.86e-02, 1.37e-04, 3.86e-02, -6.77e-01, -1.18e-01, -3.12e-02, -5.85e-03, 2.66e-02]
66100 [-5.94e-02, -8.05e-02, 5.10e-03, 6.72e-02, 9.51e-04, 3.86e-02, -6.77e-01, -1.18e-01, -2.98e-02, -1.64e-03, 2.67e-02]
66200 [-5.93e-02, -8.00e-02, 5.06e-03, 6.58e-02, 1.76e-03, 3.87e-02, -6.77e-01, -1.18e-01, -2.84e-02, -8.18e-03, 2.67e-02]
66300 [-5.93e-02, -8.07e-02, 5.10e-03, 6.45e-02, 4.96e-04, 3.87e-02, -6.77e-01, -1.18e-01, -2.72e-02, -1.57e-02, 2.67e-02]
66400 [-5.90e-02, -7.89e-02, 5.04e-03, 6.31e-02, 1.08e-03, 3.86e-02, -6.77e-01, -1.18e-01, -2.59e-02, -6.34e-03, 2.67e-02]
66500 [-5.89e-02, -7.98e-02, 4.86e-03, 6.18e-02, 1.80e-03, 3.86e-02, -6.77e-01, -1.18e-01, -2.45e-02, -1.04e-02, 2.67e-02]
66600 [-1.13e-02, -7.36e-02, 7.25e-03, 4.51e-02, -9.27e-05, -1.32e-03, -6.77e-01, -1.18e-01, -9.77e-03, -1.64e-02, 2.70e-02]
66700 [-1.14e-02, -7.22e-02, 7.23e-03, 4.32e-02, 1.26e-03, -1.41e-03, -6.77e-01, -1.18e-01, -7.97e-03, -6.50e-03, 2.70e-02]
66800 [-1.15e-02, -7.06e-02, 7.19e-03, 4.15e-02, 4.98e-04, -1.49e-03, -6.77e-01, -1.18e-01, -6.28e-03, -1.39e-02, 2.70e-02]
66900 [-1.16e-02, -6.88e-02, 7.17e-03, 3.98e-02, 1.66e-03, -1.59e-03, -6.77e-01, -1.18e-01, -4.72e-03, -4.83e-03, 2.70e-02]
67000 [-1.50e-03, -6.81e-02, 7.30e-03, 3.71e-02, -7.30e-04, 4.82e-04, -6.77e-01, -1.18e-01, -3.15e-03, -7.14e-03, 2.71e-02]
67100 [-1.61e-03, -6.44e-02, 7.36e-03, 3.54e-02, 1.59e-03, 2.12e-04, -6.77e-01, -1.18e-01, -1.50e-03, -1.33e-02, 2.71e-02]
67200 [3.62e-05, -6.28e-02, 7.42e-03, 3.36e-02, 3.05e-03, -1.06e-04, -6.77e-01, -1.18e-01, 1.51e-04, 7.71e-04, 2.71e-02]
67300 [-2.27e-04, -5.92e-02, 7.40e-03, 3.18e-02, 4.73e-04, -3.71e-04, -6.77e-01, -1.18e-01, 1.90e-03, -7.20e-03, 2.71e-02]
67400 [2.19e-05, -5.91e-02, 7.26e-03, 3.03e-02, 1.78e-03, -2.64e-04, -6.77e-01, -1.18e-01, 3.02e-03, -1.17e-02, 2.71e-02]
67500 [-2.73e-04, -5.61e-02, 7.37e-03, 2.90e-02, 1.04e-03, -4.39e-04, -6.77e-01, -1.18e-01, 4.27e-03, 1.42e-03, 2.71e-02]
67600 [-1.01e-02, -5.18e-02, 1.40e-02, 4.45e-02, 3.15e-03, 3.89e-02, -5.04e-01, -1.17e-01, -1.82e-01, 3.29e-02, 9.16e-02]
67700 [1.87e-02, -5.18e-02, 8.75e-03, -3.46e-02, 2.53e-02, -4.56e-02, -4.45e-01, -1.02e-01, 8.76e-02, 1.95e-02, 1.38e-01]
67800 [1.87e-02, -5.26e-02, 8.83e-03, -2.99e-02, -3.25e-03, -4.55e-02, -4.45e-01, -1.02e-01, 8.67e-02, 2.60e-02, 1.38e-01]
67900 [1.88e-02, -5.31e-02, 8.83e-03, -2.54e-02, -4.00e-03, -4.55e-02, -4.45e-01, -1.02e-01, 8.58e-02, 7.95e-03, 1.38e-01]
68000 [1.89e-02, -5.39e-02, 8.84e-03, -2.10e-02, -8.52e-03, -4.55e-02, -4.45e-01, -1.02e-01, 8.50e-02, 1.45e-02, 1.38e-01]
68100 [1.89e-02, -5.43e-02, 8.85e-03, -1.69e-02, -2.20e-03, -4.55e-02, -4.45e-01, -1.02e-01, 8.42e-02, -3.70e-03, 1.38e-01]
68200 [-3.30e-03, -5.89e-02, 8.24e-03, 3.90e-03, -5.34e-03, -4.54e-02, -4.45e-01, -9.92e-02, 8.32e-02, 3.31e-03, 1.38e-01]
68300 [-2.74e-03, -6.58e-02, 8.30e-03, 7.39e-03, -9.62e-03, -4.52e-02, -4.45e-01, -9.92e-02, 8.26e-02, 7.00e-03, 1.38e-01]
68400 [1.17e-03, -6.90e-02, 8.39e-03, 2.07e-03, -3.16e-03, -4.51e-02, -4.45e-01, -9.14e-02, 8.16e-02, 2.73e-03, 1.38e-01]
68500 [1.57e-03, -7.42e-02, 8.49e-03, 6.02e-03, -2.79e-03, -4.50e-02, -4.45e-01, -9.13e-02, 8.09e-02, 6.19e-03, 1.38e-01]
68600 [-1.72e-03, -7.91e-02, 8.52e-03, -5.43e-03, -8.13e-03, -4.49e-02, -4.45e-01, -8.29e-02, 8.01e-02, 9.02e-03, 1.38e-01]
68700 [1.04e-03, -8.31e-02, 8.54e-03, 2.49e-03, -1.43e-03, -4.47e-02, -4.45e-01, -7.82e-02, 7.91e-02, 2.75e-03, 1.38e-01]
68800 [1.42e-03, -8.76e-02, 8.58e-03, 6.67e-03, -6.06e-03, -4.46e-02, -4.45e-01, -7.82e-02, 7.83e-02, 7.19e-03, 1.38e-01]
68900 [-4.50e-03, -8.97e-02, 8.21e-03, -1.12e-03, -1.10e-02, -4.45e-02, -4.45e-01, -6.62e-02, 7.75e-02, 9.16e-03, 1.38e-01]
69000 [-5.89e-03, -9.73e-02, 8.08e-03, -9.86e-03, 1.32e-03, -2.60e-02, -4.45e-01, -5.64e-02, 7.03e-02, 4.45e-03, 1.38e-01]
69100 [-8.19e-03, -9.80e-02, 8.00e-03, -1.70e-03, -3.93e-03, -2.54e-02, -4.45e-01, -5.62e-02, 6.87e-02, 7.37e-03, 1.38e-01]
69200 [1.21e-02, -2.67e-02, 7.97e-03, 9.59e-02, -1.55e-01, -5.62e-02, -3.47e-01, 1.41e-01, 2.21e-02, -1.25e-01, 1.35e-01]
69300 [2.38e-02, -7.01e-03, 7.89e-03, -4.39e-02, 2.51e-02, -1.09e-02, -3.33e-01, 1.98e-01, -7.16e-02, -2.74e-02, 1.33e-02]
69400 [2.37e-02, -8.77e-04, 7.84e-03, -4.41e-02, 2.53e-02, -1.11e-02, -3.33e-01, 1.98e-01, -7.13e-02, -2.69e-02, 1.33e-02]
69500 [2.36e-02, 2.91e-03, 7.81e-03, -4.43e-02, 2.56e-02, -1.13e-02, -3.33e-01, 1.98e-01, -7.11e-02, -2.66e-02, 1.32e-02]
69600 [2.35e-02, 8.39e-03, 7.78e-03, -4.45e-02, 2.59e-02, -1.14e-02, -3.33e-01, 1.98e-01, -7.09e-02, -2.63e-02, 1.32e-02]
69700 [2.34e-02, 1.01e-02, 7.52e-03, -4.47e-02, 3.80e-03, -1.16e-02, -3.33e-01, 1.98e-01, -7.06e-02, -2.60e-02, 1.32e-02]
69800 [2.33e-02, 1.39e-02, 7.74e-03, -4.50e-02, 1.84e-03, -1.17e-02, -3.33e-01, 1.98e-01, -7.03e-02, -2.56e-02, 1.32e-02]
69900 [2.32e-02, 1.86e-02, 7.70e-03, -4.53e-02, 2.23e-03, -1.18e-02, -3.33e-01, 1.98e-01, -7.00e-02, -2.52e-02, 1.32e-02]
70000 [2.31e-02, 1.74e-02, 7.29e-03, -4.56e-02, 2.63e-03, -1.19e-02, -3.33e-01, 1.98e-01, -6.95e-02, -1.06e-03, 1.32e-02]
