# step, loss_train, loss_test, metrics_test
0.000000000000000000e+00 4.049878838818678217e-02 3.141885005157761881e-03 1.746442387923958020e-02 1.932100000000000219e-12 2.131600000000000166e-10 4.579600000000000192e-08 1.609426115078395059e+00 8.221867724485360185e+00 4.914628071799562292e+01 4.049878838818678217e-02 3.141885005157761881e-03 1.746442387923958020e-02 1.932100000000000219e-12 2.131600000000000166e-10 4.579600000000000192e-08 1.609426115078395059e+00 8.221867724485360185e+00 4.914628071799562292e+01
7.000000000000000000e+02 7.573908274007718280e-03 1.922872484795617731e-01 1.522125335060106721e+00 8.556224131986015023e-05 4.303337358614267583e-03 7.868785890146853812e-02 1.212484699685789785e-01 1.015415929822868657e+00 3.309547709916208724e+00 7.573908274007718280e-03 1.922872484795617731e-01 1.522125335060106721e+00 8.556224131986015023e-05 4.303337358614267583e-03 7.868785890146853812e-02 1.212484699685789785e-01 1.015415929822868657e+00 3.309547709916208724e+00
1.400000000000000000e+03 7.243429559576031358e-03 2.127986505813273810e-01 1.781550251629421933e+00 4.577006943218350104e-04 1.023442161288179214e-04 9.444862665613319719e-02 1.101130366292368823e-01 3.362874868860211697e-01 8.746645550625312682e-01 7.243429559576031358e-03 2.127986505813273810e-01 1.781550251629421933e+00 4.577006943218350104e-04 1.023442161288179214e-04 9.444862665613319719e-02 1.101130366292368823e-01 3.362874868860211697e-01 8.746645550625312682e-01
2.100000000000000000e+03 6.162909629475731357e-03 1.885024357739893131e-01 1.860836840078727628e+00 4.818522115116201290e-05 1.283956123593252139e-05 9.629847184990578124e-02 7.840707845728815684e-02 1.668108154637019391e-01 7.725450363337615922e-01 6.162909629475731357e-03 1.885024357739893131e-01 1.860836840078727628e+00 4.818522115116201290e-05 1.283956123593252139e-05 9.629847184990578124e-02 7.840707845728815684e-02 1.668108154637019391e-01 7.725450363337615922e-01
2.800000000000000000e+03 8.019376758107375422e-03 1.813298842953628698e-01 1.909670166591623808e+00 1.364266296030866574e-05 1.317173418970036549e-04 9.589463800150335726e-02 5.721627023547157243e-02 8.946520607754313015e-02 7.277669340633547979e-01 8.019376758107375422e-03 1.813298842953628698e-01 1.909670166591623808e+00 1.364266296030866574e-05 1.317173418970036549e-04 9.589463800150335726e-02 5.721627023547157243e-02 8.946520607754313015e-02 7.277669340633547979e-01
3.500000000000000000e+03 9.211648746747324798e-03 1.789673838929542182e-01 1.948907263051287586e+00 2.842698819043235403e-05 1.991703024993185414e-04 9.643242570969749738e-02 4.489721248775394719e-02 5.751170964315995005e-02 6.834695428854948851e-01 9.211648746747324798e-03 1.789673838929542182e-01 1.948907263051287586e+00 2.842698819043235403e-05 1.991703024993185414e-04 9.643242570969749738e-02 4.489721248775394719e-02 5.751170964315995005e-02 6.834695428854948851e-01
4.200000000000000000e+03 9.236743503973318323e-03 1.733682282289341348e-01 1.980620665048318463e+00 2.552260350369141173e-05 1.870123302654548949e-04 9.740326304835832116e-02 3.923323944401474472e-02 4.946097276121859398e-02 6.441372038955184287e-01 9.236743503973318323e-03 1.733682282289341348e-01 1.980620665048318463e+00 2.552260350369141173e-05 1.870123302654548949e-04 9.740326304835832116e-02 3.923323944401474472e-02 4.946097276121859398e-02 6.441372038955184287e-01
4.900000000000000000e+03 8.173378293355161583e-03 1.671934859331165590e-01 2.003576088635969477e+00 1.778307066552739388e-05 1.982013108579508799e-04 9.779425401724615996e-02 3.542034087257506236e-02 4.891282271119536118e-02 6.156235095913957789e-01 8.173378293355161583e-03 1.671934859331165590e-01 2.003576088635969477e+00 1.778307066552739388e-05 1.982013108579508799e-04 9.779425401724615996e-02 3.542034087257506236e-02 4.891282271119536118e-02 6.156235095913957789e-01
5.600000000000000000e+03 7.220776416155697507e-03 1.622709687951366109e-01 2.020617596141347949e+00 1.137191091303834815e-05 2.249866797287146023e-04 9.792160934148158580e-02 3.194452785223153568e-02 5.019156115402304691e-02 5.949322537015254708e-01 7.220776416155697507e-03 1.622709687951366109e-01 2.020617596141347949e+00 1.137191091303834815e-05 2.249866797287146023e-04 9.792160934148158580e-02 3.194452785223153568e-02 5.019156115402304691e-02 5.949322537015254708e-01
6.300000000000000000e+03 6.242049028697501355e-03 1.589766862647284118e-01 2.032662392702806908e+00 7.954272877546393839e-06 2.540089801915861121e-04 9.776935264263830749e-02 2.798938850664697484e-02 5.165864211957113539e-02 5.810523553958589771e-01 6.242049028697501355e-03 1.589766862647284118e-01 2.032662392702806908e+00 7.954272877546393839e-06 2.540089801915861121e-04 9.776935264263830749e-02 2.798938850664697484e-02 5.165864211957113539e-02 5.810523553958589771e-01
7.000000000000000000e+03 4.979234668720765311e-03 1.568531348624827848e-01 2.040713013777124551e+00 6.161638387141783179e-06 2.899364073656276368e-04 9.768051742729719211e-02 2.188112510089038759e-02 5.245821394424515782e-02 5.722806588846774956e-01 4.979234668720765311e-03 1.568531348624827848e-01 2.040713013777124551e+00 6.161638387141783179e-06 2.899364073656276368e-04 9.768051742729719211e-02 2.188112510089038759e-02 5.245821394424515782e-02 5.722806588846774956e-01
7.700000000000000000e+03 3.353565785349754604e-03 1.533644451179074220e-01 2.051270557542372419e+00 8.325276455837765955e-06 3.218841908403120692e-04 9.759174564679755359e-02 1.249095475635562426e-02 5.273095075511207569e-02 5.637259257547472258e-01 3.353565785349754604e-03 1.533644451179074220e-01 2.051270557542372419e+00 8.325276455837765955e-06 3.218841908403120692e-04 9.759174564679755359e-02 1.249095475635562426e-02 5.273095075511207569e-02 5.637259257547472258e-01
8.400000000000000000e+03 2.002458406062021176e-03 1.551023802443937394e-01 2.059432641577168877e+00 3.604154580717688615e-06 3.701778328779215411e-04 9.762042883843069507e-02 3.484884075142905512e-03 4.629431526269133651e-02 5.587247771002913366e-01 2.002458406062021176e-03 1.551023802443937394e-01 2.059432641577168877e+00 3.604154580717688615e-06 3.701778328779215411e-04 9.762042883843069507e-02 3.484884075142905512e-03 4.629431526269133651e-02 5.587247771002913366e-01
9.100000000000000000e+03 1.588477594254620370e-03 1.568535629398266351e-01 2.063654733156818022e+00 1.566324495171941931e-06 3.614445697261693896e-04 9.662863070777522045e-02 1.986607558580163503e-03 4.313966318768537589e-02 5.547454652570521505e-01 1.588477594254620370e-03 1.568535629398266351e-01 2.063654733156818022e+00 1.566324495171941931e-06 3.614445697261693896e-04 9.662863070777522045e-02 1.986607558580163503e-03 4.313966318768537589e-02 5.547454652570521505e-01
9.800000000000000000e+03 1.420703166092559351e-03 1.584321147236746330e-01 2.064155699336284400e+00 1.040829051605627586e-06 3.692132770556686805e-04 9.703274345092692543e-02 1.480125432653465025e-03 4.195237585252350326e-02 5.523565555379046366e-01 1.420703166092559351e-03 1.584321147236746330e-01 2.064155699336284400e+00 1.040829051605627586e-06 3.692132770556686805e-04 9.703274345092692543e-02 1.480125432653465025e-03 4.195237585252350326e-02 5.523565555379046366e-01
1.050000000000000000e+04 1.323047726033422340e-03 1.594905912409924909e-01 2.062069610580118617e+00 4.029908232596946950e-07 4.123357489302401460e-04 1.019108564271199308e-01 1.118365222679807390e-03 4.108801655697982835e-02 5.487766454176307152e-01 1.323047726033422340e-03 1.594905912409924909e-01 2.062069610580118617e+00 4.029908232596946950e-07 4.123357489302401460e-04 1.019108564271199308e-01 1.118365222679807390e-03 4.108801655697982835e-02 5.487766454176307152e-01
1.120000000000000000e+04 1.262799667606498508e-03 1.604264493952915205e-01 2.064985579415919759e+00 9.531785850367446780e-07 3.775161612326835580e-04 9.721257333316273008e-02 9.285401839299772028e-04 4.035906791436619928e-02 5.498748212743008734e-01 1.262799667606498508e-03 1.604264493952915205e-01 2.064985579415919759e+00 9.531785850367446780e-07 3.775161612326835580e-04 9.721257333316273008e-02 9.285401839299772028e-04 4.035906791436619928e-02 5.498748212743008734e-01
1.190000000000000000e+04 1.180936985405546709e-03 1.610097130198846482e-01 2.065274561185629576e+00 3.136237175462554952e-06 3.892952103930634369e-04 9.715514463372487697e-02 8.583616058039464803e-04 4.005615900832441151e-02 5.490788255020874198e-01 1.180936985405546709e-03 1.610097130198846482e-01 2.065274561185629576e+00 3.136237175462554952e-06 3.892952103930634369e-04 9.715514463372487697e-02 8.583616058039464803e-04 4.005615900832441151e-02 5.490788255020874198e-01
1.260000000000000000e+04 1.204784091846055694e-03 1.609962944214764491e-01 2.065851325805608152e+00 1.504363762709544882e-06 3.864927389338419024e-04 9.720070777442504917e-02 8.100963807020586946e-04 3.966778448722668715e-02 5.486150112215923969e-01 1.204784091846055694e-03 1.609962944214764491e-01 2.065851325805608152e+00 1.504363762709544882e-06 3.864927389338419024e-04 9.720070777442504917e-02 8.100963807020586946e-04 3.966778448722668715e-02 5.486150112215923969e-01
1.330000000000000000e+04 1.186106300518568937e-03 1.612685912369651309e-01 2.063336364110114118e+00 4.259999344039738239e-08 4.242513387893932959e-04 1.019190276188736838e-01 7.788084434325989909e-04 3.945223835329887685e-02 5.462648075549472182e-01 1.186106300518568937e-03 1.612685912369651309e-01 2.063336364110114118e+00 4.259999344039738239e-08 4.242513387893932959e-04 1.019190276188736838e-01 7.788084434325989909e-04 3.945223835329887685e-02 5.462648075549472182e-01
1.400000000000000000e+04 1.133550310311968491e-03 1.616470157198955648e-01 2.064958322886535580e+00 2.070093137047977508e-06 4.157024681075895817e-04 9.909205589766308109e-02 7.555984559694170748e-04 3.940493283414565895e-02 5.470337229610823249e-01 1.133550310311968491e-03 1.616470157198955648e-01 2.064958322886535580e+00 2.070093137047977508e-06 4.157024681075895817e-04 9.909205589766308109e-02 7.555984559694170748e-04 3.940493283414565895e-02 5.470337229610823249e-01
1.470000000000000000e+04 1.125337729611345858e-03 1.617520568327036334e-01 2.066300225787874201e+00 2.612049185512282722e-06 3.931561553063530386e-04 9.689496705334524340e-02 7.383829077694177871e-04 3.929494695097303369e-02 5.478402159798221316e-01 1.125337729611345858e-03 1.617520568327036334e-01 2.066300225787874201e+00 2.612049185512282722e-06 3.931561553063530386e-04 9.689496705334524340e-02 7.383829077694177871e-04 3.929494695097303369e-02 5.478402159798221316e-01
1.540000000000000000e+04 1.114158180913893967e-03 1.619464117991391283e-01 2.065158154951121983e+00 1.246558875043498592e-06 4.102283564571595825e-04 9.897438237054154153e-02 7.256296829880980312e-04 3.919820281466428885e-02 5.467579237168911366e-01 1.114158180913893967e-03 1.619464117991391283e-01 2.065158154951121983e+00 1.246558875043498592e-06 4.102283564571595825e-04 9.897438237054154153e-02 7.256296829880980312e-04 3.919820281466428885e-02 5.467579237168911366e-01
1.610000000000000000e+04 1.107186910032521582e-03 1.618357437596344151e-01 2.066284352156481319e+00 1.851938687965852241e-06 3.952746123953372235e-04 9.729085757476202412e-02 7.202586427497140089e-04 3.916565330213844787e-02 5.474255651776174236e-01 1.107186910032521582e-03 1.618357437596344151e-01 2.066284352156481319e+00 1.851938687965852241e-06 3.952746123953372235e-04 9.729085757476202412e-02 7.202586427497140089e-04 3.916565330213844787e-02 5.474255651776174236e-01
1.680000000000000000e+04 1.112403519345841812e-03 1.616977526402056387e-01 2.066307219084654090e+00 1.141877193376832875e-06 3.929135712053237060e-04 9.752392819766085574e-02 7.175447824453811373e-04 3.912742102238069702e-02 5.473098817239915315e-01 1.112403519345841812e-03 1.616977526402056387e-01 2.066307219084654090e+00 1.141877193376832875e-06 3.929135712053237060e-04 9.752392819766085574e-02 7.175447824453811373e-04 3.912742102238069702e-02 5.473098817239915315e-01
1.750000000000000000e+04 1.105284957398275890e-03 1.617502328080213103e-01 2.066452081011469932e+00 6.307208036881931206e-07 3.823804849608537912e-04 9.723592869491942681e-02 7.153077760058212204e-04 3.910500184685721664e-02 5.474125102323229575e-01 1.105284957398275890e-03 1.617502328080213103e-01 2.066452081011469932e+00 6.307208036881931206e-07 3.823804849608537912e-04 9.723592869491942681e-02 7.153077760058212204e-04 3.910500184685721664e-02 5.474125102323229575e-01
1.820000000000000000e+04 1.066112998514206133e-03 1.619595447194665250e-01 2.066501700585282375e+00 3.030235505353444569e-06 4.061912495651903189e-04 9.720764472666543199e-02 7.068851267339346317e-04 3.911514263988567081e-02 5.471592603893262741e-01 1.066112998514206133e-03 1.619595447194665250e-01 2.066501700585282375e+00 3.030235505353444569e-06 4.061912495651903189e-04 9.720764472666543199e-02 7.068851267339346317e-04 3.911514263988567081e-02 5.471592603893262741e-01
1.890000000000000000e+04 1.080410000409421159e-03 1.614974827038110627e-01 2.066789166799166910e+00 2.324576924241397071e-06 4.019993714383172218e-04 9.722334898712947648e-02 6.952801952401888681e-04 3.912087271229041513e-02 5.472538035969679582e-01 1.080410000409421159e-03 1.614974827038110627e-01 2.066789166799166910e+00 2.324576924241397071e-06 4.019993714383172218e-04 9.722334898712947648e-02 6.952801952401888681e-04 3.912087271229041513e-02 5.472538035969679582e-01
1.960000000000000000e+04 1.078601800084861857e-03 1.610774592661199378e-01 2.068304705003407129e+00 8.473771602936118138e-06 4.191954797690524218e-04 9.511888373703654420e-02 6.860735614047839236e-04 3.918306267771259205e-02 5.481520141364644161e-01 1.078601800084861857e-03 1.610774592661199378e-01 2.068304705003407129e+00 8.473771602936118138e-06 4.191954797690524218e-04 9.511888373703654420e-02 6.860735614047839236e-04 3.918306267771259205e-02 5.481520141364644161e-01
2.030000000000000000e+04 1.072473146592594620e-03 1.609878336704111679e-01 2.067171597154072060e+00 2.704807372580649960e-06 4.045091937102359477e-04 9.713976290991097051e-02 6.870992855777306686e-04 3.910488406621610846e-02 5.473971616988703159e-01 1.072473146592594620e-03 1.609878336704111679e-01 2.067171597154072060e+00 2.704807372580649960e-06 4.045091937102359477e-04 9.713976290991097051e-02 6.870992855777306686e-04 3.910488406621610846e-02 5.473971616988703159e-01
2.100000000000000000e+04 1.063389980694214292e-03 1.608990393721149992e-01 2.067308217459732589e+00 2.438842226036991538e-06 3.994996492614926505e-04 9.701383437236428542e-02 6.907667864284610824e-04 3.908455279161569818e-02 5.474808500362127184e-01 1.063389980694214292e-03 1.608990393721149992e-01 2.067308217459732589e+00 2.438842226036991538e-06 3.994996492614926505e-04 9.701383437236428542e-02 6.907667864284610824e-04 3.908455279161569818e-02 5.474808500362127184e-01
2.170000000000000000e+04 1.035411855795022708e-03 1.611080382613080397e-01 2.067147793042658055e+00 4.518079984943384020e-06 4.211789776577823385e-04 9.703155656825304676e-02 6.988743647468537504e-04 3.904784414776518026e-02 5.474459750181460693e-01 1.035411855795022708e-03 1.611080382613080397e-01 2.067147793042658055e+00 4.518079984943384020e-06 4.211789776577823385e-04 9.703155656825304676e-02 6.988743647468537504e-04 3.904784414776518026e-02 5.474459750181460693e-01
2.240000000000000000e+04 1.064230744897193184e-03 1.608097088831124677e-01 2.066575803082429719e+00 8.991008871030146505e-08 3.724990657782746854e-04 9.854454091055846188e-02 7.028954671621026606e-04 3.901371642401594425e-02 5.468384083928080619e-01 1.064230744897193184e-03 1.608097088831124677e-01 2.066575803082429719e+00 8.991008871030146505e-08 3.724990657782746854e-04 9.854454091055846188e-02 7.028954671621026606e-04 3.901371642401594425e-02 5.468384083928080619e-01
2.310000000000000000e+04 1.049741198307312931e-03 1.606865907743071364e-01 2.067396559893131425e+00 2.228755973605017434e-06 4.010459512381058553e-04 9.723714587447369884e-02 6.998234810000002713e-04 3.905728484074910689e-02 5.473722569657898385e-01 1.049741198307312931e-03 1.606865907743071364e-01 2.067396559893131425e+00 2.228755973605017434e-06 4.010459512381058553e-04 9.723714587447369884e-02 6.998234810000002713e-04 3.905728484074910689e-02 5.473722569657898385e-01
2.380000000000000000e+04 1.032491572684954544e-03 1.607331306162571027e-01 2.067320859748098538e+00 4.249606240667596343e-06 4.267733143707201854e-04 9.731759241902203372e-02 7.021880900297948914e-04 3.904834112248316974e-02 5.473134595775809297e-01 1.032491572684954544e-03 1.607331306162571027e-01 2.067320859748098538e+00 4.249606240667596343e-06 4.267733143707201854e-04 9.731759241902203372e-02 7.021880900297948914e-04 3.904834112248316974e-02 5.473134595775809297e-01
2.450000000000000000e+04 1.045243687659957576e-03 1.609228936280744093e-01 2.064730631222134960e+00 1.787431578330997836e-06 3.545117030263424986e-04 1.019562519273533169e-01 7.113582897664417863e-04 3.889294319245684833e-02 5.453492166246367567e-01 1.045243687659957576e-03 1.609228936280744093e-01 2.064730631222134960e+00 1.787431578330997836e-06 3.545117030263424986e-04 1.019562519273533169e-01 7.113582897664417863e-04 3.889294319245684833e-02 5.453492166246367567e-01
2.520000000000000000e+04 1.063438649569472746e-03 1.608247447626161286e-01 2.065759195736877274e+00 1.756121651260877980e-06 3.302757206598585485e-04 1.001584952476741036e-01 7.157068496338984823e-04 3.894539092395861435e-02 5.461294570994805753e-01 1.063438649569472746e-03 1.608247447626161286e-01 2.065759195736877274e+00 1.756121651260877980e-06 3.302757206598585485e-04 1.001584952476741036e-01 7.157068496338984823e-04 3.894539092395861435e-02 5.461294570994805753e-01
2.590000000000000000e+04 1.039589849961553014e-03 1.606385708570570447e-01 2.067458251080638743e+00 1.857455347043418823e-06 3.955413616919458298e-04 9.721516434394840422e-02 7.040270898710078527e-04 3.903893382391428191e-02 5.473826202027041177e-01 1.039589849961553014e-03 1.606385708570570447e-01 2.067458251080638743e+00 1.857455347043418823e-06 3.955413616919458298e-04 9.721516434394840422e-02 7.040270898710078527e-04 3.903893382391428191e-02 5.473826202027041177e-01
2.660000000000000000e+04 1.019246563960135663e-03 1.609544167389215796e-01 2.066646543967046057e+00 1.503090971895786069e-06 4.051464998260774454e-04 9.822808449936068498e-02 7.063668274561946472e-04 3.898219521048507802e-02 5.469387305189851167e-01 1.019246563960135663e-03 1.609544167389215796e-01 2.066646543967046057e+00 1.503090971895786069e-06 4.051464998260774454e-04 9.822808449936068498e-02 7.063668274561946472e-04 3.898219521048507802e-02 5.469387305189851167e-01
2.730000000000000000e+04 1.035403110260986166e-03 1.603137441905491400e-01 2.067757637446365759e+00 4.993074702524209658e-06 4.355410292594612373e-04 9.719966551446224123e-02 7.039939619835199492e-04 3.907195851808588360e-02 5.473369691180639540e-01 1.035403110260986166e-03 1.603137441905491400e-01 2.067757637446365759e+00 4.993074702524209658e-06 4.355410292594612373e-04 9.719966551446224123e-02 7.039939619835199492e-04 3.907195851808588360e-02 5.473369691180639540e-01
2.800000000000000000e+04 1.057150208519721862e-03 1.605845723989187124e-01 2.066369989991184042e+00 2.102602606098795989e-07 3.506734533255139764e-04 9.949130114034111794e-02 7.118083057421789421e-04 3.896878748671589454e-02 5.463506164062250647e-01 1.057150208519721862e-03 1.605845723989187124e-01 2.066369989991184042e+00 2.102602606098795989e-07 3.506734533255139764e-04 9.949130114034111794e-02 7.118083057421789421e-04 3.896878748671589454e-02 5.463506164062250647e-01
2.870000000000000000e+04 1.045659829684219546e-03 1.605701289613669369e-01 2.067518760478261441e+00 9.003969710081429643e-07 3.765722087848920297e-04 9.725564293837550556e-02 7.059455975274453064e-04 3.903246188415316481e-02 5.473539227755044312e-01 1.045659829684219546e-03 1.605701289613669369e-01 2.067518760478261441e+00 9.003969710081429643e-07 3.765722087848920297e-04 9.725564293837550556e-02 7.059455975274453064e-04 3.903246188415316481e-02 5.473539227755044312e-01
2.940000000000000000e+04 1.038345891977904929e-03 1.605169342077699401e-01 2.067531996149341023e+00 1.586301009093939889e-06 3.920985303740466684e-04 9.731709617001609025e-02 7.043184494862941066e-04 3.903571111321753329e-02 5.473130611686231051e-01 1.038345891977904929e-03 1.605169342077699401e-01 2.067531996149341023e+00 1.586301009093939889e-06 3.920985303740466684e-04 9.731709617001609025e-02 7.043184494862941066e-04 3.903571111321753329e-02 5.473130611686231051e-01
3.010000000000000000e+04 1.045395702203156694e-03 1.603471148513581634e-01 2.067782216180670485e+00 1.846018532687388496e-06 3.942858872518479707e-04 9.715080592537422843e-02 7.050586951199383327e-04 3.905561356822323527e-02 5.473634516847201148e-01 1.045395702203156694e-03 1.603471148513581634e-01 2.067782216180670485e+00 1.846018532687388496e-06 3.942858872518479707e-04 9.715080592537422843e-02 7.050586951199383327e-04 3.905561356822323527e-02 5.473634516847201148e-01
3.080000000000000000e+04 1.033616934731646474e-03 1.605839106373531944e-01 2.067409490802395666e+00 1.322082263361502168e-06 3.884050474327855967e-04 9.743628382893615436e-02 7.047669277268042405e-04 3.902247701564526966e-02 5.472652600789037480e-01 1.033616934731646474e-03 1.605839106373531944e-01 2.067409490802395666e+00 1.322082263361502168e-06 3.884050474327855967e-04 9.743628382893615436e-02 7.047669277268042405e-04 3.902247701564526966e-02 5.472652600789037480e-01
3.150000000000000000e+04 1.037905950735657510e-03 1.605202948484632519e-01 2.067362171489081302e+00 8.787746918420191970e-07 3.824938876941877137e-04 9.767048706583103534e-02 7.056429416073478969e-04 3.901864597015906183e-02 5.471427923728721110e-01 1.037905950735657510e-03 1.605202948484632519e-01 2.067362171489081302e+00 8.787746918420191970e-07 3.824938876941877137e-04 9.767048706583103534e-02 7.056429416073478969e-04 3.901864597015906183e-02 5.471427923728721110e-01
3.220000000000000000e+04 1.071708205120110342e-03 1.604857298732258186e-01 2.067310869838621556e+00 1.920377862577598022e-08 3.356573931829585780e-04 9.789087514832481296e-02 7.140826601862848696e-04 3.902253799057551348e-02 5.470343929950511885e-01 1.071708205120110342e-03 1.604857298732258186e-01 2.067310869838621556e+00 1.920377862577598022e-08 3.356573931829585780e-04 9.789087514832481296e-02 7.140826601862848696e-04 3.902253799057551348e-02 5.470343929950511885e-01
3.290000000000000000e+04 1.029264902067682924e-03 1.606471244448219038e-01 2.067348006215531608e+00 1.194128925089752595e-06 3.853081111450285695e-04 9.745270389644990205e-02 7.049795256347207544e-04 3.900910147401185496e-02 5.472604173449346909e-01 1.029264902067682924e-03 1.606471244448219038e-01 2.067348006215531608e+00 1.194128925089752595e-06 3.853081111450285695e-04 9.745270389644990205e-02 7.049795256347207544e-04 3.900910147401185496e-02 5.472604173449346909e-01
3.360000000000000000e+04 1.036102422813667441e-03 1.604925386078962235e-01 2.067474475045329996e+00 1.035784604314349755e-06 3.832585392857380639e-04 9.751648668884765891e-02 7.058360324125606414e-04 3.902206461843704677e-02 5.472011184963373465e-01 1.036102422813667441e-03 1.604925386078962235e-01 2.067474475045329996e+00 1.035784604314349755e-06 3.832585392857380639e-04 9.751648668884765891e-02 7.058360324125606414e-04 3.902206461843704677e-02 5.472011184963373465e-01
3.430000000000000000e+04 1.032740090161922289e-03 1.604525996240630803e-01 2.067632855317414364e+00 1.992494635978934296e-06 3.975086171132501253e-04 9.725082771712292851e-02 7.052684868416070644e-04 3.903217893477117090e-02 5.473225119507708625e-01 1.032740090161922289e-03 1.604525996240630803e-01 2.067632855317414364e+00 1.992494635978934296e-06 3.975086171132501253e-04 9.725082771712292851e-02 7.052684868416070644e-04 3.903217893477117090e-02 5.473225119507708625e-01
3.500000000000000000e+04 1.078955488010369893e-03 1.601666021584152722e-01 2.068433024108793816e+00 6.359221728386613867e-07 3.527990763499132027e-04 9.626468454715024492e-02 7.137742867984107854e-04 3.910121628707301233e-02 5.477387519344274480e-01 1.078955488010369893e-03 1.601666021584152722e-01 2.068433024108793816e+00 6.359221728386613867e-07 3.527990763499132027e-04 9.626468454715024492e-02 7.137742867984107854e-04 3.910121628707301233e-02 5.477387519344274480e-01
3.570000000000000000e+04 1.042048058955550357e-03 1.603612393676839276e-01 2.067956946344107205e+00 1.800357215925441376e-06 3.867745332386141738e-04 9.680888673011465995e-02 7.066616174383347562e-04 3.905585037748698918e-02 5.475069003478905127e-01 1.042048058955550357e-03 1.603612393676839276e-01 2.067956946344107205e+00 1.800357215925441376e-06 3.867745332386141738e-04 9.680888673011465995e-02 7.066616174383347562e-04 3.905585037748698918e-02 5.475069003478905127e-01
3.640000000000000000e+04 1.035501251941791951e-03 1.604391969934432782e-01 2.067594741629419808e+00 1.249769084244647427e-06 3.859824712608767223e-04 9.740260518704657589e-02 7.072445607919131171e-04 3.902844539920720390e-02 5.472270658771661855e-01 1.035501251941791951e-03 1.604391969934432782e-01 2.067594741629419808e+00 1.249769084244647427e-06 3.859824712608767223e-04 9.740260518704657589e-02 7.072445607919131171e-04 3.902844539920720390e-02 5.472270658771661855e-01
3.710000000000000000e+04 1.029002118125369727e-03 1.604658233143772816e-01 2.067637620853442826e+00 1.737050388877452532e-06 3.935258633147758795e-04 9.725550289430032191e-02 7.069213851964220715e-04 3.902628342561260955e-02 5.473013655642176012e-01 1.029002118125369727e-03 1.604658233143772816e-01 2.067637620853442826e+00 1.737050388877452532e-06 3.935258633147758795e-04 9.725550289430032191e-02 7.069213851964220715e-04 3.902628342561260955e-02 5.473013655642176012e-01
3.780000000000000000e+04 1.005295986756226875e-03 1.608065182814054916e-01 2.066961157908619562e+00 2.243251992916036592e-06 4.157236649102149986e-04 9.801668996440915382e-02 7.099537102412669873e-04 3.895962390301985212e-02 5.469512879737425948e-01 1.005295986756226875e-03 1.608065182814054916e-01 2.066961157908619562e+00 2.243251992916036592e-06 4.157236649102149986e-04 9.801668996440915382e-02 7.099537102412669873e-04 3.895962390301985212e-02 5.469512879737425948e-01
3.850000000000000000e+04 1.005068786837915156e-03 1.607533511255824221e-01 2.067698437023136382e+00 5.583354614139965087e-06 4.327564614085149808e-04 9.647179401572372748e-02 7.088750072201733306e-04 3.902276251579811506e-02 5.477350447822828539e-01 1.005068786837915156e-03 1.607533511255824221e-01 2.067698437023136382e+00 5.583354614139965087e-06 4.327564614085149808e-04 9.647179401572372748e-02 7.088750072201733306e-04 3.902276251579811506e-02 5.477350447822828539e-01
3.920000000000000000e+04 1.019237737874548449e-03 1.609099805786370074e-01 2.066339342261193313e+00 1.500049300068345787e-09 3.620932315377103005e-04 9.919055323920004941e-02 7.117847758656737104e-04 3.891094848952392909e-02 5.463876467827192274e-01 1.019237737874548449e-03 1.609099805786370074e-01 2.066339342261193313e+00 1.500049300068345787e-09 3.620932315377103005e-04 9.919055323920004941e-02 7.117847758656737104e-04 3.891094848952392909e-02 5.463876467827192274e-01
3.990000000000000000e+04 1.027076304785871919e-03 1.602762393860269197e-01 2.068339285287025042e+00 4.590853878748991573e-06 4.154938147915813334e-04 9.611127837187370682e-02 7.088446888159929916e-04 3.908615596177274221e-02 5.478422774565826492e-01 1.027076304785871919e-03 1.602762393860269197e-01 2.068339285287025042e+00 4.590853878748991573e-06 4.154938147915813334e-04 9.611127837187370682e-02 7.088446888159929916e-04 3.908615596177274221e-02 5.478422774565826492e-01
4.060000000000000000e+04 1.026772023971981316e-03 1.604335482042206495e-01 2.067734205689790272e+00 1.921467800596975507e-06 3.972468840472023299e-04 9.719362380643792321e-02 7.098725711760950916e-04 3.902904309253404924e-02 5.472769277749942596e-01 1.026772023971981316e-03 1.604335482042206495e-01 2.067734205689790272e+00 1.921467800596975507e-06 3.972468840472023299e-04 9.719362380643792321e-02 7.098725711760950916e-04 3.902904309253404924e-02 5.472769277749942596e-01
4.130000000000000000e+04 1.033970436936264455e-03 1.604944442945635263e-01 2.067059926720979490e+00 4.578082227221487689e-08 3.608494873418584921e-04 9.857750831629795429e-02 7.142204500840343894e-04 3.897312450503592068e-02 5.465951714665538974e-01 1.033970436936264455e-03 1.604944442945635263e-01 2.067059926720979490e+00 4.578082227221487689e-08 3.608494873418584921e-04 9.857750831629795429e-02 7.142204500840343894e-04 3.897312450503592068e-02 5.465951714665538974e-01
4.200000000000000000e+04 1.009143901795484096e-03 1.605169399817615583e-01 2.067928990524952493e+00 4.490325752522336682e-06 4.229865644980958152e-04 9.650558267980230420e-02 7.105568196825875300e-04 3.903177669757355861e-02 5.476746702198874717e-01 1.009143901795484096e-03 1.605169399817615583e-01 2.067928990524952493e+00 4.490325752522336682e-06 4.229865644980958152e-04 9.650558267980230420e-02 7.105568196825875300e-04 3.903177669757355861e-02 5.476746702198874717e-01
4.270000000000000000e+04 1.034194486264290117e-03 1.602463785187972778e-01 2.068328398238849175e+00 3.324903302479027242e-06 4.022543457860335426e-04 9.626569700136614061e-02 7.105700059397022841e-04 3.907830904835974534e-02 5.477308434422130112e-01 1.034194486264290117e-03 1.602463785187972778e-01 2.068328398238849175e+00 3.324903302479027242e-06 4.022543457860335426e-04 9.626569700136614061e-02 7.105700059397022841e-04 3.907830904835974534e-02 5.477308434422130112e-01
4.340000000000000000e+04 1.027126010093823731e-03 1.603663435820264771e-01 2.067731478955771696e+00 1.865540207061210648e-06 3.983384018674958576e-04 9.731217177343343128e-02 7.120027132864468252e-04 3.903049575966246326e-02 5.472112078894609821e-01 1.027126010093823731e-03 1.603663435820264771e-01 2.067731478955771696e+00 1.865540207061210648e-06 3.983384018674958576e-04 9.731217177343343128e-02 7.120027132864468252e-04 3.903049575966246326e-02 5.472112078894609821e-01
4.410000000000000000e+04 1.034798326923201802e-03 1.603705470061430327e-01 2.067878012667811571e+00 1.216857937282218606e-06 3.787847536927424507e-04 9.706189412822809059e-02 7.130065519830653450e-04 3.903413378720459181e-02 5.473201168125541027e-01 1.034798326923201802e-03 1.603705470061430327e-01 2.067878012667811571e+00 1.216857937282218606e-06 3.787847536927424507e-04 9.706189412822809059e-02 7.130065519830653450e-04 3.903413378720459181e-02 5.473201168125541027e-01
4.480000000000000000e+04 1.033117555306684379e-03 1.601882779849274352e-01 2.068003546631308254e+00 2.171966302176838104e-06 4.006001691198329178e-04 9.714573945138947619e-02 7.132403090491087547e-04 3.905667649398321395e-02 5.472392781168461395e-01 1.033117555306684379e-03 1.601882779849274352e-01 2.068003546631308254e+00 2.171966302176838104e-06 4.006001691198329178e-04 9.714573945138947619e-02 7.132403090491087547e-04 3.905667649398321395e-02 5.472392781168461395e-01
4.550000000000000000e+04 1.056515320198496682e-03 1.599910668159713056e-01 2.068451519230304125e+00 1.921331122702118058e-06 3.876853211644815914e-04 9.665435758865929816e-02 7.157415414193985621e-04 3.910312422992860693e-02 5.474302060195492814e-01 1.056515320198496682e-03 1.599910668159713056e-01 2.068451519230304125e+00 1.921331122702118058e-06 3.876853211644815914e-04 9.665435758865929816e-02 7.157415414193985621e-04 3.910312422992860693e-02 5.474302060195492814e-01
4.620000000000000000e+04 1.020449209510166690e-03 1.605202388119069123e-01 2.067505693233717246e+00 1.227751052616472296e-06 3.888522169715139670e-04 9.759173418091234009e-02 7.132500132474764833e-04 3.899840804833126090e-02 5.470426132320662660e-01 1.020449209510166690e-03 1.605202388119069123e-01 2.067505693233717246e+00 1.227751052616472296e-06 3.888522169715139670e-04 9.759173418091234009e-02 7.132500132474764833e-04 3.899840804833126090e-02 5.470426132320662660e-01
4.690000000000000000e+04 1.020368862892229037e-03 1.604164374494472245e-01 2.067690146003172913e+00 2.041971695952223025e-06 4.030362485187162481e-04 9.739927457636406161e-02 7.132027950008593261e-04 3.901944534589172481e-02 5.471132018093944893e-01 1.020368862892229037e-03 1.604164374494472245e-01 2.067690146003172913e+00 2.041971695952223025e-06 4.030362485187162481e-04 9.739927457636406161e-02 7.132027950008593261e-04 3.901944534589172481e-02 5.471132018093944893e-01
4.760000000000000000e+04 1.029308947538427107e-03 1.600217838708699603e-01 2.067858433095052018e+00 4.089441090136824567e-06 4.539145339542046678e-04 9.781078000933411676e-02 7.183123703342972214e-04 3.910176411768416516e-02 5.467773212386233261e-01 1.029308947538427107e-03 1.600217838708699603e-01 2.067858433095052018e+00 4.089441090136824567e-06 4.539145339542046678e-04 9.781078000933411676e-02 7.183123703342972214e-04 3.910176411768416516e-02 5.467773212386233261e-01
4.830000000000000000e+04 1.019669294213603524e-03 1.605115695119713470e-01 2.067484406506293837e+00 1.109053664749016569e-06 3.885391243276570305e-04 9.771247728841793434e-02 7.142089216877791887e-04 3.899344220857638849e-02 5.469475895690972811e-01 1.019669294213603524e-03 1.605115695119713470e-01 2.067484406506293837e+00 1.109053664749016569e-06 3.885391243276570305e-04 9.771247728841793434e-02 7.142089216877791887e-04 3.899344220857638849e-02 5.469475895690972811e-01
4.900000000000000000e+04 1.022981396027513798e-03 1.610247143523377833e-01 2.067042131554714057e+00 1.198384644926225895e-07 3.419648220715822964e-04 9.764327712039817808e-02 7.192329629206212650e-04 3.892604328329645619e-02 5.470741936195051558e-01 1.022981396027513798e-03 1.610247143523377833e-01 2.067042131554714057e+00 1.198384644926225895e-07 3.419648220715822964e-04 9.764327712039817808e-02 7.192329629206212650e-04 3.892604328329645619e-02 5.470741936195051558e-01
4.970000000000000000e+04 1.073509865796043634e-03 1.601216083198206130e-01 2.067702168653000605e+00 1.125424277215372968e-08 3.490840388572376252e-04 9.832707366061567422e-02 7.255131829354677766e-04 3.903406692828993718e-02 5.464625791822179668e-01 1.073509865796043634e-03 1.601216083198206130e-01 2.067702168653000605e+00 1.125424277215372968e-08 3.490840388572376252e-04 9.832707366061567422e-02 7.255131829354677766e-04 3.903406692828993718e-02 5.464625791822179668e-01
5.040000000000000000e+04 1.021015344239255707e-03 1.603929525073309881e-01 2.067747558307695854e+00 2.317088800974514204e-06 4.083161572832020724e-04 9.739591537325603676e-02 7.135916382948038041e-04 3.902633785515909060e-02 5.470568039770453694e-01 1.021015344239255707e-03 1.603929525073309881e-01 2.067747558307695854e+00 2.317088800974514204e-06 4.083161572832020724e-04 9.739591537325603676e-02 7.135916382948038041e-04 3.902633785515909060e-02 5.470568039770453694e-01
5.110000000000000000e+04 1.030258605397299607e-03 1.603224922757397752e-01 2.067958296267964791e+00 1.864596519121700932e-06 3.945990726265545989e-04 9.711529167187939182e-02 7.138465759982521013e-04 3.904174647162049483e-02 5.471839753346866564e-01 1.030258605397299607e-03 1.603224922757397752e-01 2.067958296267964791e+00 1.864596519121700932e-06 3.945990726265545989e-04 9.711529167187939182e-02 7.138465759982521013e-04 3.904174647162049483e-02 5.471839753346866564e-01
5.180000000000000000e+04 1.023555376554406574e-03 1.605122064463020692e-01 2.067629685761954050e+00 1.335522353929746399e-06 3.890571692139449382e-04 9.746742108262039517e-02 7.134940989697841464e-04 3.900438415358679217e-02 5.470219541015066689e-01 1.023555376554406574e-03 1.605122064463020692e-01 2.067629685761954050e+00 1.335522353929746399e-06 3.890571692139449382e-04 9.746742108262039517e-02 7.134940989697841464e-04 3.900438415358679217e-02 5.470219541015066689e-01
5.250000000000000000e+04 1.022521829034562981e-03 1.604892617500469632e-01 2.067792862051588187e+00 1.746619334754115099e-06 3.913263078003150213e-04 9.727698128171448355e-02 7.179993594746266958e-04 3.895869214864026292e-02 5.470976327455037147e-01 1.022521829034562981e-03 1.604892617500469632e-01 2.067792862051588187e+00 1.746619334754115099e-06 3.913263078003150213e-04 9.727698128171448355e-02 7.179993594746266958e-04 3.895869214864026292e-02 5.470976327455037147e-01
5.320000000000000000e+04 1.032776240927858399e-03 1.603767450260722705e-01 2.067842972954639702e+00 1.311374865225287088e-06 3.864396543545784205e-04 9.733843624815892437e-02 7.137744660114594833e-04 3.902682164055908814e-02 5.470389484799157431e-01 1.032776240927858399e-03 1.603767450260722705e-01 2.067842972954639702e+00 1.311374865225287088e-06 3.864396543545784205e-04 9.733843624815892437e-02 7.137744660114594833e-04 3.902682164055908814e-02 5.470389484799157431e-01
5.390000000000000000e+04 1.044803819154536701e-03 1.598824784492438589e-01 2.068702556316347252e+00 5.849895942691289412e-06 4.406658359226264983e-04 9.640609966834964850e-02 7.152393236089249224e-04 3.914226439971960764e-02 5.474198792564201055e-01 1.044803819154536701e-03 1.598824784492438589e-01 2.068702556316347252e+00 5.849895942691289412e-06 4.406658359226264983e-04 9.640609966834964850e-02 7.152393236089249224e-04 3.914226439971960764e-02 5.474198792564201055e-01
5.460000000000000000e+04 1.050712096791766963e-03 1.602545712418662338e-01 2.068107004645130864e+00 1.068149861724297150e-06 3.760084489756253365e-04 9.709774684328513483e-02 7.158936122836126979e-04 3.905549812363257045e-02 5.471032734648468843e-01 1.050712096791766963e-03 1.602545712418662338e-01 2.068107004645130864e+00 1.068149861724297150e-06 3.760084489756253365e-04 9.709774684328513483e-02 7.158936122836126979e-04 3.905549812363257045e-02 5.471032734648468843e-01
5.530000000000000000e+04 1.139545517988382927e-03 1.600299120928848906e-01 2.067970906439350109e+00 1.465388619386329492e-06 2.860117444196976205e-04 9.844379541755655938e-02 7.504501343986437435e-04 3.902045210526821489e-02 5.462108771559406328e-01 1.139545517988382927e-03 1.600299120928848906e-01 2.067970906439350109e+00 1.465388619386329492e-06 2.860117444196976205e-04 9.844379541755655938e-02 7.504501343986437435e-04 3.902045210526821489e-02 5.462108771559406328e-01
5.600000000000000000e+04 1.022360234438764344e-03 1.604696640955582398e-01 2.068089455005596822e+00 2.683831701112186703e-06 3.991465062772504456e-04 9.648495486614966365e-02 7.107730932229536008e-04 3.904147583720333353e-02 5.475311754577906198e-01 1.022360234438764344e-03 1.604696640955582398e-01 2.068089455005596822e+00 2.683831701112186703e-06 3.991465062772504456e-04 9.648495486614966365e-02 7.107730932229536008e-04 3.904147583720333353e-02 5.475311754577906198e-01
5.670000000000000000e+04 1.009061374827547805e-03 1.608650566429721263e-01 2.067455353533110607e+00 2.155046055412137010e-06 3.990237661529077496e-04 9.700610916121743532e-02 7.108330209984051792e-04 3.898279241690352087e-02 5.473347842798851337e-01 1.009061374827547805e-03 1.608650566429721263e-01 2.067455353533110607e+00 2.155046055412137010e-06 3.990237661529077496e-04 9.700610916121743532e-02 7.108330209984051792e-04 3.898279241690352087e-02 5.473347842798851337e-01
5.740000000000000000e+04 1.013618289290238667e-03 1.607986668370559313e-01 2.067035011644170250e+00 8.776609161977945542e-07 3.919585619790320798e-04 9.829757319802327753e-02 7.119754149448501808e-04 3.893869573237102727e-02 5.465690822794063708e-01 1.013618289290238667e-03 1.607986668370559313e-01 2.067035011644170250e+00 8.776609161977945542e-07 3.919585619790320798e-04 9.829757319802327753e-02 7.119754149448501808e-04 3.893869573237102727e-02 5.465690822794063708e-01
5.810000000000000000e+04 1.035534408236422161e-03 1.603131722802547399e-01 2.067926431015448152e+00 1.747271649774222367e-06 3.961742633663855088e-04 9.734264019710336946e-02 7.116578570161508424e-04 3.903581448671903514e-02 5.469795567018412852e-01 1.035534408236422161e-03 1.603131722802547399e-01 2.067926431015448152e+00 1.747271649774222367e-06 3.961742633663855088e-04 9.734264019710336946e-02 7.116578570161508424e-04 3.903581448671903514e-02 5.469795567018412852e-01
5.880000000000000000e+04 1.018891328096207605e-03 1.604554383315330290e-01 2.067969555345554600e+00 5.193472696007167986e-06 4.410132497892357102e-04 9.676872602579196514e-02 7.101873637368724722e-04 3.905947782993892531e-02 5.473263480782404322e-01 1.018891328096207605e-03 1.604554383315330290e-01 2.067969555345554600e+00 5.193472696007167986e-06 4.410132497892357102e-04 9.676872602579196514e-02 7.101873637368724722e-04 3.905947782993892531e-02 5.473263480782404322e-01
5.950000000000000000e+04 1.078408113207425523e-03 1.596531700324555769e-01 2.069341514614299715e+00 4.360916335147804393e-06 4.111853940812929898e-04 9.558920602204414030e-02 7.135489353064619926e-04 3.919911529593844701e-02 5.477731950935206262e-01 1.078408113207425523e-03 1.596531700324555769e-01 2.069341514614299715e+00 4.360916335147804393e-06 4.111853940812929898e-04 9.558920602204414030e-02 7.135489353064619926e-04 3.919911529593844701e-02 5.477731950935206262e-01
6.020000000000000000e+04 1.028221172001331750e-03 1.609325830321261808e-01 2.066535926277068835e+00 4.663966164259084954e-07 3.230071833263904106e-04 9.942383826642087197e-02 7.151433817656616251e-04 3.884802136936058720e-02 5.459593378126873509e-01 1.028221172001331750e-03 1.609325830321261808e-01 2.066535926277068835e+00 4.663966164259084954e-07 3.230071833263904106e-04 9.942383826642087197e-02 7.151433817656616251e-04 3.884802136936058720e-02 5.459593378126873509e-01
6.090000000000000000e+04 1.030621089475342294e-03 1.603689704981573205e-01 2.067821757566184804e+00 2.082719194106156038e-06 4.050352382948786624e-04 9.745552712240168614e-02 7.100854316148488441e-04 3.902793980106181171e-02 5.469140931838023523e-01 1.030621089475342294e-03 1.603689704981573205e-01 2.067821757566184804e+00 2.082719194106156038e-06 4.050352382948786624e-04 9.745552712240168614e-02 7.100854316148488441e-04 3.902793980106181171e-02 5.469140931838023523e-01
6.160000000000000000e+04 1.017914794043822419e-03 1.607450469381011826e-01 2.067063281863550817e+00 7.896670986719088964e-07 3.887124816077559960e-04 9.835425655752139118e-02 7.112340130381404873e-04 3.895033461883386228e-02 5.465133592305035926e-01 1.017914794043822419e-03 1.607450469381011826e-01 2.067063281863550817e+00 7.896670986719088964e-07 3.887124816077559960e-04 9.835425655752139118e-02 7.112340130381404873e-04 3.895033461883386228e-02 5.465133592305035926e-01
6.230000000000000000e+04 1.034023114629043470e-03 1.603829599406744744e-01 2.067836356733687708e+00 1.746958088171220478e-06 3.995096142951662615e-04 9.740752548467417060e-02 7.097844636008476859e-04 3.902782950470249507e-02 5.469325908780022782e-01 1.034023114629043470e-03 1.603829599406744744e-01 2.067836356733687708e+00 1.746958088171220478e-06 3.995096142951662615e-04 9.740752548467417060e-02 7.097844636008476859e-04 3.902782950470249507e-02 5.469325908780022782e-01
6.300000000000000000e+04 1.029228801296453322e-03 1.604343406787007709e-01 2.067792668148513702e+00 1.894260243492451513e-06 4.000166771537472460e-04 9.739004338046193532e-02 7.088579312588853473e-04 3.901740071730820658e-02 5.469560898464890242e-01 1.029228801296453322e-03 1.604343406787007709e-01 2.067792668148513702e+00 1.894260243492451513e-06 4.000166771537472460e-04 9.739004338046193532e-02 7.088579312588853473e-04 3.901740071730820658e-02 5.469560898464890242e-01
6.370000000000000000e+04 1.030464534428397619e-03 1.603897389478850799e-01 2.067880700275894323e+00 2.186782176652087577e-06 4.039919117803990409e-04 9.726993516792682704e-02 7.084848093463556699e-04 3.902850807808371653e-02 5.470140016493763024e-01 1.030464534428397619e-03 1.603897389478850799e-01 2.067880700275894323e+00 2.186782176652087577e-06 4.039919117803990409e-04 9.726993516792682704e-02 7.084848093463556699e-04 3.902850807808371653e-02 5.470140016493763024e-01
6.440000000000000000e+04 1.051217720961345001e-03 1.601923592137760033e-01 2.068216878739316478e+00 1.605423794069386646e-06 3.878383074344996743e-04 9.702376555095341970e-02 7.110283323258154630e-04 3.906202474059231738e-02 5.470829948762074846e-01 1.051217720961345001e-03 1.601923592137760033e-01 2.068216878739316478e+00 1.605423794069386646e-06 3.878383074344996743e-04 9.702376555095341970e-02 7.110283323258154630e-04 3.906202474059231738e-02 5.470829948762074846e-01
6.510000000000000000e+04 1.042969910508077282e-03 1.603828675517900981e-01 2.067880804055138633e+00 1.089516143537753176e-06 3.811058888566485670e-04 9.739869586690302894e-02 7.098403615820249486e-04 3.902118972420791365e-02 5.469091724512570307e-01 1.042969910508077282e-03 1.603828675517900981e-01 2.067880804055138633e+00 1.089516143537753176e-06 3.811058888566485670e-04 9.739869586690302894e-02 7.098403615820249486e-04 3.902118972420791365e-02 5.469091724512570307e-01
6.580000000000000000e+04 1.036402886770762142e-03 1.602848506579817311e-01 2.068330642589463864e+00 3.429749187333064557e-06 4.113603393398842546e-04 9.646035054064115710e-02 7.069136907325025395e-04 3.908207306037967538e-02 5.474108458933394372e-01 1.036402886770762142e-03 1.602848506579817311e-01 2.068330642589463864e+00 3.429749187333064557e-06 4.113603393398842546e-04 9.646035054064115710e-02 7.069136907325025395e-04 3.908207306037967538e-02 5.474108458933394372e-01
6.650000000000000000e+04 1.071014501347099593e-03 1.602369769731871452e-01 2.067892641810703758e+00 4.051398945592194362e-08 3.430962298673348389e-04 9.789288853589253603e-02 7.172831428827562824e-04 3.900207983248259874e-02 5.465820845502888936e-01 1.071014501347099593e-03 1.602369769731871452e-01 2.067892641810703758e+00 4.051398945592194362e-08 3.430962298673348389e-04 9.789288853589253603e-02 7.172831428827562824e-04 3.900207983248259874e-02 5.465820845502888936e-01
6.720000000000000000e+04 1.039428038548920142e-03 1.601628514395251890e-01 2.068836324619958589e+00 5.762853924730236061e-06 4.237426010453572119e-04 9.544277311205090486e-02 7.065517694161315343e-04 3.915614882770562105e-02 5.479640122409411562e-01 1.039428038548920142e-03 1.601628514395251890e-01 2.068836324619958589e+00 5.762853924730236061e-06 4.237426010453572119e-04 9.544277311205090486e-02 7.065517694161315343e-04 3.915614882770562105e-02 5.479640122409411562e-01
6.790000000000000000e+04 1.021382937549970751e-03 1.607804498595694631e-01 2.067232023652135542e+00 7.723388214497275946e-07 3.806579491423937606e-04 9.792411614125569319e-02 7.077521337276096837e-04 3.895022029153551862e-02 5.467277017056040300e-01 1.021382937549970751e-03 1.607804498595694631e-01 2.067232023652135542e+00 7.723388214497275946e-07 3.806579491423937606e-04 9.792411614125569319e-02 7.077521337276096837e-04 3.895022029153551862e-02 5.467277017056040300e-01
6.860000000000000000e+04 1.020617721471790435e-03 1.605197583340330358e-01 2.067538663963059520e+00 2.780020192226051114e-06 4.248652555107631200e-04 9.775895418355931565e-02 7.090306212852254481e-04 3.900210957865038464e-02 5.467411380654316755e-01 1.020617721471790435e-03 1.605197583340330358e-01 2.067538663963059520e+00 2.780020192226051114e-06 4.248652555107631200e-04 9.775895418355931565e-02 7.090306212852254481e-04 3.900210957865038464e-02 5.467411380654316755e-01
6.930000000000000000e+04 1.023699425963092366e-03 1.605974031911261979e-01 2.067347074251626893e+00 1.270762119284068475e-06 3.991593794408633371e-04 9.811420945330319443e-02 7.076181195921868753e-04 3.896010181805339978e-02 5.465629010267543109e-01 1.023699425963092366e-03 1.605974031911261979e-01 2.067347074251626893e+00 1.270762119284068475e-06 3.991593794408633371e-04 9.811420945330319443e-02 7.076181195921868753e-04 3.896010181805339978e-02 5.465629010267543109e-01
7.000000000000000000e+04 1.060582110454577577e-03 1.602322995094291325e-01 2.067896316466583784e+00 2.802290266290699054e-07 3.604051840652300201e-04 9.788689617324168590e-02 7.138831478623525791e-04 3.900119795439612597e-02 5.465615138865536071e-01 1.060582110454577577e-03 1.602322995094291325e-01 2.067896316466583784e+00 2.802290266290699054e-07 3.604051840652300201e-04 9.788689617324168590e-02 7.138831478623525791e-04 3.900119795439612597e-02 5.465615138865536071e-01
