0 [0.00e+00, 0.00e+00, 0.00e+00, 0.00e+00, 0.00e+00, 0.00e+00]
700 [2.44e-03, 1.91e-02, 9.88e-02, 1.45e-03, 6.31e-04, 1.43e-03]
1400 [3.96e-04, 2.19e-02, 6.41e-04, 1.15e-03, 4.70e-04, 9.71e-04]
2100 [8.82e-04, 4.20e-02, 3.77e-04, 9.78e-04, 1.35e-03, 6.16e-04]
2800 [1.42e-03, 2.23e-01, 1.82e-04, 8.83e-04, 2.84e-03, 5.31e-04]
3500 [3.12e-03, 8.49e-01, 2.30e-04, 8.26e-04, 4.07e-03, 4.99e-04]
4200 [3.82e-03, 1.06e+00, 4.19e-04, 7.86e-04, 4.84e-03, 5.04e-04]
4900 [3.88e-03, 8.55e-01, 4.31e-04, 7.50e-04, 5.32e-03, 5.08e-04]
5600 [3.87e-03, 6.40e-01, 4.12e-04, 7.18e-04, 5.68e-03, 5.07e-04]
6300 [3.98e-03, 4.97e-01, 5.07e-04, 6.90e-04, 5.96e-03, 5.04e-04]
7000 [4.03e-03, 3.34e-01, 5.26e-04, 6.66e-04, 6.22e-03, 5.05e-04]
7700 [3.95e-03, 1.40e-01, 5.80e-04, 6.39e-04, 6.69e-03, 5.22e-04]
8400 [3.64e-03, 1.68e-02, 5.13e-04, 6.17e-04, 6.93e-03, 5.12e-04]
9100 [3.68e-03, 6.60e-03, 6.17e-04, 6.08e-04, 6.91e-03, 4.93e-04]
9800 [3.79e-03, 5.71e-03, 6.06e-04, 5.98e-04, 6.78e-03, 4.84e-04]
10500 [3.87e-03, 7.13e-03, 6.00e-04, 5.88e-04, 6.71e-03, 4.80e-04]
11200 [3.90e-03, 8.36e-03, 5.45e-04, 5.78e-04, 6.66e-03, 4.83e-04]
11900 [4.00e-03, 8.50e-03, 5.67e-04, 5.67e-04, 6.60e-03, 4.82e-04]
12600 [3.96e-03, 8.74e-03, 5.58e-04, 5.59e-04, 6.64e-03, 4.86e-04]
13300 [3.99e-03, 9.08e-03, 5.40e-04, 5.51e-04, 6.62e-03, 4.89e-04]
14000 [4.06e-03, 9.46e-03, 5.27e-04, 5.44e-04, 6.58e-03, 4.89e-04]
14700 [4.07e-03, 9.91e-03, 5.25e-04, 5.38e-04, 6.58e-03, 4.92e-04]
15400 [4.08e-03, 1.03e-02, 5.14e-04, 5.32e-04, 6.56e-03, 4.93e-04]
16100 [4.08e-03, 1.06e-02, 5.15e-04, 5.28e-04, 6.58e-03, 4.95e-04]
16800 [4.07e-03, 1.09e-02, 5.18e-04, 5.24e-04, 6.60e-03, 4.96e-04]
17500 [4.08e-03, 1.11e-02, 4.98e-04, 5.20e-04, 6.60e-03, 4.99e-04]
18200 [4.15e-03, 1.13e-02, 4.79e-04, 5.17e-04, 6.57e-03, 4.97e-04]
18900 [4.13e-03, 1.17e-02, 5.14e-04, 5.14e-04, 6.63e-03, 4.99e-04]
19600 [4.14e-03, 1.19e-02, 5.25e-04, 5.12e-04, 6.68e-03, 5.01e-04]
20300 [4.14e-03, 1.21e-02, 5.11e-04, 5.10e-04, 6.70e-03, 5.01e-04]
21000 [4.15e-03, 1.21e-02, 5.02e-04, 5.09e-04, 6.72e-03, 5.01e-04]
21700 [4.19e-03, 1.20e-02, 5.13e-04, 5.07e-04, 6.70e-03, 4.98e-04]
22400 [4.13e-03, 1.21e-02, 4.99e-04, 5.07e-04, 6.74e-03, 5.02e-04]
23100 [4.15e-03, 1.21e-02, 5.11e-04, 5.05e-04, 6.75e-03, 5.00e-04]
23800 [4.17e-03, 1.21e-02, 5.13e-04, 5.04e-04, 6.74e-03, 4.98e-04]
24500 [4.15e-03, 1.21e-02, 4.96e-04, 5.03e-04, 6.74e-03, 4.98e-04]
25200 [4.12e-03, 1.22e-02, 4.25e-04, 5.04e-04, 6.75e-03, 5.02e-04]
25900 [4.15e-03, 1.21e-02, 5.22e-04, 5.02e-04, 6.76e-03, 5.00e-04]
26600 [4.18e-03, 1.21e-02, 4.52e-04, 5.02e-04, 6.73e-03, 5.00e-04]
27300 [4.16e-03, 1.21e-02, 5.58e-04, 5.00e-04, 6.80e-03, 4.94e-04]
28000 [4.12e-03, 1.22e-02, 5.24e-04, 5.01e-04, 6.78e-03, 5.00e-04]
28700 [4.14e-03, 1.22e-02, 4.85e-04, 5.02e-04, 6.77e-03, 5.03e-04]
29400 [4.15e-03, 1.22e-02, 4.99e-04, 5.00e-04, 6.78e-03, 5.00e-04]
30100 [4.14e-03, 1.22e-02, 5.11e-04, 5.00e-04, 6.80e-03, 4.99e-04]
30800 [4.15e-03, 1.21e-02, 4.75e-04, 5.01e-04, 6.77e-03, 5.01e-04]
31500 [4.14e-03, 1.21e-02, 4.95e-04, 5.00e-04, 6.78e-03, 5.00e-04]
32200 [4.10e-03, 1.22e-02, 4.27e-04, 5.02e-04, 6.79e-03, 5.07e-04]
32900 [4.15e-03, 1.21e-02, 4.77e-04, 5.01e-04, 6.77e-03, 5.02e-04]
33600 [4.14e-03, 1.21e-02, 4.73e-04, 5.01e-04, 6.79e-03, 5.01e-04]
34300 [4.15e-03, 1.21e-02, 5.27e-04, 5.00e-04, 6.79e-03, 5.00e-04]
35000 [4.09e-03, 1.21e-02, 5.12e-04, 5.01e-04, 6.82e-03, 5.03e-04]
35700 [4.13e-03, 1.21e-02, 4.89e-04, 5.01e-04, 6.80e-03, 5.02e-04]
36400 [4.14e-03, 1.21e-02, 4.88e-04, 5.01e-04, 6.79e-03, 5.01e-04]
37100 [4.15e-03, 1.21e-02, 4.82e-04, 5.01e-04, 6.79e-03, 5.00e-04]
37800 [4.19e-03, 1.20e-02, 4.45e-04, 5.00e-04, 6.75e-03, 4.99e-04]
38500 [4.19e-03, 1.20e-02, 3.96e-04, 5.01e-04, 6.75e-03, 5.02e-04]
39200 [4.16e-03, 1.20e-02, 5.28e-04, 5.01e-04, 6.75e-03, 5.03e-04]
39900 [4.15e-03, 1.20e-02, 5.31e-04, 5.00e-04, 6.80e-03, 4.99e-04]
40600 [4.15e-03, 1.20e-02, 4.51e-04, 5.00e-04, 6.79e-03, 5.00e-04]
41300 [4.13e-03, 1.20e-02, 4.18e-04, 5.01e-04, 6.79e-03, 5.00e-04]
42000 [4.17e-03, 1.20e-02, 4.54e-04, 5.00e-04, 6.78e-03, 4.98e-04]
42700 [4.13e-03, 1.20e-02, 5.15e-04, 5.00e-04, 6.81e-03, 5.01e-04]
43400 [4.14e-03, 1.20e-02, 5.07e-04, 5.00e-04, 6.80e-03, 4.99e-04]
44100 [4.13e-03, 1.20e-02, 4.86e-04, 5.01e-04, 6.80e-03, 5.02e-04]
44800 [4.13e-03, 1.20e-02, 5.27e-04, 5.00e-04, 6.82e-03, 4.97e-04]
45500 [4.11e-03, 1.20e-02, 5.09e-04, 5.01e-04, 6.84e-03, 5.00e-04]
46200 [4.15e-03, 1.20e-02, 4.91e-04, 5.01e-04, 6.79e-03, 5.00e-04]
46900 [4.15e-03, 1.20e-02, 5.03e-04, 5.00e-04, 6.79e-03, 4.98e-04]
47600 [4.13e-03, 1.19e-02, 4.60e-04, 5.00e-04, 6.83e-03, 4.97e-04]
48300 [4.15e-03, 1.19e-02, 4.78e-04, 5.01e-04, 6.79e-03, 4.99e-04]
49000 [4.14e-03, 1.18e-02, 2.85e-04, 5.04e-04, 6.74e-03, 5.12e-04]
49700 [4.09e-03, 1.20e-02, 5.27e-04, 5.01e-04, 6.84e-03, 5.02e-04]
50400 [4.15e-03, 1.19e-02, 5.00e-04, 5.00e-04, 6.80e-03, 4.98e-04]
51100 [4.14e-03, 1.19e-02, 4.92e-04, 5.01e-04, 6.81e-03, 4.99e-04]
51800 [4.15e-03, 1.19e-02, 5.02e-04, 5.00e-04, 6.79e-03, 5.01e-04]
52500 [4.15e-03, 1.17e-02, 4.32e-04, 5.00e-04, 6.79e-03, 4.92e-04]
53200 [4.14e-03, 1.19e-02, 4.98e-04, 5.01e-04, 6.80e-03, 5.00e-04]
53900 [4.12e-03, 1.19e-02, 5.38e-04, 5.00e-04, 6.84e-03, 4.98e-04]
54600 [4.12e-03, 1.19e-02, 5.02e-04, 5.01e-04, 6.81e-03, 5.03e-04]
55300 [4.02e-03, 1.19e-02, 3.50e-04, 5.03e-04, 6.86e-03, 5.09e-04]
56000 [4.16e-03, 1.19e-02, 4.89e-04, 5.00e-04, 6.79e-03, 4.98e-04]
56700 [4.19e-03, 1.19e-02, 5.05e-04, 5.01e-04, 6.74e-03, 5.02e-04]
57400 [4.17e-03, 1.19e-02, 4.74e-04, 5.00e-04, 6.76e-03, 5.00e-04]
58100 [4.14e-03, 1.19e-02, 5.12e-04, 5.00e-04, 6.81e-03, 4.99e-04]
58800 [4.17e-03, 1.19e-02, 5.58e-04, 5.01e-04, 6.78e-03, 5.00e-04]
59500 [4.09e-03, 1.20e-02, 5.24e-04, 5.00e-04, 6.87e-03, 4.98e-04]
60200 [4.15e-03, 1.19e-02, 4.32e-04, 5.01e-04, 6.76e-03, 5.01e-04]
60900 [4.15e-03, 1.19e-02, 5.02e-04, 5.00e-04, 6.80e-03, 4.99e-04]
61600 [4.17e-03, 1.19e-02, 4.77e-04, 5.00e-04, 6.76e-03, 5.00e-04]
62300 [4.14e-03, 1.19e-02, 5.21e-04, 4.99e-04, 6.80e-03, 4.99e-04]
63000 [4.15e-03, 1.19e-02, 4.93e-04, 5.00e-04, 6.79e-03, 4.99e-04]
63700 [4.15e-03, 1.19e-02, 5.00e-04, 5.00e-04, 6.80e-03, 4.98e-04]
64400 [4.12e-03, 1.20e-02, 5.31e-04, 4.99e-04, 6.82e-03, 5.00e-04]
65100 [4.13e-03, 1.20e-02, 4.94e-04, 5.00e-04, 6.80e-03, 5.01e-04]
65800 [4.14e-03, 1.20e-02, 5.04e-04, 5.00e-04, 6.80e-03, 5.00e-04]
66500 [4.10e-03, 1.20e-02, 4.67e-04, 5.00e-04, 6.83e-03, 5.00e-04]
67200 [4.14e-03, 1.20e-02, 3.62e-04, 5.02e-04, 6.81e-03, 5.03e-04]
67900 [4.17e-03, 1.19e-02, 4.76e-04, 5.01e-04, 6.76e-03, 5.01e-04]
68600 [4.17e-03, 1.19e-02, 5.44e-04, 4.99e-04, 6.78e-03, 4.97e-04]
69300 [4.16e-03, 1.20e-02, 5.10e-04, 5.00e-04, 6.78e-03, 4.97e-04]
70000 [4.11e-03, 1.20e-02, 4.89e-04, 5.00e-04, 6.82e-03, 4.97e-04]
