0 [-1.85e-02, -3.93e-03, 6.80e-01, 2.56e-04, -2.25e-02, -7.80e-02, 7.50e-01, 1.31e-01, -2.97e-02, 3.06e-02, 3.78e-01]
100 [6.89e-03, -1.02e-02, 7.92e-01, 1.12e-01, -1.28e-01, -7.71e-02, 6.69e-01, 1.21e-02, -8.15e-03, -4.67e-02, 3.95e-01]
200 [2.29e-02, -1.02e-02, 7.91e-01, 1.13e-01, -1.13e-01, -7.33e-02, 6.69e-01, 1.08e-02, 1.63e-02, -6.06e-02, 2.97e-01]
300 [5.07e-02, -1.02e-02, 7.90e-01, 1.15e-01, -1.22e-01, -6.97e-02, 6.69e-01, 1.67e-03, 2.92e-02, -6.70e-02, 2.47e-01]
400 [8.11e-02, -1.02e-02, 7.90e-01, 1.16e-01, -1.79e-01, -6.65e-02, 6.69e-01, -2.03e-02, 3.47e-02, -6.96e-02, 2.22e-01]
500 [1.05e-01, -1.02e-02, 7.90e-01, 1.17e-01, -2.67e-01, -6.39e-02, 6.69e-01, -4.26e-02, 3.67e-02, -7.07e-02, 2.10e-01]
600 [1.24e-01, -1.02e-02, 7.89e-01, 1.17e-01, -3.54e-01, -6.17e-02, 6.69e-01, -5.93e-02, 3.69e-02, -7.11e-02, 2.05e-01]
700 [1.39e-01, -1.02e-02, 7.89e-01, 1.17e-01, -4.30e-01, -6.01e-02, 6.69e-01, -7.14e-02, 3.61e-02, -7.12e-02, 2.03e-01]
800 [1.52e-01, -1.02e-02, 7.89e-01, 1.16e-01, -4.95e-01, -5.88e-02, 6.69e-01, -8.03e-02, 3.49e-02, -7.13e-02, 2.02e-01]
900 [1.63e-01, -1.02e-02, 7.89e-01, 1.16e-01, -5.54e-01, -5.79e-02, 6.69e-01, -8.71e-02, 3.37e-02, -7.13e-02, 2.03e-01]
1000 [1.74e-01, -1.02e-02, 7.89e-01, 1.15e-01, -6.08e-01, -5.73e-02, 6.69e-01, -9.26e-02, 3.25e-02, -7.14e-02, 2.03e-01]
1100 [1.83e-01, -1.02e-02, 7.89e-01, 1.14e-01, -6.57e-01, -5.68e-02, 6.69e-01, -9.70e-02, 3.16e-02, -7.16e-02, 2.03e-01]
1200 [1.91e-01, -1.02e-02, 7.89e-01, 1.14e-01, -7.02e-01, -5.66e-02, 6.69e-01, -1.01e-01, 3.09e-02, -7.17e-02, 2.03e-01]
1300 [1.99e-01, -1.02e-02, 7.89e-01, 1.13e-01, -7.43e-01, -5.65e-02, 6.69e-01, -1.04e-01, 3.06e-02, -7.19e-02, 2.03e-01]
1400 [2.07e-01, -1.02e-02, 7.89e-01, 1.12e-01, -7.81e-01, -5.65e-02, 6.69e-01, -1.07e-01, 3.05e-02, -7.21e-02, 2.03e-01]
1500 [2.14e-01, -1.02e-02, 7.89e-01, 1.11e-01, -8.16e-01, -5.66e-02, 6.69e-01, -1.09e-01, 3.06e-02, -7.23e-02, 2.03e-01]
1600 [2.21e-01, -1.02e-02, 7.89e-01, 1.11e-01, -8.50e-01, -5.68e-02, 6.69e-01, -1.12e-01, 3.10e-02, -7.25e-02, 2.03e-01]
1700 [2.28e-01, -1.02e-02, 7.90e-01, 1.10e-01, -8.56e-01, -5.70e-02, 6.69e-01, -1.14e-01, 3.15e-02, -7.27e-02, 2.03e-01]
1800 [2.35e-01, -1.02e-02, 7.90e-01, 1.09e-01, -8.16e-01, -5.72e-02, 6.69e-01, -1.16e-01, 3.23e-02, -7.29e-02, 2.03e-01]
1900 [2.42e-01, -1.02e-02, 7.90e-01, 1.08e-01, -8.54e-01, -5.75e-02, 6.69e-01, -1.19e-01, 3.31e-02, -7.31e-02, 2.04e-01]
2000 [2.48e-01, -1.02e-02, 7.90e-01, 1.08e-01, -8.91e-01, -5.78e-02, 6.69e-01, -1.21e-01, 3.40e-02, -7.33e-02, 2.04e-01]
2100 [2.55e-01, -1.02e-02, 7.90e-01, 1.07e-01, -9.27e-01, -5.81e-02, 6.69e-01, -1.23e-01, 3.51e-02, -7.34e-02, 2.04e-01]
2200 [2.62e-01, -1.02e-02, 7.90e-01, 1.06e-01, -9.62e-01, -5.85e-02, 6.69e-01, -1.25e-01, 3.62e-02, -7.36e-02, 2.04e-01]
2300 [2.68e-01, -1.02e-02, 7.90e-01, 1.05e-01, -8.45e-01, -5.89e-02, 6.69e-01, -1.28e-01, 3.74e-02, -7.38e-02, 2.04e-01]
2400 [2.74e-01, -1.02e-02, 7.91e-01, 1.04e-01, -8.91e-01, -5.93e-02, 6.69e-01, -1.30e-01, 3.88e-02, -7.40e-02, 2.04e-01]
2500 [2.81e-01, -1.02e-02, 7.91e-01, 1.04e-01, -9.35e-01, -5.98e-02, 6.69e-01, -1.32e-01, 4.02e-02, -7.42e-02, 2.04e-01]
2600 [2.87e-01, -1.02e-02, 7.91e-01, 1.03e-01, -9.77e-01, -6.03e-02, 6.69e-01, -1.34e-01, 4.16e-02, -7.43e-02, 2.04e-01]
2700 [2.94e-01, -1.02e-02, 7.91e-01, 1.02e-01, -1.02e+00, -6.09e-02, 6.69e-01, -1.36e-01, 4.31e-02, -7.45e-02, 2.04e-01]
2800 [3.00e-01, -1.02e-02, 7.91e-01, 1.01e-01, -8.53e-01, -6.14e-02, 6.69e-01, -1.38e-01, 4.47e-02, -7.47e-02, 2.05e-01]
2900 [3.06e-01, -1.02e-02, 7.91e-01, 1.00e-01, -8.84e-01, -6.20e-02, 6.69e-01, -1.41e-01, 4.65e-02, -7.49e-02, 2.05e-01]
3000 [3.13e-01, -1.02e-02, 7.91e-01, 9.93e-02, -9.39e-01, -6.27e-02, 6.69e-01, -1.44e-01, 4.83e-02, -7.52e-02, 2.05e-01]
3100 [3.19e-01, -1.02e-02, 7.92e-01, 9.83e-02, -9.91e-01, -6.34e-02, 6.69e-01, -1.46e-01, 5.01e-02, -7.54e-02, 2.05e-01]
3200 [3.26e-01, -1.02e-02, 7.92e-01, 9.74e-02, -1.04e+00, -6.41e-02, 6.69e-01, -1.48e-01, 5.21e-02, -7.56e-02, 2.05e-01]
3300 [3.32e-01, -1.02e-02, 7.92e-01, 9.64e-02, -1.09e+00, -6.49e-02, 6.69e-01, -1.50e-01, 5.40e-02, -7.58e-02, 2.05e-01]
3400 [3.38e-01, -1.02e-02, 7.92e-01, 9.54e-02, -8.45e-01, -6.57e-02, 6.69e-01, -1.52e-01, 5.61e-02, -7.61e-02, 2.06e-01]
3500 [3.45e-01, -1.02e-02, 7.92e-01, 9.44e-02, -9.12e-01, -6.65e-02, 6.69e-01, -1.55e-01, 5.84e-02, -7.63e-02, 2.06e-01]
3600 [3.51e-01, -1.02e-02, 7.92e-01, 9.34e-02, -9.75e-01, -6.74e-02, 6.69e-01, -1.58e-01, 6.07e-02, -7.66e-02, 2.06e-01]
3700 [3.58e-01, -1.02e-02, 7.93e-01, 9.24e-02, -1.03e+00, -6.83e-02, 6.69e-01, -1.60e-01, 6.31e-02, -7.68e-02, 2.06e-01]
3800 [3.64e-01, -1.02e-02, 7.93e-01, 9.13e-02, -1.09e+00, -6.93e-02, 6.69e-01, -1.62e-01, 6.55e-02, -7.71e-02, 2.06e-01]
3900 [3.69e-01, -1.02e-02, 7.93e-01, 9.01e-02, -8.90e-01, -7.04e-02, 6.69e-01, -1.67e-01, 6.81e-02, -7.74e-02, 2.06e-01]
4000 [3.75e-01, -1.02e-02, 7.93e-01, 8.90e-02, -9.61e-01, -7.15e-02, 6.69e-01, -1.70e-01, 7.08e-02, -7.77e-02, 2.06e-01]
4100 [3.82e-01, -1.02e-02, 7.93e-01, 8.79e-02, -1.03e+00, -7.26e-02, 6.69e-01, -1.72e-01, 7.35e-02, -7.79e-02, 2.07e-01]
4200 [3.88e-01, -1.02e-02, 7.94e-01, 8.68e-02, -1.09e+00, -7.38e-02, 6.69e-01, -1.74e-01, 7.63e-02, -7.83e-02, 2.07e-01]
4300 [3.94e-01, -1.02e-02, 7.94e-01, 8.56e-02, -9.31e-01, -7.50e-02, 6.69e-01, -1.79e-01, 7.92e-02, -7.86e-02, 2.07e-01]
4400 [3.99e-01, -1.02e-02, 7.94e-01, 8.44e-02, -9.15e-01, -7.63e-02, 6.69e-01, -1.83e-01, 8.22e-02, -7.89e-02, 2.07e-01]
4500 [4.06e-01, -1.02e-02, 7.94e-01, 8.32e-02, -9.89e-01, -7.76e-02, 6.69e-01, -1.86e-01, 8.54e-02, -7.92e-02, 2.07e-01]
4600 [4.13e-01, -1.02e-02, 7.94e-01, 8.20e-02, -1.06e+00, -7.90e-02, 6.69e-01, -1.88e-01, 8.86e-02, -7.95e-02, 2.07e-01]
4700 [4.20e-01, -1.02e-02, 7.94e-01, 8.09e-02, -1.12e+00, -8.05e-02, 6.69e-01, -1.90e-01, 9.18e-02, -7.99e-02, 2.07e-01]
4800 [4.23e-01, -1.02e-02, 7.95e-01, 7.95e-02, -8.42e-01, -8.20e-02, 6.69e-01, -1.96e-01, 9.51e-02, -8.02e-02, 2.07e-01]
4900 [4.30e-01, -1.02e-02, 7.95e-01, 7.82e-02, -9.22e-01, -8.35e-02, 6.69e-01, -2.00e-01, 9.87e-02, -8.06e-02, 2.07e-01]
5000 [4.37e-01, -1.02e-02, 7.95e-01, 7.70e-02, -9.98e-01, -8.51e-02, 6.69e-01, -2.02e-01, 1.02e-01, -8.10e-02, 2.07e-01]
5100 [4.44e-01, -1.02e-02, 7.95e-01, 7.57e-02, -1.07e+00, -8.68e-02, 6.69e-01, -2.04e-01, 1.06e-01, -8.13e-02, 2.07e-01]
5200 [4.51e-01, -1.02e-02, 7.95e-01, 7.45e-02, -1.13e+00, -8.85e-02, 6.69e-01, -2.06e-01, 1.09e-01, -8.17e-02, 2.07e-01]
5300 [4.53e-01, -1.02e-02, 7.96e-01, 7.30e-02, -8.37e-01, -9.03e-02, 6.69e-01, -2.14e-01, 1.13e-01, -8.21e-02, 2.06e-01]
5400 [4.61e-01, -1.02e-02, 7.96e-01, 7.16e-02, -9.25e-01, -9.21e-02, 6.69e-01, -2.17e-01, 1.17e-01, -8.25e-02, 2.06e-01]
5500 [4.68e-01, -1.02e-02, 7.96e-01, 7.03e-02, -1.00e+00, -9.40e-02, 6.69e-01, -2.20e-01, 1.21e-01, -8.29e-02, 2.06e-01]
5600 [4.76e-01, -1.02e-02, 7.96e-01, 6.90e-02, -1.07e+00, -9.59e-02, 6.69e-01, -2.22e-01, 1.25e-01, -8.33e-02, 2.06e-01]
5700 [4.84e-01, -1.02e-02, 7.96e-01, 6.77e-02, -1.13e+00, -9.79e-02, 6.69e-01, -2.24e-01, 1.29e-01, -8.38e-02, 2.05e-01]
5800 [4.84e-01, -1.02e-02, 7.96e-01, 6.61e-02, -8.13e-01, -9.99e-02, 6.69e-01, -2.34e-01, 1.33e-01, -8.42e-02, 2.05e-01]
5900 [4.92e-01, -1.02e-02, 7.97e-01, 6.46e-02, -9.03e-01, -1.02e-01, 6.69e-01, -2.37e-01, 1.38e-01, -8.47e-02, 2.04e-01]
6000 [5.00e-01, -1.02e-02, 7.97e-01, 6.33e-02, -9.81e-01, -1.04e-01, 6.69e-01, -2.39e-01, 1.42e-01, -8.51e-02, 2.04e-01]
6100 [5.08e-01, -1.02e-02, 7.97e-01, 6.19e-02, -1.05e+00, -1.06e-01, 6.69e-01, -2.41e-01, 1.46e-01, -8.56e-02, 2.03e-01]
6200 [5.17e-01, -1.02e-02, 7.97e-01, 6.05e-02, -1.12e+00, -1.08e-01, 6.69e-01, -2.44e-01, 1.50e-01, -8.61e-02, 2.02e-01]
6300 [5.14e-01, -1.02e-02, 7.97e-01, 5.87e-02, -7.72e-01, -1.11e-01, 6.69e-01, -2.54e-01, 1.55e-01, -8.66e-02, 2.02e-01]
6400 [5.23e-01, -1.03e-02, 7.97e-01, 5.72e-02, -8.65e-01, -1.13e-01, 6.69e-01, -2.57e-01, 1.60e-01, -8.72e-02, 2.01e-01]
6500 [5.32e-01, -1.03e-02, 7.97e-01, 5.57e-02, -9.47e-01, -1.15e-01, 6.69e-01, -2.60e-01, 1.64e-01, -8.77e-02, 2.00e-01]
6600 [5.41e-01, -1.03e-02, 7.97e-01, 5.43e-02, -1.02e+00, -1.18e-01, 6.69e-01, -2.62e-01, 1.69e-01, -8.83e-02, 1.99e-01]
6700 [5.50e-01, -1.03e-02, 7.97e-01, 5.28e-02, -1.09e+00, -1.20e-01, 6.69e-01, -2.64e-01, 1.73e-01, -8.89e-02, 1.98e-01]
6800 [5.43e-01, -1.03e-02, 7.97e-01, 5.08e-02, -7.13e-01, -1.23e-01, 6.69e-01, -2.77e-01, 1.78e-01, -8.95e-02, 1.97e-01]
6900 [5.53e-01, -1.03e-02, 7.97e-01, 4.92e-02, -8.12e-01, -1.25e-01, 6.69e-01, -2.80e-01, 1.83e-01, -9.02e-02, 1.95e-01]
7000 [5.62e-01, -1.03e-02, 7.98e-01, 4.76e-02, -8.98e-01, -1.28e-01, 6.69e-01, -2.83e-01, 1.87e-01, -9.09e-02, 1.94e-01]
7100 [5.72e-01, -1.03e-02, 7.97e-01, 4.61e-02, -9.76e-01, -1.30e-01, 6.69e-01, -2.85e-01, 1.92e-01, -9.16e-02, 1.93e-01]
7200 [5.82e-01, -1.03e-02, 7.97e-01, 4.45e-02, -1.05e+00, -1.33e-01, 6.69e-01, -2.87e-01, 1.97e-01, -9.23e-02, 1.91e-01]
7300 [5.70e-01, -1.03e-02, 7.97e-01, 4.23e-02, -6.59e-01, -1.36e-01, 6.69e-01, -3.01e-01, 2.01e-01, -9.31e-02, 1.90e-01]
7400 [5.80e-01, -1.03e-02, 7.97e-01, 4.05e-02, -7.60e-01, -1.38e-01, 6.69e-01, -3.04e-01, 2.06e-01, -9.39e-02, 1.88e-01]
7500 [5.91e-01, -1.04e-02, 7.97e-01, 3.88e-02, -8.53e-01, -1.41e-01, 6.69e-01, -3.07e-01, 2.11e-01, -9.48e-02, 1.86e-01]
7600 [6.01e-01, -1.04e-02, 7.97e-01, 3.72e-02, -9.35e-01, -1.44e-01, 6.69e-01, -3.09e-01, 2.16e-01, -9.57e-02, 1.84e-01]
7700 [6.12e-01, -1.04e-02, 7.97e-01, 3.55e-02, -1.01e+00, -1.46e-01, 6.69e-01, -3.11e-01, 2.20e-01, -9.66e-02, 1.82e-01]
7800 [6.04e-01, -1.04e-02, 7.97e-01, 3.33e-02, -6.93e-01, -1.49e-01, 6.69e-01, -3.23e-01, 2.25e-01, -9.76e-02, 1.80e-01]
7900 [6.04e-01, -1.04e-02, 7.97e-01, 3.11e-02, -6.85e-01, -1.52e-01, 6.69e-01, -3.30e-01, 2.30e-01, -9.86e-02, 1.78e-01]
8000 [6.16e-01, -1.04e-02, 7.97e-01, 2.92e-02, -7.88e-01, -1.55e-01, 6.69e-01, -3.33e-01, 2.35e-01, -9.97e-02, 1.76e-01]
8100 [6.28e-01, -1.04e-02, 7.97e-01, 2.73e-02, -8.79e-01, -1.58e-01, 6.69e-01, -3.36e-01, 2.39e-01, -1.01e-01, 1.74e-01]
8200 [6.40e-01, -1.04e-02, 7.96e-01, 2.55e-02, -9.62e-01, -1.61e-01, 6.69e-01, -3.38e-01, 2.44e-01, -1.02e-01, 1.71e-01]
8300 [6.51e-01, -1.04e-02, 7.96e-01, 2.37e-02, -1.04e+00, -1.64e-01, 6.69e-01, -3.39e-01, 2.49e-01, -1.03e-01, 1.69e-01]
8400 [6.22e-01, -1.04e-02, 7.96e-01, 2.06e-02, -6.29e-01, -1.67e-01, 6.69e-01, -3.60e-01, 2.53e-01, -1.05e-01, 1.66e-01]
8500 [6.36e-01, -1.04e-02, 7.96e-01, 1.85e-02, -7.40e-01, -1.70e-01, 6.69e-01, -3.62e-01, 2.58e-01, -1.06e-01, 1.63e-01]
8600 [6.50e-01, -1.04e-02, 7.96e-01, 1.64e-02, -8.38e-01, -1.73e-01, 6.69e-01, -3.65e-01, 2.63e-01, -1.07e-01, 1.61e-01]
8700 [6.63e-01, -1.03e-02, 7.96e-01, 1.43e-02, -9.27e-01, -1.76e-01, 6.69e-01, -3.67e-01, 2.67e-01, -1.09e-01, 1.58e-01]
8800 [6.77e-01, -1.03e-02, 7.96e-01, 1.23e-02, -1.01e+00, -1.80e-01, 6.69e-01, -3.68e-01, 2.72e-01, -1.10e-01, 1.55e-01]
8900 [6.48e-01, -1.03e-02, 7.96e-01, 9.20e-03, -6.06e-01, -1.83e-01, 6.69e-01, -3.87e-01, 2.76e-01, -1.12e-01, 1.52e-01]
9000 [6.51e-01, -1.03e-02, 7.95e-01, 6.61e-03, -6.53e-01, -1.86e-01, 6.69e-01, -3.93e-01, 2.80e-01, -1.14e-01, 1.49e-01]
9100 [6.68e-01, -1.03e-02, 7.95e-01, 4.26e-03, -7.62e-01, -1.89e-01, 6.69e-01, -3.95e-01, 2.85e-01, -1.15e-01, 1.47e-01]
9200 [6.84e-01, -1.02e-02, 7.95e-01, 1.96e-03, -8.59e-01, -1.93e-01, 6.69e-01, -3.97e-01, 2.89e-01, -1.17e-01, 1.44e-01]
9300 [7.00e-01, -1.02e-02, 7.95e-01, -3.17e-04, -9.48e-01, -1.96e-01, 6.69e-01, -3.98e-01, 2.94e-01, -1.19e-01, 1.41e-01]
9400 [7.15e-01, -1.02e-02, 7.95e-01, -2.58e-03, -1.03e+00, -2.00e-01, 6.69e-01, -4.00e-01, 2.99e-01, -1.21e-01, 1.38e-01]
9500 [6.53e-01, -1.02e-02, 7.95e-01, -6.83e-03, -5.95e-01, -2.03e-01, 6.69e-01, -4.31e-01, 3.03e-01, -1.23e-01, 1.35e-01]
9600 [6.74e-01, -1.02e-02, 7.95e-01, -9.42e-03, -7.13e-01, -2.07e-01, 6.69e-01, -4.32e-01, 3.07e-01, -1.25e-01, 1.32e-01]
9700 [6.94e-01, -1.03e-02, 7.95e-01, -1.20e-02, -8.18e-01, -2.10e-01, 6.69e-01, -4.33e-01, 3.11e-01, -1.27e-01, 1.29e-01]
9800 [7.13e-01, -1.03e-02, 7.95e-01, -1.45e-02, -9.13e-01, -2.14e-01, 6.69e-01, -4.34e-01, 3.15e-01, -1.29e-01, 1.27e-01]
9900 [7.32e-01, -1.03e-02, 7.94e-01, -1.70e-02, -9.99e-01, -2.18e-01, 6.69e-01, -4.35e-01, 3.20e-01, -1.31e-01, 1.24e-01]
10000 [7.51e-01, -1.03e-02, 7.94e-01, -1.95e-02, -1.07e+00, -2.22e-01, 6.69e-01, -4.36e-01, 3.25e-01, -1.33e-01, 1.21e-01]
10000 [7.51e-01, -1.03e-02, 7.94e-01, -1.95e-02, -1.07e+00, -2.22e-01, 6.69e-01, -4.36e-01, 3.25e-01, -1.33e-01, 1.21e-01]
10100 [6.49e-01, 2.91e-02, 7.86e-01, -3.59e-02, -9.80e-01, 2.61e-02, 8.10e-01, -3.51e-01, 2.91e-01, 7.09e-03, -2.30e-02]
10200 [6.49e-01, 1.84e-02, 7.84e-01, -3.60e-02, -9.80e-01, 2.02e-02, 8.10e-01, -3.51e-01, 2.89e-01, 1.03e-02, -2.33e-02]
10300 [6.49e-01, 1.30e-02, 7.81e-01, -3.63e-02, -9.80e-01, 1.45e-02, 8.10e-01, -3.51e-01, 2.88e-01, 1.29e-02, -2.36e-02]
10400 [6.49e-01, 1.09e-02, 7.78e-01, -3.66e-02, -9.80e-01, 7.57e-03, 8.10e-01, -3.51e-01, 2.86e-01, 1.49e-02, -2.42e-02]
10500 [6.49e-01, 1.09e-02, 7.76e-01, -3.70e-02, -9.80e-01, -4.88e-04, 8.10e-01, -3.51e-01, 2.84e-01, 1.63e-02, -2.50e-02]
10600 [6.49e-01, 1.22e-02, 7.73e-01, -3.74e-02, -9.80e-01, -9.56e-03, 8.10e-01, -3.51e-01, 2.82e-01, 1.74e-02, -2.60e-02]
10700 [6.49e-01, 1.41e-02, 7.71e-01, -3.79e-02, -9.80e-01, -1.95e-02, 8.10e-01, -3.51e-01, 2.79e-01, 1.81e-02, -2.73e-02]
10800 [6.49e-01, 1.61e-02, 7.68e-01, -3.84e-02, -9.80e-01, -3.01e-02, 8.10e-01, -3.51e-01, 2.75e-01, 1.86e-02, -2.88e-02]
10900 [6.49e-01, 1.79e-02, 7.66e-01, -3.89e-02, -9.80e-01, -4.12e-02, 8.10e-01, -3.51e-01, 2.71e-01, 1.88e-02, -3.06e-02]
11000 [6.49e-01, 1.95e-02, 7.64e-01, -3.95e-02, -9.80e-01, -5.25e-02, 8.10e-01, -3.51e-01, 2.67e-01, 1.89e-02, -3.26e-02]
11100 [6.49e-01, 2.08e-02, 7.61e-01, -4.00e-02, -9.80e-01, -6.37e-02, 8.10e-01, -3.51e-01, 2.62e-01, 1.88e-02, -3.47e-02]
11200 [6.49e-01, 2.14e-02, 7.59e-01, -4.28e-02, -9.10e-01, -7.38e-02, 8.10e-01, -3.51e-01, 2.26e-01, 1.79e-02, -3.68e-02]
11300 [6.49e-01, 2.08e-02, 7.57e-01, -4.36e-02, -9.02e-01, -8.51e-02, 8.10e-01, -3.51e-01, 2.17e-01, 1.81e-02, -3.84e-02]
11400 [6.49e-01, 2.10e-02, 7.55e-01, -4.41e-02, -9.02e-01, -9.53e-02, 8.10e-01, -3.51e-01, 2.12e-01, 1.78e-02, -4.02e-02]
11500 [6.49e-01, 2.14e-02, 7.53e-01, -4.45e-02, -9.02e-01, -1.05e-01, 8.10e-01, -3.51e-01, 2.08e-01, 1.74e-02, -4.19e-02]
11600 [6.49e-01, 2.18e-02, 7.52e-01, -4.50e-02, -9.02e-01, -1.15e-01, 8.10e-01, -3.51e-01, 2.04e-01, 1.71e-02, -4.35e-02]
11700 [6.49e-01, 2.22e-02, 7.51e-01, -4.54e-02, -9.02e-01, -1.24e-01, 8.10e-01, -3.51e-01, 2.00e-01, 1.67e-02, -4.50e-02]
11800 [6.49e-01, 2.25e-02, 7.49e-01, -4.58e-02, -9.02e-01, -1.33e-01, 8.10e-01, -3.51e-01, 1.96e-01, 1.62e-02, -4.64e-02]
11900 [6.49e-01, 2.27e-02, 7.48e-01, -4.61e-02, -9.02e-01, -1.41e-01, 8.10e-01, -3.51e-01, 1.93e-01, 1.58e-02, -4.77e-02]
12000 [6.49e-01, 2.29e-02, 7.48e-01, -4.65e-02, -9.02e-01, -1.49e-01, 8.10e-01, -3.51e-01, 1.90e-01, 1.54e-02, -4.88e-02]
12100 [6.49e-01, 2.31e-02, 7.47e-01, -4.68e-02, -9.02e-01, -1.57e-01, 8.10e-01, -3.51e-01, 1.87e-01, 1.49e-02, -4.98e-02]
12200 [6.49e-01, 2.33e-02, 7.46e-01, -4.71e-02, -9.02e-01, -1.64e-01, 8.10e-01, -3.51e-01, 1.84e-01, 1.45e-02, -5.07e-02]
12300 [6.48e-01, 2.13e-02, 7.25e-01, -5.40e-02, -7.62e-01, 1.29e-02, 8.10e-01, -3.51e-01, 3.18e-02, 9.44e-03, -5.01e-02]
12400 [6.48e-01, 2.60e-02, 7.17e-01, -5.39e-02, -7.62e-01, -1.49e-02, 8.10e-01, -3.51e-01, 3.13e-02, 9.18e-03, -5.11e-02]
12500 [6.48e-01, 2.88e-02, 7.11e-01, -5.38e-02, -7.62e-01, -4.10e-02, 8.10e-01, -3.51e-01, 3.10e-02, 8.63e-03, -5.22e-02]
12600 [6.48e-01, 2.95e-02, 7.05e-01, -5.37e-02, -7.62e-01, -6.39e-02, 8.10e-01, -3.51e-01, 3.12e-02, 8.04e-03, -5.29e-02]
12700 [6.48e-01, 2.93e-02, 7.01e-01, -5.36e-02, -7.62e-01, -8.35e-02, 8.10e-01, -3.51e-01, 3.19e-02, 7.50e-03, -5.34e-02]
12800 [6.48e-01, 2.89e-02, 6.98e-01, -5.34e-02, -7.62e-01, -1.01e-01, 8.10e-01, -3.51e-01, 3.32e-02, 7.04e-03, -5.34e-02]
12900 [6.48e-01, 2.86e-02, 6.95e-01, -5.31e-02, -7.62e-01, -1.16e-01, 8.10e-01, -3.51e-01, 3.48e-02, 6.63e-03, -5.32e-02]
13000 [6.48e-01, 2.60e-02, 6.93e-01, -5.29e-02, -7.62e-01, -1.28e-01, 8.10e-01, -3.51e-01, 3.67e-02, -1.91e-03, -5.26e-02]
13100 [6.48e-01, 2.53e-02, 6.79e-01, -5.58e-02, -7.58e-01, -5.56e-02, 8.10e-01, -3.51e-01, 5.38e-02, -3.14e-03, -5.22e-02]
13200 [6.48e-01, 2.76e-02, 6.73e-01, -5.61e-02, -7.58e-01, -8.06e-02, 8.10e-01, -3.51e-01, 5.40e-02, -3.31e-03, -5.34e-02]
13300 [6.48e-01, 2.89e-02, 6.70e-01, -5.59e-02, -7.58e-01, -1.02e-01, 8.10e-01, -3.51e-01, 5.42e-02, -3.47e-03, -5.41e-02]
13400 [6.43e-01, 2.87e-02, 6.28e-01, -7.70e-02, -7.29e-01, 1.96e-03, 8.10e-01, -3.51e-01, 1.01e-01, -2.66e-03, -5.44e-02]
13500 [6.39e-01, 2.97e-02, 5.82e-01, -9.94e-02, -6.72e-01, -1.95e-05, 8.10e-01, -3.51e-01, 1.16e-01, 4.28e-03, -5.73e-02]
13600 [6.39e-01, 3.39e-02, 5.72e-01, -9.98e-02, -6.72e-01, -3.32e-02, 8.10e-01, -3.51e-01, 1.12e-01, 3.86e-03, -6.01e-02]
13700 [6.39e-01, 3.48e-02, 5.65e-01, -1.00e-01, -6.73e-01, -6.16e-02, 8.10e-01, -3.51e-01, 1.08e-01, 2.89e-03, -6.28e-02]
13800 [6.39e-01, 3.50e-02, 5.60e-01, -1.00e-01, -6.73e-01, -8.50e-02, 8.10e-01, -3.51e-01, 1.05e-01, 1.87e-03, -6.48e-02]
13900 [6.39e-01, 3.50e-02, 5.57e-01, -1.00e-01, -6.73e-01, -1.04e-01, 8.10e-01, -3.51e-01, 1.03e-01, 1.01e-03, -6.63e-02]
14000 [6.16e-01, 3.50e-02, 4.29e-01, -7.12e-02, -6.33e-01, -5.57e-02, 8.10e-01, -3.51e-01, 6.34e-02, -8.07e-03, -6.51e-02]
14100 [6.16e-01, 3.81e-02, 4.26e-01, -7.09e-02, -6.33e-01, -6.89e-02, 8.10e-01, -3.51e-01, 6.13e-02, -8.13e-03, -6.60e-02]
14200 [6.16e-01, 4.01e-02, 4.25e-01, -7.07e-02, -6.33e-01, -8.48e-02, 8.10e-01, -3.51e-01, 6.06e-02, -8.00e-03, -6.65e-02]
14300 [6.16e-01, 4.13e-02, 4.25e-01, -7.06e-02, -6.33e-01, -9.91e-02, 8.10e-01, -3.51e-01, 6.00e-02, -7.61e-03, -6.68e-02]
14400 [6.07e-01, 4.11e-02, 3.95e-01, -1.11e-01, -4.80e-01, 4.42e-03, 8.10e-01, -3.51e-01, 2.17e-01, -1.09e-02, -6.76e-02]
14500 [6.06e-01, 4.66e-02, 3.85e-01, -1.14e-01, -4.78e-01, -1.92e-02, 8.10e-01, -3.51e-01, 2.10e-01, -8.04e-03, -6.98e-02]
14600 [6.06e-01, 4.72e-02, 3.79e-01, -1.16e-01, -4.79e-01, -4.23e-02, 8.10e-01, -3.51e-01, 2.01e-01, -7.19e-03, -7.22e-02]
14700 [6.07e-01, 4.72e-02, 3.77e-01, -1.18e-01, -4.80e-01, -6.36e-02, 8.10e-01, -3.51e-01, 1.92e-01, -7.57e-03, -7.44e-02]
14800 [6.07e-01, 4.68e-02, 3.76e-01, -1.19e-01, -4.80e-01, -7.95e-02, 8.10e-01, -3.51e-01, 1.82e-01, -5.41e-04, -7.64e-02]
14900 [5.86e-01, 4.66e-02, 3.24e-01, -1.23e-01, -4.68e-01, -3.64e-02, 8.10e-01, -3.51e-01, 1.30e-01, -2.76e-03, -7.77e-02]
15000 [5.87e-01, 4.85e-02, 3.23e-01, -1.24e-01, -4.68e-01, -5.74e-02, 8.10e-01, -3.51e-01, 1.24e-01, -3.36e-03, -7.87e-02]
15100 [5.87e-01, 4.85e-02, 3.04e-01, -1.27e-01, -4.52e-01, 1.14e-02, 8.10e-01, -3.51e-01, 8.09e-02, -5.75e-03, -7.93e-02]
15200 [5.87e-01, 5.13e-02, 2.96e-01, -1.28e-01, -4.50e-01, -8.31e-03, 8.10e-01, -3.51e-01, 7.60e-02, -4.09e-03, -7.99e-02]
15300 [5.67e-01, 5.14e-02, 2.61e-01, -1.47e-01, -4.32e-01, -5.30e-02, 8.10e-01, -3.51e-01, 5.71e-02, 1.68e-03, -8.01e-02]
15400 [5.68e-01, 5.27e-02, 2.67e-01, -1.47e-01, -4.33e-01, -7.11e-02, 8.10e-01, -3.51e-01, 5.50e-02, 7.27e-04, -7.99e-02]
15500 [5.66e-01, 5.35e-02, 2.51e-01, -1.47e-01, -4.26e-01, -4.81e-03, 8.10e-01, -3.51e-01, 2.71e-02, -4.98e-04, -7.95e-02]
15600 [5.66e-01, 5.51e-02, 2.51e-01, -1.46e-01, -4.26e-01, -2.22e-02, 8.10e-01, -3.51e-01, 2.59e-02, -1.49e-03, -7.96e-02]
15700 [5.44e-01, 5.59e-02, 2.22e-01, -1.68e-01, -3.72e-01, -4.25e-02, 8.10e-01, -3.51e-01, -1.29e-03, -9.77e-03, -7.93e-02]
15800 [5.45e-01, 5.59e-02, 2.28e-01, -1.67e-01, -3.72e-01, -4.66e-02, 8.10e-01, -3.51e-01, -2.52e-03, -8.00e-03, -7.86e-02]
15900 [5.45e-01, 5.76e-02, 2.07e-01, -1.66e-01, -3.67e-01, -1.45e-02, 8.10e-01, -3.51e-01, -1.63e-02, -2.76e-03, -7.80e-02]
16000 [5.27e-01, 5.24e-02, 1.89e-01, -1.67e-01, -2.93e-01, -3.95e-02, 8.10e-01, -3.51e-01, 1.78e-02, 2.19e-03, -7.71e-02]
16100 [5.26e-01, 5.70e-02, 1.98e-01, -1.66e-01, -2.79e-01, -4.28e-02, 8.10e-01, -3.51e-01, 3.01e-02, -7.59e-04, -7.65e-02]
16200 [5.27e-01, 5.68e-02, 2.13e-01, -1.66e-01, -2.80e-01, -6.33e-02, 8.10e-01, -3.51e-01, 2.85e-02, -2.49e-03, -7.60e-02]
16300 [4.86e-01, 6.16e-02, 1.43e-01, -1.92e-01, -2.10e-01, -3.02e-02, 8.10e-01, -3.51e-01, -1.31e-03, -1.88e-03, -6.83e-02]
16400 [4.87e-01, 6.12e-02, 1.65e-01, -1.90e-01, -2.09e-01, -4.33e-02, 8.10e-01, -3.51e-01, -3.72e-04, -4.99e-03, -6.74e-02]
16500 [4.88e-01, 5.98e-02, 1.88e-01, -1.89e-01, -2.10e-01, -6.24e-02, 8.10e-01, -3.51e-01, 1.02e-03, -6.42e-03, -6.63e-02]
16600 [4.84e-01, 6.21e-02, 1.37e-01, -1.88e-01, -2.04e-01, -6.07e-02, 8.10e-01, -3.51e-01, -1.33e-02, 2.34e-02, -6.29e-02]
16700 [4.85e-01, 6.06e-02, 1.67e-01, -1.88e-01, -2.05e-01, -7.97e-02, 8.10e-01, -3.51e-01, -1.24e-02, 1.68e-02, -6.19e-02]
16800 [4.76e-01, 5.87e-02, 1.19e-01, -1.83e-01, -2.03e-01, 5.11e-02, 7.81e-01, -3.51e-01, -5.59e-02, 8.19e-02, -4.52e-02]
16900 [3.11e-02, 6.37e-02, 1.07e-01, -4.84e-02, 2.27e-02, 1.90e-01, 5.06e-01, -3.19e-01, 1.59e-01, -1.05e-01, 2.07e-01]
17000 [2.68e-02, 7.31e-02, 1.32e-01, -4.42e-02, 3.18e-02, 1.90e-01, 5.06e-01, -3.19e-01, 1.58e-01, -9.83e-02, 2.07e-01]
17100 [2.56e-02, 7.65e-02, 1.51e-01, -3.77e-02, 3.85e-02, 1.91e-01, 5.06e-01, -3.19e-01, 1.58e-01, -9.48e-02, 2.07e-01]
17200 [2.57e-02, 7.84e-02, 1.68e-01, -3.20e-02, 4.36e-02, 1.91e-01, 5.06e-01, -3.19e-01, 1.58e-01, -9.15e-02, 2.07e-01]
17300 [2.64e-02, 7.96e-02, 1.84e-01, -2.71e-02, 4.77e-02, 1.91e-01, 5.06e-01, -3.19e-01, 1.57e-01, -8.82e-02, 2.07e-01]
17400 [2.75e-02, 8.06e-02, 2.00e-01, -2.27e-02, 5.09e-02, 1.92e-01, 5.06e-01, -3.19e-01, 1.57e-01, -8.48e-02, 2.07e-01]
17500 [2.88e-02, 8.16e-02, 2.14e-01, -1.86e-02, 5.34e-02, 1.92e-01, 5.06e-01, -3.19e-01, 1.57e-01, -8.13e-02, 2.07e-01]
17600 [3.04e-02, 8.24e-02, 2.28e-01, -1.48e-02, 5.55e-02, 1.93e-01, 5.06e-01, -3.19e-01, 1.56e-01, -7.77e-02, 2.07e-01]
17700 [3.21e-02, 8.32e-02, 2.41e-01, -1.13e-02, 5.72e-02, 1.93e-01, 5.06e-01, -3.19e-01, 1.56e-01, -7.39e-02, 2.07e-01]
17800 [3.42e-02, 8.40e-02, 2.54e-01, -8.11e-03, 1.19e-03, 1.94e-01, 5.06e-01, -3.19e-01, 1.55e-01, -2.58e-02, 2.07e-01]
17900 [3.66e-02, 8.49e-02, 2.65e-01, -5.03e-03, -3.52e-04, 1.95e-01, 5.06e-01, -3.19e-01, 1.55e-01, -1.81e-02, 2.07e-01]
18000 [3.93e-02, 8.57e-02, 2.76e-01, -1.81e-03, 9.00e-04, 1.95e-01, 5.06e-01, -3.19e-01, 1.54e-01, -1.56e-02, 2.07e-01]
18100 [4.23e-02, 8.64e-02, 2.86e-01, 1.42e-03, 2.02e-03, 1.96e-01, 5.06e-01, -3.19e-01, 1.54e-01, -1.30e-02, 2.07e-01]
18200 [4.56e-02, 8.72e-02, 2.95e-01, 4.64e-03, 3.02e-03, 1.97e-01, 5.06e-01, -3.20e-01, 1.53e-01, -1.03e-02, 2.07e-01]
18300 [4.92e-02, 8.80e-02, 2.99e-01, 7.38e-03, 6.71e-05, 1.95e-01, 5.06e-01, -3.20e-01, 1.51e-01, -1.05e-02, 2.07e-01]
18400 [5.34e-02, 8.93e-02, 3.05e-01, 1.03e-02, 4.24e-04, 1.95e-01, 5.06e-01, -3.20e-01, 1.50e-01, -6.92e-03, 2.07e-01]
18500 [5.77e-02, 9.05e-02, 3.00e-01, 1.16e-02, 5.46e-04, 1.87e-01, 5.06e-01, -3.20e-01, 1.44e-01, -1.94e-02, 2.07e-01]
18600 [6.28e-02, 9.15e-02, 3.03e-01, 1.38e-02, -2.13e-03, 1.86e-01, 5.06e-01, -3.20e-01, 1.43e-01, -2.24e-02, 2.07e-01]
18700 [6.77e-02, 9.32e-02, 2.93e-01, 1.20e-02, -1.03e-02, 1.75e-01, 5.06e-01, -3.20e-01, 1.36e-01, -3.65e-02, 2.07e-01]
18800 [7.44e-02, 9.47e-02, 3.00e-01, 1.30e-02, -2.87e-03, 1.76e-01, 5.06e-01, -3.20e-01, 1.36e-01, -3.03e-02, 2.07e-01]
18900 [7.88e-02, 9.51e-02, 2.74e-01, 4.74e-03, -1.66e-02, 1.61e-01, 5.06e-01, -3.20e-01, 1.27e-01, -3.91e-02, 2.07e-01]
19000 [8.71e-02, 9.76e-02, 2.82e-01, 3.23e-03, -1.69e-02, 1.61e-01, 5.06e-01, -3.19e-01, 1.26e-01, -2.95e-02, 2.07e-01]
19100 [9.62e-02, 9.91e-02, 2.88e-01, 6.68e-04, -3.78e-03, 1.62e-01, 5.06e-01, -3.19e-01, 1.25e-01, -2.03e-02, 2.07e-01]
19200 [9.84e-02, 9.90e-02, 2.49e-01, -1.79e-02, 5.54e-03, 1.44e-01, 5.06e-01, -3.19e-01, 1.16e-01, -4.28e-02, 2.07e-01]
19300 [1.10e-01, 1.01e-01, 2.59e-01, -2.13e-02, 2.28e-03, 1.45e-01, 5.06e-01, -3.19e-01, 1.15e-01, -3.39e-02, 2.07e-01]
19400 [1.21e-01, 1.03e-01, 2.65e-01, -2.65e-02, 9.51e-04, 1.46e-01, 5.06e-01, -3.18e-01, 1.14e-01, -2.59e-02, 2.07e-01]
19500 [1.25e-01, 1.04e-01, 2.47e-01, -4.44e-02, 5.11e-03, 1.40e-01, 5.06e-01, -3.17e-01, 1.09e-01, -2.48e-02, 2.07e-01]
19600 [1.28e-01, 1.05e-01, 2.34e-01, -6.10e-02, 2.39e-04, 1.35e-01, 5.06e-01, -3.16e-01, 1.05e-01, -1.51e-02, 2.07e-01]
19700 [1.17e-01, 1.04e-01, 1.94e-01, -9.26e-02, 3.72e-03, 1.22e-01, 5.06e-01, -3.15e-01, 9.84e-02, -1.53e-02, 2.07e-01]
19800 [1.28e-01, 1.08e-01, 2.05e-01, -9.10e-02, 2.61e-03, 1.19e-01, 5.06e-01, -3.15e-01, 9.56e-02, -4.01e-03, 2.07e-01]
19900 [1.45e-01, 1.11e-01, 2.20e-01, -8.78e-02, 3.57e-04, 1.21e-01, 5.06e-01, -3.14e-01, 9.44e-02, 1.37e-03, 2.07e-01]
20000 [1.13e-01, 1.10e-01, 1.75e-01, -1.12e-01, -2.91e-03, 1.05e-01, 5.06e-01, -3.14e-01, 8.78e-02, 4.16e-03, 2.07e-01]
20000 [1.13e-01, 1.10e-01, 1.75e-01, -1.12e-01, -2.91e-03, 1.05e-01, 5.06e-01, -3.14e-01, 8.78e-02, 4.16e-03, 2.07e-01]
20100 [-1.50e-02, 5.86e-02, 1.02e-01, -1.16e-01, -9.08e-03, -1.13e-02, 4.50e-01, -1.90e-01, 5.65e-02, 3.02e-02, 7.84e-02]
20200 [-1.61e-02, 7.21e-02, 1.26e-01, -1.15e-01, -1.05e-02, -1.21e-02, 4.50e-01, -1.90e-01, 5.72e-02, 3.00e-02, 7.83e-02]
20300 [-1.78e-02, 8.40e-02, 1.54e-01, -1.15e-01, -1.14e-02, -1.36e-02, 4.50e-01, -1.90e-01, 5.76e-02, 2.94e-02, 7.83e-02]
20400 [-2.02e-02, 9.31e-02, 1.83e-01, -1.14e-01, -1.19e-02, -1.57e-02, 4.50e-01, -1.90e-01, 5.75e-02, 2.88e-02, 7.81e-02]
20500 [-2.31e-02, 9.99e-02, 2.14e-01, -1.12e-01, -1.25e-02, -1.85e-02, 4.50e-01, -1.90e-01, 5.69e-02, 2.80e-02, 7.79e-02]
20600 [-2.65e-02, 1.05e-01, 2.44e-01, -1.11e-01, -1.30e-02, -2.23e-02, 4.50e-01, -1.90e-01, 5.57e-02, 2.73e-02, 7.76e-02]
20700 [-3.03e-02, 1.09e-01, 2.74e-01, -1.09e-01, -1.36e-02, -2.72e-02, 4.50e-01, -1.90e-01, 5.36e-02, 2.65e-02, 7.71e-02]
20800 [-3.45e-02, 1.12e-01, 3.04e-01, -1.06e-01, -1.42e-02, -3.32e-02, 4.50e-01, -1.90e-01, 5.08e-02, 2.57e-02, 7.65e-02]
20900 [-3.91e-02, 1.16e-01, 3.33e-01, -1.04e-01, -1.48e-02, -4.04e-02, 4.50e-01, -1.90e-01, 4.70e-02, 2.50e-02, 7.58e-02]
21000 [-4.40e-02, 1.19e-01, 3.61e-01, -1.01e-01, -1.54e-02, -4.86e-02, 4.50e-01, -1.90e-01, 4.26e-02, 2.43e-02, 7.51e-02]
21100 [-4.91e-02, 1.21e-01, 3.90e-01, -9.75e-02, -1.60e-02, -5.77e-02, 4.50e-01, -1.90e-01, 3.78e-02, 2.37e-02, 7.46e-02]
21200 [-5.43e-02, 1.24e-01, 4.18e-01, -9.45e-02, -1.65e-02, -6.74e-02, 4.50e-01, -1.90e-01, 3.28e-02, 2.32e-02, 7.42e-02]
21300 [-5.95e-02, 1.28e-01, 4.45e-01, -9.17e-02, -1.69e-02, -7.75e-02, 4.50e-01, -1.89e-01, 2.81e-02, 2.28e-02, 7.43e-02]
21400 [-6.46e-02, 1.31e-01, 4.73e-01, -8.93e-02, -1.72e-02, -8.78e-02, 4.50e-01, -1.89e-01, 2.38e-02, 2.25e-02, 7.50e-02]
21500 [-6.96e-02, 1.34e-01, 4.99e-01, -8.73e-02, -1.75e-02, -9.81e-02, 4.50e-01, -1.89e-01, 2.06e-02, 1.42e-02, 7.66e-02]
21600 [-6.50e-02, 1.38e-01, 4.63e-01, -7.89e-02, -1.82e-02, -7.67e-02, 4.50e-01, -1.89e-01, 3.09e-02, -1.89e-02, 7.86e-02]
21700 [-7.09e-02, 1.41e-01, 4.91e-01, -7.55e-02, -1.84e-02, -8.94e-02, 4.50e-01, -1.89e-01, 2.58e-02, -1.41e-02, 7.90e-02]
21800 [-6.13e-02, 1.45e-01, 4.47e-01, -6.45e-02, -1.80e-02, -6.90e-02, 4.50e-01, -1.88e-01, 3.47e-02, -1.04e-02, 8.04e-02]
21900 [-6.82e-02, 1.49e-01, 4.78e-01, -6.11e-02, -1.83e-02, -8.35e-02, 4.50e-01, -1.88e-01, 2.90e-02, -6.58e-03, 8.07e-02]
22000 [-6.67e-02, 1.54e-01, 4.77e-01, -5.48e-02, -1.87e-02, -8.22e-02, 4.50e-01, -1.88e-01, 2.95e-02, -8.57e-03, 8.18e-02]
22100 [-3.58e-02, 1.58e-01, 3.68e-01, -3.80e-02, -1.90e-02, -3.63e-02, 4.50e-01, -1.87e-01, 4.37e-02, -3.57e-03, 8.12e-02]
22200 [-4.51e-02, 1.64e-01, 4.14e-01, -3.52e-02, -1.94e-02, -5.57e-02, 4.50e-01, -1.87e-01, 3.80e-02, -1.61e-03, 8.02e-02]
22300 [-5.41e-02, 1.72e-01, 4.59e-01, -3.29e-02, -1.96e-02, -7.55e-02, 4.50e-01, -1.87e-01, 3.28e-02, -6.24e-05, 8.04e-02]
22400 [-5.00e-02, 1.79e-01, 4.47e-01, -2.75e-02, -1.64e-02, -6.53e-02, 4.50e-01, -1.87e-01, 3.44e-02, -6.49e-04, 8.12e-02]
22500 [-2.74e-02, 1.84e-01, 3.74e-01, -2.12e-02, -1.16e-02, -3.19e-02, 4.50e-01, -1.87e-01, 3.69e-02, -1.23e-02, 8.13e-02]
22600 [-3.73e-02, 1.93e-01, 4.26e-01, -1.93e-02, -1.18e-02, -5.66e-02, 4.50e-01, -1.87e-01, 3.32e-02, -8.92e-03, 8.04e-02]
22700 [-1.70e-02, 2.01e-01, 3.51e-01, -1.44e-02, -5.61e-03, -1.14e-02, 4.50e-01, -1.86e-01, 3.79e-02, 3.21e-03, 8.09e-02]
22800 [-2.54e-02, 2.13e-01, 3.98e-01, -1.28e-02, -3.16e-03, -3.57e-02, 4.50e-01, -1.86e-01, 3.50e-02, 1.13e-03, 7.96e-02]
22900 [-3.01e-02, 2.23e-01, 4.08e-01, -1.13e-02, -2.72e-03, -4.62e-02, 4.50e-01, -1.86e-01, 3.31e-02, 6.19e-04, 7.95e-02]
23000 [-1.42e-02, 2.33e-01, 3.73e-01, -8.90e-03, -3.61e-04, -2.22e-02, 4.50e-01, -1.86e-01, 3.38e-02, -1.26e-04, 7.83e-02]
23100 [-2.39e-02, 2.46e-01, 4.33e-01, -8.17e-03, -5.09e-04, -5.50e-02, 4.50e-01, -1.86e-01, 3.15e-02, -9.23e-04, 7.74e-02]
23200 [2.41e-02, 2.51e-01, 1.93e-01, -8.47e-03, -1.43e-05, 2.65e-02, 4.50e-01, -1.86e-01, 2.39e-02, 2.54e-03, 7.44e-02]
23300 [3.57e-02, 2.69e-01, 2.87e-01, -9.42e-03, 4.81e-05, 1.80e-02, 4.50e-01, -1.86e-01, 2.63e-02, 3.11e-03, 7.43e-02]
23400 [5.10e-02, 2.86e-01, 3.43e-01, -1.12e-02, -1.46e-04, -1.89e-03, 4.50e-01, -1.86e-01, 2.46e-02, -8.56e-04, 7.37e-02]
23500 [-5.76e-03, 2.97e-01, 3.07e-01, -1.62e-02, -1.83e-03, -1.16e-02, 4.50e-01, -1.86e-01, 2.33e-02, -3.22e-03, 7.25e-02]
23600 [-2.61e-02, 2.98e-01, 3.76e-01, -1.45e-02, 3.72e-04, -3.74e-02, 4.50e-01, -1.86e-01, 2.44e-02, -1.03e-04, 7.20e-02]
23700 [2.38e-02, 2.21e-01, 1.54e-01, -1.75e-02, -4.84e-03, 2.63e-02, 4.50e-01, -1.81e-01, -1.07e-02, -6.43e-03, 6.28e-02]
23800 [3.94e-02, 2.56e-01, 2.80e-01, -1.55e-02, -5.07e-03, 1.72e-02, 4.50e-01, -1.81e-01, -2.11e-03, -1.93e-03, 6.27e-02]
23900 [3.16e-02, 2.83e-01, 3.29e-01, -1.83e-02, -5.20e-03, -6.90e-03, 4.50e-01, -1.78e-01, 4.66e-03, -8.43e-04, 6.28e-02]
24000 [2.83e-02, 2.91e-01, 1.93e-01, 5.46e-02, -4.33e-03, -1.19e-02, 4.50e-01, -9.76e-02, 2.17e-02, 9.22e-04, 6.27e-02]
24100 [4.40e-02, 3.15e-01, 3.32e-01, 5.21e-02, -3.87e-03, -4.24e-02, 4.50e-01, -9.75e-02, 2.46e-02, 3.52e-04, 6.11e-02]
24200 [-1.10e-02, 3.17e-01, 6.57e-02, 3.07e-02, -6.16e-03, -1.04e-02, 4.50e-01, -8.74e-02, -6.42e-02, -1.54e-02, -2.08e-02]
24300 [-3.52e-02, 3.44e-01, 2.49e-01, 1.59e-02, -5.77e-03, -2.48e-02, 4.50e-01, -8.90e-02, -3.60e-02, -1.42e-02, -1.93e-02]
24400 [-6.38e-02, 3.67e-01, 3.54e-01, 1.42e-03, 2.82e-03, -5.51e-02, 4.50e-01, -9.07e-02, -1.04e-02, -9.38e-03, -1.33e-02]
24500 [4.52e-02, 3.82e-01, 1.89e-01, -3.10e-03, 6.05e-03, 2.06e-02, 4.50e-01, -8.76e-02, -3.80e-06, -3.13e-03, -1.09e-02]
24600 [7.71e-02, 4.10e-01, 2.84e-01, -8.70e-03, 5.65e-03, 6.80e-03, 4.50e-01, -8.74e-02, 2.20e-03, 4.89e-04, -1.14e-02]
24700 [-5.72e-02, 4.26e-01, 2.25e-01, -4.72e-03, -4.14e-03, -1.21e-02, 4.50e-01, -7.68e-02, 8.40e-03, 2.09e-03, -1.14e-02]
24800 [-5.92e-02, 4.50e-01, 3.09e-01, 1.06e-02, -5.38e-03, -3.49e-02, 4.50e-01, -7.64e-02, 1.41e-02, -2.40e-03, -1.01e-02]
24900 [6.79e-03, 4.63e-01, 7.46e-02, -6.47e-02, -1.97e-02, -3.77e-02, 4.50e-01, -6.48e-02, -2.01e-02, -5.24e-03, -1.67e-02]
25000 [2.32e-04, 4.90e-01, 2.87e-01, -6.74e-02, -1.80e-02, -6.06e-02, 4.50e-01, -6.49e-02, 1.58e-02, 1.41e-03, -1.44e-02]
25100 [-9.14e-04, 3.61e-01, 5.75e-02, -4.73e-02, 4.63e-03, -3.72e-02, 4.50e-01, -6.38e-02, -3.76e-02, 5.03e-03, 9.17e-03]
25200 [-1.77e-02, 4.02e-01, 2.76e-01, -5.59e-02, 6.91e-03, -5.20e-02, 4.50e-01, -6.46e-02, -1.04e-02, 6.16e-03, 1.07e-02]
25300 [-1.84e-02, 4.27e-01, 3.28e-01, -4.24e-02, 8.37e-04, -2.22e-02, 4.50e-01, -6.48e-02, 3.24e-02, 1.55e-02, 1.49e-02]
25400 [-3.68e-02, 4.53e-01, 4.00e-01, -3.38e-02, 9.94e-04, -5.55e-02, 4.50e-01, -6.48e-02, 2.49e-02, -8.07e-04, 1.20e-02]
25500 [2.61e-02, 4.75e-01, 2.40e-01, -1.74e-02, 1.58e-03, 2.95e-02, 4.50e-01, -6.36e-02, 5.06e-02, 8.75e-03, 1.25e-02]
25600 [4.88e-02, 5.11e-01, 3.19e-01, -2.46e-02, -1.58e-03, 1.31e-02, 4.50e-01, -6.32e-02, 4.71e-02, 6.54e-03, 1.18e-02]
25700 [3.32e-02, 5.43e-01, 3.54e-01, -3.03e-02, -6.61e-03, -2.30e-02, 4.50e-01, -6.31e-02, 3.60e-02, -1.96e-04, 8.61e-03]
25800 [-1.91e-02, 5.68e-01, 3.09e-01, -1.88e-02, 1.87e-03, -1.13e-02, 4.50e-01, -6.30e-02, 2.42e-02, -1.52e-04, 6.57e-03]
25900 [-7.08e-02, 5.39e-01, -5.24e-02, 3.46e-02, -1.28e-01, -5.16e-02, 4.50e-01, -3.65e-02, -5.21e-02, 1.05e-01, 1.82e-02]
26000 [1.05e-01, 4.67e-01, 7.93e-02, -6.18e-02, 5.83e-02, -7.17e-04, 4.50e-01, -9.89e-02, -2.62e-02, 1.54e-02, 6.69e-03]
26100 [-6.92e-02, 4.99e-01, 9.25e-02, 3.05e-02, -5.00e-02, -4.00e-04, 4.50e-01, -5.35e-02, -6.35e-03, 4.18e-03, 7.24e-03]
26200 [-1.03e-01, 5.33e-01, 2.12e-01, 1.61e-02, -6.04e-02, -8.10e-03, 4.50e-01, -5.68e-02, 1.38e-02, -1.60e-03, 9.84e-03]
26300 [-7.88e-02, 5.58e-01, 2.60e-01, 2.57e-02, -6.86e-02, -2.42e-02, 4.50e-01, -5.64e-02, 2.76e-02, -6.28e-03, 1.52e-02]
26400 [8.51e-03, 5.79e-01, 1.75e-01, 4.19e-02, -5.86e-02, 7.21e-03, 4.50e-01, -5.19e-02, 4.11e-02, -6.20e-03, 2.43e-02]
26500 [5.16e-02, 6.09e-01, 2.26e-01, 2.93e-02, -5.28e-02, 1.41e-02, 4.50e-01, -5.02e-02, 3.79e-02, 5.00e-03, 2.35e-02]
26600 [7.72e-02, 6.43e-01, 3.04e-01, 1.52e-02, -4.94e-02, -7.65e-03, 4.50e-01, -4.92e-02, 2.75e-02, 6.04e-03, 2.03e-02]
26700 [6.79e-02, 6.62e-01, 3.25e-01, -2.77e-03, 1.84e-02, -3.54e-02, 4.50e-01, -4.83e-02, 1.96e-02, -2.48e-03, 1.76e-02]
26800 [-2.43e-02, 3.13e-01, 1.81e-01, -8.91e-03, -6.03e-03, 9.11e-03, 4.50e-01, -4.34e-02, 2.59e-02, 8.30e-03, 1.97e-02]
26900 [-4.93e-02, 3.91e-01, 3.13e-01, -3.21e-03, -3.27e-04, -2.22e-02, 4.50e-01, -4.23e-02, 2.85e-02, 2.55e-03, 1.91e-02]
27000 [-1.83e-02, 4.30e-01, 2.63e-01, 9.25e-03, -2.40e-03, 4.74e-03, 4.50e-01, -4.21e-02, 4.06e-02, 3.44e-03, 2.04e-02]
27100 [-4.47e-02, 4.69e-01, 3.63e-01, 1.03e-02, -3.92e-03, -3.91e-02, 4.50e-01, -4.32e-02, 3.83e-02, 1.39e-03, 2.01e-02]
27200 [1.36e-02, 4.99e-01, 2.44e-01, -2.66e-04, 4.15e-03, -1.02e-02, 4.50e-01, -4.26e-02, -2.22e-03, -3.20e-04, 2.16e-02]
27300 [7.02e-03, 5.34e-01, 2.79e-01, -3.80e-03, 6.42e-03, 3.38e-02, 4.50e-01, -4.26e-02, 2.13e-02, 3.12e-03, 2.42e-02]
27400 [-1.91e-02, 5.71e-01, 2.96e-01, -1.32e-02, 8.08e-03, -2.39e-02, 4.50e-01, -4.35e-02, 4.58e-03, 2.03e-03, 1.95e-02]
27500 [1.82e-02, 5.99e-01, 1.31e-01, -9.45e-03, 1.28e-02, -2.17e-02, 4.50e-01, -4.40e-02, -3.86e-02, 1.32e-03, -4.53e-03]
27600 [2.93e-02, 6.36e-01, 3.33e-01, -1.13e-02, 1.66e-02, -5.77e-02, 4.50e-01, -4.41e-02, 1.76e-02, -4.87e-03, 3.99e-03]
27700 [-5.29e-02, 5.95e-01, 2.46e-01, -1.58e-02, 5.27e-03, -4.26e-03, 4.50e-01, -4.60e-02, -3.30e-02, -1.54e-03, 4.22e-03]
27800 [4.45e-02, 6.16e-01, 2.37e-01, 8.79e-03, 2.21e-02, -6.83e-03, 4.50e-01, -3.96e-02, 1.21e-02, 2.64e-05, 4.59e-03]
27900 [-1.34e-02, 6.55e-01, 2.91e-01, -2.66e-02, 2.08e-03, -1.59e-02, 4.50e-01, -3.90e-02, 2.67e-02, 1.15e-03, 1.84e-03]
28000 [8.37e-02, 6.47e-01, -7.08e-02, -2.50e-02, 6.19e-02, 1.25e-01, 4.50e-01, -1.08e-02, 3.00e-02, -3.15e-03, -7.90e-02]
28100 [1.56e-03, 6.63e-01, 1.70e-01, -4.41e-02, -5.02e-02, 4.32e-04, 4.50e-01, -1.09e-02, 4.42e-02, -4.89e-03, -7.02e-02]
28200 [-3.27e-03, 7.05e-01, 2.88e-01, -4.30e-02, -5.07e-02, -8.47e-03, 4.50e-01, -1.09e-02, 4.47e-02, -3.23e-03, -7.09e-02]
28300 [-1.05e-02, 7.29e-01, 3.62e-01, -4.08e-02, -4.88e-02, -2.46e-02, 4.50e-01, -1.09e-02, 4.13e-02, -1.84e-03, -7.16e-02]
28400 [-1.96e-02, 7.61e-01, 4.20e-01, -3.88e-02, 3.15e-02, -4.60e-02, 4.50e-01, -1.08e-02, 3.70e-02, -4.56e-04, -7.14e-02]
28500 [-2.92e-02, 7.74e-01, 4.64e-01, -3.71e-02, 2.06e-02, -6.78e-02, 4.50e-01, -1.07e-02, 3.46e-02, 9.24e-04, -6.79e-02]
28600 [-2.43e-02, 5.90e-01, 3.85e-01, -3.32e-02, -7.72e-03, -6.61e-02, 4.50e-01, -9.69e-03, 3.90e-02, 1.43e-03, -6.12e-02]
28700 [-2.72e-02, 6.43e-01, 3.77e-01, -3.16e-02, 4.20e-03, -7.08e-02, 4.50e-01, -9.46e-03, 3.85e-02, 2.46e-03, -5.66e-02]
28800 [-1.69e-02, 6.72e-01, 2.92e-01, -2.86e-02, 5.22e-03, -5.37e-02, 4.50e-01, -9.20e-03, 4.18e-02, 3.63e-03, -5.14e-02]
28900 [-2.17e-02, 7.08e-01, 3.71e-01, -2.76e-02, -1.93e-03, -6.00e-02, 4.50e-01, -9.30e-03, 4.25e-02, 3.91e-03, -5.07e-02]
29000 [-2.41e-02, 7.36e-01, 3.76e-01, -2.59e-02, 7.88e-04, -6.53e-02, 4.50e-01, -9.12e-03, 4.07e-02, 4.39e-03, -4.67e-02]
29100 [1.49e-02, 6.95e-01, 1.06e-01, -2.21e-02, 1.40e-03, 1.04e-03, 4.50e-01, -8.82e-03, 4.65e-02, 7.29e-03, -4.26e-02]
29200 [2.18e-02, 7.60e-01, 2.90e-01, -2.40e-02, 7.85e-05, -9.71e-03, 4.50e-01, -8.60e-03, 5.18e-02, 2.24e-03, -4.31e-02]
29300 [3.29e-02, 8.03e-01, 3.92e-01, -2.51e-02, 1.35e-05, -3.78e-02, 4.50e-01, -8.53e-03, 4.69e-02, 1.27e-04, -4.48e-02]
29400 [1.52e-02, 8.24e-01, 3.90e-01, -2.40e-02, -4.83e-03, -5.56e-02, 4.50e-01, -8.43e-03, 4.17e-02, -3.79e-04, -4.34e-02]
29500 [6.57e-01, 3.97e-02, -1.63e-01, -2.85e-01, 9.41e-02, 6.03e-02, -1.94e-02, -8.41e-03, -1.17e-01, -3.11e-01, -3.79e-01]
29600 [3.43e-01, 3.38e-02, -3.02e-01, -4.03e-01, 2.86e-01, -3.31e-01, 2.65e-01, 3.36e-02, -4.70e-01, -2.58e-01, 1.80e-01]
29700 [2.32e-01, 3.38e-02, -3.14e-01, -4.02e-01, 2.94e-01, -4.10e-01, 2.65e-01, 7.92e-02, -4.58e-01, -2.49e-01, 9.52e-02]
29800 [1.88e-01, 3.38e-02, -3.27e-01, -4.02e-01, 3.26e-01, -4.99e-01, 2.65e-01, 1.32e-01, -4.63e-01, -2.47e-01, 6.19e-02]
29900 [1.63e-01, 3.38e-02, -3.39e-01, -4.03e-01, 4.36e-01, -6.02e-01, 2.65e-01, 1.99e-01, -4.73e-01, -2.45e-01, 4.08e-02]
30000 [1.46e-01, 3.38e-02, -3.51e-01, -4.04e-01, 8.14e-01, -7.17e-01, 2.65e-01, 2.80e-01, -4.85e-01, -2.45e-01, 2.60e-02]
30000 [1.46e-01, 3.38e-02, -3.51e-01, -4.04e-01, 8.14e-01, -7.17e-01, 2.65e-01, 2.80e-01, -4.85e-01, -2.45e-01, 2.60e-02]
30100 [7.77e-02, -9.47e-03, -3.23e-01, -3.51e-01, 1.16e+00, -5.63e-01, 2.05e-01, 5.49e-01, -3.21e-01, -1.88e-01, -7.61e-03]
30200 [8.87e-02, -9.41e-03, -3.21e-01, -4.11e-01, 1.22e+00, -5.64e-01, 2.05e-01, 5.96e-01, -2.34e-01, -1.88e-01, -5.70e-03]
30300 [1.06e-01, -9.40e-03, -3.21e-01, -4.48e-01, 1.26e+00, -5.65e-01, 2.05e-01, 6.20e-01, -1.66e-01, -1.88e-01, -4.63e-03]
30400 [1.24e-01, -9.34e-03, -3.18e-01, -4.68e-01, 1.28e+00, -5.62e-01, 2.04e-01, 6.28e-01, -1.23e-01, -1.88e-01, -4.61e-03]
30500 [1.39e-01, -8.87e-03, -3.20e-01, -4.77e-01, 1.28e+00, -5.61e-01, 2.04e-01, 6.31e-01, -1.04e-01, -1.88e-01, -4.27e-03]
30600 [1.51e-01, -8.20e-03, -2.95e-01, -4.87e-01, 1.21e+00, -5.53e-01, 2.03e-01, 6.30e-01, -8.65e-02, -1.88e-01, -5.14e-03]
30700 [1.66e-01, -7.60e-03, -3.00e-01, -4.90e-01, 1.20e+00, -5.53e-01, 2.03e-01, 6.30e-01, -8.16e-02, -1.89e-01, -4.73e-03]
30800 [1.80e-01, -7.09e-03, -3.01e-01, -4.93e-01, 1.20e+00, -5.53e-01, 2.03e-01, 6.30e-01, -7.68e-02, -1.89e-01, -4.67e-03]
30900 [1.92e-01, -6.29e-03, -3.01e-01, -4.95e-01, 1.20e+00, -5.52e-01, 2.03e-01, 6.30e-01, -7.32e-02, -1.89e-01, -4.71e-03]
31000 [2.06e-01, -3.80e-04, -3.02e-01, -4.97e-01, 1.20e+00, -5.52e-01, 2.03e-01, 6.29e-01, -7.11e-02, -1.89e-01, -4.74e-03]
31100 [2.19e-01, 2.52e-03, -3.04e-01, -4.96e-01, 1.19e+00, -5.52e-01, 2.03e-01, 6.28e-01, -7.10e-02, -1.89e-01, -4.74e-03]
31200 [2.29e-01, 2.52e-03, -3.06e-01, -4.94e-01, 1.18e+00, -5.52e-01, 2.03e-01, 6.26e-01, -7.14e-02, -1.89e-01, -4.74e-03]
31300 [2.36e-01, 2.52e-03, -3.06e-01, -4.92e-01, 1.18e+00, -5.52e-01, 2.03e-01, 6.24e-01, -7.16e-02, -1.89e-01, -4.74e-03]
31400 [2.43e-01, 2.53e-03, -3.06e-01, -4.91e-01, 1.18e+00, -5.52e-01, 2.03e-01, 6.23e-01, -7.18e-02, -1.89e-01, -4.74e-03]
31500 [2.50e-01, 2.56e-03, -3.05e-01, -4.89e-01, 1.19e+00, -5.52e-01, 2.03e-01, 6.22e-01, -7.19e-02, -1.89e-01, -4.74e-03]
31600 [2.57e-01, 2.58e-03, -3.03e-01, -4.88e-01, 1.19e+00, -5.52e-01, 2.03e-01, 6.21e-01, -7.20e-02, -1.89e-01, -4.74e-03]
31700 [2.63e-01, 2.60e-03, -3.01e-01, -4.87e-01, 1.19e+00, -5.52e-01, 2.03e-01, 6.20e-01, -7.21e-02, -1.89e-01, -4.74e-03]
31800 [2.69e-01, 2.60e-03, -2.99e-01, -4.85e-01, 1.19e+00, -5.52e-01, 2.03e-01, 6.20e-01, -7.22e-02, -1.89e-01, -4.74e-03]
31900 [2.75e-01, 2.61e-03, -2.97e-01, -4.84e-01, 1.19e+00, -5.52e-01, 2.03e-01, 6.19e-01, -7.23e-02, -1.89e-01, -4.74e-03]
32000 [2.80e-01, 2.62e-03, -2.95e-01, -4.84e-01, 1.19e+00, -5.52e-01, 2.03e-01, 6.19e-01, -7.23e-02, -1.89e-01, -4.74e-03]
32100 [2.85e-01, 2.63e-03, -2.94e-01, -4.83e-01, 1.19e+00, -5.52e-01, 2.03e-01, 6.18e-01, -7.24e-02, -1.89e-01, -4.73e-03]
32200 [2.89e-01, 2.64e-03, -2.92e-01, -4.82e-01, 1.19e+00, -5.52e-01, 2.03e-01, 6.18e-01, -7.24e-02, -1.89e-01, -4.73e-03]
32300 [2.91e-01, 2.65e-03, -2.90e-01, -4.81e-01, 1.19e+00, -5.52e-01, 2.03e-01, 6.18e-01, -7.25e-02, -1.89e-01, -4.73e-03]
32400 [2.95e-01, 2.67e-03, -2.89e-01, -4.80e-01, 1.19e+00, -5.52e-01, 2.03e-01, 6.18e-01, -7.25e-02, -1.89e-01, -4.73e-03]
32500 [2.98e-01, 2.68e-03, -2.88e-01, -4.80e-01, 1.19e+00, -5.52e-01, 2.03e-01, 6.18e-01, -7.26e-02, -1.89e-01, -4.73e-03]
32600 [3.00e-01, 2.69e-03, -2.87e-01, -4.79e-01, 1.19e+00, -5.52e-01, 2.03e-01, 6.18e-01, -7.26e-02, -1.89e-01, -4.73e-03]
32700 [3.02e-01, 2.69e-03, -2.86e-01, -4.79e-01, 1.18e+00, -5.52e-01, 2.03e-01, 6.17e-01, -7.26e-02, -1.89e-01, -4.73e-03]
32800 [3.03e-01, 2.70e-03, -2.85e-01, -4.78e-01, 1.18e+00, -5.52e-01, 2.03e-01, 6.17e-01, -7.26e-02, -1.89e-01, -4.73e-03]
32900 [3.03e-01, 2.70e-03, -2.85e-01, -4.78e-01, 1.18e+00, -5.52e-01, 2.03e-01, 6.17e-01, -7.26e-02, -1.89e-01, -4.73e-03]
33000 [3.04e-01, 2.70e-03, -2.84e-01, -4.78e-01, 1.18e+00, -5.52e-01, 2.03e-01, 6.17e-01, -7.26e-02, -1.89e-01, -4.73e-03]
33100 [3.04e-01, 2.71e-03, -2.83e-01, -4.78e-01, 1.18e+00, -5.52e-01, 2.03e-01, 6.17e-01, -7.27e-02, -1.89e-01, -4.73e-03]
33200 [3.04e-01, 2.71e-03, -2.83e-01, -4.78e-01, 1.18e+00, -5.52e-01, 2.03e-01, 6.17e-01, -7.27e-02, -1.89e-01, -4.73e-03]
33300 [3.05e-01, 2.72e-03, -2.82e-01, -4.78e-01, 1.18e+00, -5.52e-01, 2.03e-01, 6.17e-01, -7.27e-02, -1.89e-01, -4.73e-03]
33400 [3.05e-01, 2.72e-03, -2.81e-01, -4.78e-01, 1.18e+00, -5.52e-01, 2.03e-01, 6.17e-01, -7.27e-02, -1.89e-01, -4.73e-03]
33500 [3.05e-01, 2.73e-03, -2.81e-01, -4.78e-01, 1.18e+00, -5.52e-01, 2.03e-01, 6.17e-01, -7.27e-02, -1.89e-01, -4.73e-03]
33600 [3.05e-01, 2.74e-03, -2.80e-01, -4.78e-01, 1.18e+00, -5.52e-01, 2.03e-01, 6.17e-01, -7.27e-02, -1.89e-01, -4.73e-03]
33700 [3.05e-01, 2.75e-03, -2.80e-01, -4.78e-01, 1.18e+00, -5.52e-01, 2.03e-01, 6.17e-01, -7.27e-02, -1.89e-01, -4.73e-03]
33800 [3.06e-01, 2.77e-03, -2.79e-01, -4.78e-01, 1.18e+00, -5.52e-01, 2.03e-01, 6.17e-01, -7.27e-02, -1.89e-01, -4.73e-03]
33900 [3.06e-01, 2.79e-03, -2.79e-01, -4.78e-01, 1.18e+00, -5.52e-01, 2.03e-01, 6.17e-01, -7.27e-02, -1.89e-01, -4.73e-03]
34000 [3.06e-01, 2.81e-03, -2.78e-01, -4.78e-01, 1.18e+00, -5.52e-01, 2.03e-01, 6.17e-01, -7.27e-02, -1.89e-01, -4.73e-03]
34100 [3.06e-01, 2.84e-03, -2.78e-01, -4.78e-01, 1.17e+00, -5.52e-01, 2.03e-01, 6.17e-01, -7.27e-02, -1.89e-01, -4.73e-03]
34200 [3.06e-01, 2.87e-03, -2.77e-01, -4.78e-01, 1.17e+00, -5.52e-01, 2.03e-01, 6.17e-01, -7.27e-02, -1.89e-01, -4.73e-03]
34300 [3.07e-01, 2.90e-03, -2.77e-01, -4.78e-01, 1.17e+00, -5.52e-01, 2.03e-01, 6.18e-01, -7.27e-02, -1.89e-01, -4.73e-03]
34400 [3.07e-01, 2.94e-03, -2.76e-01, -4.78e-01, 1.17e+00, -5.52e-01, 2.03e-01, 6.18e-01, -7.26e-02, -1.89e-01, -4.73e-03]
34500 [3.07e-01, 2.99e-03, -2.75e-01, -4.78e-01, 1.13e+00, -5.52e-01, 2.03e-01, 6.18e-01, -7.26e-02, -1.89e-01, -4.73e-03]
34600 [3.06e-01, 3.05e-03, -2.75e-01, -4.78e-01, 1.12e+00, -5.52e-01, 2.03e-01, 6.17e-01, -7.26e-02, -1.89e-01, -4.73e-03]
34700 [3.06e-01, 3.11e-03, -2.74e-01, -4.77e-01, 1.12e+00, -5.52e-01, 2.03e-01, 6.18e-01, -7.26e-02, -1.89e-01, -4.73e-03]
34800 [3.06e-01, 3.19e-03, -2.73e-01, -4.77e-01, 1.12e+00, -5.52e-01, 2.03e-01, 6.18e-01, -7.26e-02, -1.89e-01, -4.73e-03]
34900 [3.06e-01, 3.28e-03, -2.72e-01, -4.77e-01, 1.12e+00, -5.52e-01, 2.03e-01, 6.18e-01, -7.26e-02, -1.89e-01, -4.73e-03]
35000 [3.05e-01, 3.38e-03, -2.71e-01, -4.77e-01, 1.11e+00, -5.52e-01, 2.03e-01, 6.18e-01, -7.26e-02, -1.89e-01, -4.73e-03]
35100 [3.04e-01, 3.47e-03, -2.71e-01, -4.77e-01, 1.11e+00, -5.52e-01, 2.03e-01, 6.17e-01, -7.26e-02, -1.89e-01, -4.73e-03]
35200 [3.04e-01, 3.58e-03, -2.70e-01, -4.76e-01, 1.10e+00, -5.52e-01, 2.03e-01, 6.17e-01, -7.26e-02, -1.89e-01, -4.73e-03]
35300 [3.04e-01, 3.69e-03, -2.69e-01, -4.76e-01, 1.10e+00, -5.52e-01, 2.03e-01, 6.17e-01, -7.26e-02, -1.89e-01, -4.73e-03]
35400 [3.02e-01, 3.80e-03, -2.68e-01, -4.76e-01, 1.08e+00, -5.52e-01, 2.03e-01, 6.17e-01, -7.26e-02, -1.89e-01, -4.73e-03]
35500 [3.00e-01, 3.91e-03, -2.67e-01, -4.75e-01, 1.07e+00, -5.52e-01, 2.03e-01, 6.17e-01, -7.27e-02, -1.89e-01, -4.73e-03]
35600 [3.00e-01, 4.03e-03, -2.66e-01, -4.75e-01, 1.07e+00, -5.52e-01, 2.03e-01, 6.17e-01, -7.27e-02, -1.89e-01, -4.73e-03]
35700 [2.97e-01, 4.16e-03, -2.65e-01, -4.74e-01, 1.05e+00, -5.52e-01, 2.03e-01, 6.17e-01, -7.27e-02, -1.89e-01, -4.73e-03]
35800 [2.98e-01, 4.28e-03, -2.64e-01, -4.74e-01, 1.05e+00, -5.52e-01, 2.03e-01, 6.17e-01, -7.27e-02, -1.89e-01, -4.73e-03]
35900 [2.94e-01, 4.42e-03, -2.63e-01, -4.73e-01, 1.03e+00, -5.52e-01, 2.03e-01, 6.17e-01, -7.27e-02, -1.89e-01, -4.73e-03]
36000 [2.94e-01, 4.55e-03, -2.62e-01, -4.72e-01, 1.03e+00, -5.52e-01, 2.03e-01, 6.17e-01, -7.27e-02, -1.89e-01, -4.73e-03]
36100 [2.95e-01, 4.70e-03, -2.61e-01, -4.72e-01, 1.03e+00, -5.52e-01, 2.03e-01, 6.17e-01, -7.27e-02, -1.89e-01, -4.73e-03]
36200 [2.89e-01, 4.84e-03, -2.60e-01, -4.70e-01, 9.94e-01, -5.52e-01, 2.03e-01, 6.17e-01, -7.27e-02, -1.89e-01, -4.73e-03]
36300 [2.90e-01, 5.00e-03, -2.59e-01, -4.70e-01, 9.95e-01, -5.52e-01, 2.03e-01, 6.16e-01, -7.27e-02, -1.89e-01, -4.73e-03]
36400 [2.91e-01, 5.16e-03, -2.58e-01, -4.70e-01, 9.95e-01, -5.52e-01, 2.03e-01, 6.16e-01, -7.28e-02, -1.89e-01, -4.73e-03]
36500 [2.84e-01, 5.33e-03, -2.57e-01, -4.68e-01, 9.62e-01, -5.51e-01, 2.03e-01, 6.16e-01, -7.28e-02, -1.89e-01, -4.73e-03]
36600 [2.83e-01, 5.50e-03, -2.55e-01, -4.67e-01, 9.50e-01, -5.51e-01, 2.03e-01, 6.16e-01, -7.28e-02, -1.89e-01, -4.73e-03]
36700 [2.84e-01, 5.69e-03, -2.54e-01, -4.67e-01, 9.51e-01, -5.51e-01, 2.03e-01, 6.16e-01, -7.28e-02, -1.89e-01, -4.73e-03]
36800 [2.85e-01, 5.88e-03, -2.52e-01, -4.67e-01, 9.52e-01, -5.51e-01, 2.03e-01, 6.16e-01, -7.28e-02, -1.89e-01, -4.73e-03]
36900 [2.76e-01, 6.07e-03, -2.51e-01, -4.64e-01, 9.06e-01, -5.51e-01, 2.03e-01, 6.16e-01, -7.29e-02, -1.89e-01, -4.73e-03]
37000 [2.74e-01, 6.27e-03, -2.49e-01, -4.63e-01, 8.89e-01, -5.51e-01, 2.03e-01, 6.15e-01, -7.29e-02, -1.89e-01, -4.73e-03]
37100 [2.76e-01, 6.49e-03, -2.47e-01, -4.63e-01, 8.90e-01, -5.51e-01, 2.03e-01, 6.15e-01, -7.29e-02, -1.89e-01, -4.73e-03]
37200 [2.77e-01, 6.70e-03, -2.46e-01, -4.63e-01, 8.92e-01, -5.51e-01, 2.03e-01, 6.15e-01, -7.29e-02, -1.89e-01, -4.73e-03]
37300 [2.79e-01, 6.93e-03, -2.44e-01, -4.62e-01, 8.93e-01, -5.51e-01, 2.03e-01, 6.15e-01, -7.29e-02, -1.89e-01, -4.73e-03]
37400 [2.61e-01, 7.16e-03, -2.42e-01, -4.58e-01, 8.07e-01, -5.51e-01, 2.03e-01, 6.15e-01, -7.30e-02, -1.89e-01, -4.73e-03]
37500 [2.63e-01, 7.41e-03, -2.40e-01, -4.58e-01, 8.08e-01, -5.51e-01, 2.03e-01, 6.14e-01, -7.30e-02, -1.89e-01, -4.73e-03]
37600 [2.65e-01, 7.66e-03, -2.37e-01, -4.57e-01, 8.09e-01, -5.51e-01, 2.03e-01, 6.14e-01, -7.31e-02, -1.89e-01, -4.73e-03]
37700 [2.67e-01, 7.92e-03, -2.35e-01, -4.57e-01, 8.10e-01, -5.51e-01, 2.03e-01, 6.14e-01, -7.31e-02, -1.89e-01, -4.73e-03]
37800 [2.69e-01, 8.18e-03, -2.33e-01, -4.56e-01, 8.12e-01, -5.51e-01, 2.03e-01, 6.14e-01, -7.31e-02, -1.89e-01, -4.73e-03]
37900 [2.46e-01, 8.47e-03, -2.30e-01, -4.51e-01, 7.14e-01, -5.51e-01, 2.03e-01, 6.14e-01, -7.32e-02, -1.89e-01, -4.73e-03]
38000 [2.46e-01, 8.77e-03, -2.27e-01, -4.50e-01, 7.03e-01, -5.51e-01, 2.03e-01, 6.13e-01, -7.32e-02, -1.89e-01, -4.73e-03]
38100 [2.49e-01, 9.07e-03, -2.25e-01, -4.50e-01, 7.04e-01, -5.51e-01, 2.03e-01, 6.13e-01, -7.32e-02, -1.89e-01, -4.73e-03]
38200 [2.52e-01, 9.38e-03, -2.22e-01, -4.49e-01, 7.05e-01, -5.51e-01, 2.03e-01, 6.13e-01, -7.33e-02, -1.89e-01, -4.73e-03]
38300 [2.54e-01, 9.70e-03, -2.19e-01, -4.49e-01, 7.06e-01, -5.51e-01, 2.03e-01, 6.12e-01, -7.33e-02, -1.89e-01, -4.73e-03]
38400 [2.57e-01, 1.00e-02, -2.16e-01, -4.48e-01, 7.07e-01, -5.51e-01, 2.03e-01, 6.12e-01, -7.33e-02, -1.89e-01, -4.73e-03]
38500 [2.26e-01, 1.04e-02, -2.13e-01, -4.43e-01, 5.95e-01, -5.51e-01, 2.03e-01, 6.12e-01, -7.34e-02, -1.89e-01, -4.73e-03]
38600 [2.27e-01, 1.07e-02, -2.09e-01, -4.41e-01, 5.73e-01, -5.51e-01, 2.03e-01, 6.11e-01, -7.34e-02, -1.89e-01, -4.73e-03]
38700 [2.31e-01, 1.11e-02, -2.05e-01, -4.41e-01, 5.74e-01, -5.51e-01, 2.03e-01, 6.11e-01, -7.34e-02, -1.89e-01, -4.73e-03]
38800 [2.34e-01, 1.15e-02, -2.02e-01, -4.40e-01, 5.75e-01, -5.51e-01, 2.03e-01, 6.11e-01, -7.35e-02, -1.89e-01, -4.73e-03]
38900 [2.38e-01, 1.19e-02, -1.98e-01, -4.40e-01, 5.75e-01, -5.51e-01, 2.03e-01, 6.11e-01, -7.35e-02, -1.89e-01, -4.73e-03]
39000 [2.41e-01, 1.22e-02, -1.94e-01, -4.39e-01, 5.75e-01, -5.51e-01, 2.03e-01, 6.10e-01, -7.35e-02, -1.89e-01, -4.73e-03]
39100 [2.45e-01, 1.26e-02, -1.91e-01, -4.38e-01, 5.75e-01, -5.51e-01, 2.03e-01, 6.10e-01, -7.35e-02, -1.89e-01, -4.73e-03]
39200 [1.97e-01, 1.31e-02, -1.86e-01, -4.32e-01, 4.13e-01, -5.51e-01, 2.03e-01, 6.09e-01, -7.36e-02, -1.89e-01, -4.73e-03]
39300 [2.02e-01, 1.35e-02, -1.81e-01, -4.31e-01, 4.13e-01, -5.51e-01, 2.03e-01, 6.09e-01, -7.37e-02, -1.89e-01, -4.73e-03]
39400 [2.07e-01, 1.40e-02, -1.76e-01, -4.30e-01, 4.13e-01, -5.51e-01, 2.03e-01, 6.09e-01, -7.37e-02, -1.89e-01, -4.73e-03]
39500 [2.12e-01, 1.44e-02, -1.72e-01, -4.30e-01, 4.14e-01, -5.51e-01, 2.03e-01, 6.09e-01, -7.37e-02, -1.89e-01, -4.73e-03]
39600 [2.17e-01, 1.48e-02, -1.67e-01, -4.29e-01, 4.14e-01, -5.51e-01, 2.03e-01, 6.09e-01, -7.37e-02, -1.89e-01, -4.73e-03]
39700 [2.22e-01, 1.52e-02, -1.62e-01, -4.28e-01, 4.14e-01, -5.51e-01, 2.03e-01, 6.08e-01, -7.37e-02, -1.89e-01, -4.73e-03]
39800 [2.27e-01, 1.57e-02, -1.58e-01, -4.28e-01, 4.14e-01, -5.51e-01, 2.03e-01, 6.08e-01, -7.37e-02, -1.88e-01, -4.73e-03]
39900 [1.87e-01, 1.62e-02, -1.52e-01, -4.24e-01, 3.61e-01, -5.51e-01, 2.03e-01, 6.08e-01, -7.38e-02, -1.87e-01, -4.73e-03]
40000 [1.94e-01, 1.66e-02, -1.46e-01, -4.23e-01, 3.60e-01, -5.51e-01, 2.03e-01, 6.08e-01, -7.38e-02, -1.87e-01, -4.73e-03]
40000 [1.94e-01, 1.66e-02, -1.46e-01, -4.23e-01, 3.60e-01, -5.51e-01, 2.03e-01, 6.08e-01, -7.38e-02, -1.87e-01, -4.73e-03]
40100 [9.26e-02, -2.60e-02, -8.09e-02, -2.75e-01, 2.31e-01, -3.94e-01, 1.47e-01, 5.45e-01, -5.64e-02, 1.93e-02, -5.03e-02]
40200 [1.08e-01, -2.22e-02, -6.71e-02, -2.72e-01, 2.32e-01, -3.94e-01, 1.47e-01, 5.46e-01, -5.66e-02, 1.97e-02, -5.02e-02]
40300 [1.25e-01, -1.77e-02, -5.06e-02, -2.70e-01, 2.32e-01, -3.94e-01, 1.47e-01, 5.48e-01, -5.67e-02, 1.99e-02, -5.02e-02]
40400 [1.42e-01, -1.29e-02, -3.28e-02, -2.67e-01, 2.33e-01, -3.93e-01, 1.47e-01, 5.50e-01, -5.64e-02, 2.00e-02, -5.01e-02]
40500 [1.60e-01, -7.98e-03, -1.47e-02, -2.65e-01, 2.33e-01, -3.93e-01, 1.47e-01, 5.53e-01, -5.56e-02, 1.99e-02, -5.01e-02]
40600 [1.77e-01, -3.32e-03, 2.82e-03, -2.62e-01, 2.34e-01, -3.93e-01, 1.47e-01, 5.55e-01, -5.44e-02, 1.97e-02, -5.00e-02]
40700 [1.93e-01, 9.54e-04, 1.96e-02, -2.59e-01, 2.34e-01, -3.92e-01, 1.47e-01, 5.58e-01, -5.30e-02, 1.95e-02, -5.00e-02]
40800 [2.09e-01, 4.76e-03, 3.55e-02, -2.55e-01, 2.34e-01, -3.92e-01, 1.47e-01, 5.60e-01, -5.13e-02, 1.93e-02, -4.99e-02]
40900 [2.24e-01, 8.07e-03, 5.04e-02, -2.52e-01, 2.34e-01, -3.91e-01, 1.47e-01, 5.63e-01, -4.96e-02, 1.91e-02, -4.98e-02]
41000 [2.39e-01, 1.09e-02, 6.45e-02, -2.49e-01, 2.35e-01, -3.91e-01, 1.47e-01, 5.65e-01, -4.78e-02, 1.90e-02, -4.97e-02]
41100 [-5.65e-02, 1.43e-02, 8.37e-02, -1.72e-01, 2.13e-01, -3.69e-01, 1.47e-01, 5.47e-01, -3.20e-02, 2.13e-02, -4.94e-02]
41200 [-5.18e-02, 1.73e-02, 1.20e-01, -1.66e-01, 2.12e-01, -3.68e-01, 1.47e-01, 5.47e-01, -3.03e-02, 2.32e-02, -4.90e-02]
41300 [-5.71e-02, 1.94e-02, 1.54e-01, -1.59e-01, 2.10e-01, -3.68e-01, 1.47e-01, 5.47e-01, -2.99e-02, 2.50e-02, -4.86e-02]
41400 [-6.76e-02, 2.09e-02, 1.86e-01, -1.52e-01, 2.09e-01, -3.68e-01, 1.47e-01, 5.48e-01, -3.01e-02, 2.68e-02, -4.83e-02]
41500 [-8.12e-02, 2.17e-02, 2.15e-01, -1.44e-01, 2.07e-01, -3.68e-01, 1.47e-01, 5.49e-01, -3.06e-02, 2.86e-02, -4.79e-02]
41600 [-9.67e-02, 2.21e-02, 2.43e-01, -1.37e-01, 2.06e-01, -3.67e-01, 1.47e-01, 5.51e-01, -3.14e-02, 3.04e-02, -4.75e-02]
41700 [-1.13e-01, 2.23e-02, 2.68e-01, -1.29e-01, 2.06e-01, -3.67e-01, 1.47e-01, 5.52e-01, -3.23e-02, 3.22e-02, -4.71e-02]
41800 [-1.28e-01, 2.23e-02, 2.91e-01, -1.22e-01, 2.03e-01, -3.67e-01, 1.47e-01, 5.54e-01, -3.35e-02, 3.38e-02, -4.67e-02]
41900 [-1.44e-01, 2.21e-02, 3.12e-01, -1.15e-01, 1.97e-01, -3.67e-01, 1.47e-01, 5.56e-01, -3.46e-02, 3.54e-02, -4.63e-02]
42000 [-1.56e-01, 2.24e-02, 3.32e-01, -1.10e-01, 1.75e-01, -3.67e-01, 1.47e-01, 5.58e-01, -3.59e-02, 3.68e-02, -4.57e-02]
42100 [-1.31e-01, 2.23e-02, 3.47e-01, -1.00e-01, 1.48e-01, -3.60e-01, 1.47e-01, 5.59e-01, -3.40e-02, 3.69e-02, -4.51e-02]
42200 [-6.22e-02, 2.27e-02, 3.45e-01, -7.88e-02, 1.08e-01, -3.27e-01, 1.47e-01, 5.60e-01, -1.83e-02, 2.93e-02, -4.44e-02]
42300 [-7.82e-02, 2.32e-02, 3.73e-01, -7.41e-02, 1.05e-01, -3.26e-01, 1.47e-01, 5.62e-01, -1.69e-02, 3.03e-02, -4.30e-02]
42400 [-9.37e-02, 2.45e-02, 4.02e-01, -7.09e-02, 1.01e-01, -3.26e-01, 1.47e-01, 5.63e-01, -1.65e-02, 3.05e-02, -4.15e-02]
42500 [-8.22e-02, 2.57e-02, 4.18e-01, -6.53e-02, 8.05e-02, -3.17e-01, 1.47e-01, 5.63e-01, -1.30e-02, 1.85e-02, -3.98e-02]
42600 [-9.56e-02, 2.70e-02, 4.45e-01, -6.27e-02, 7.90e-02, -3.17e-01, 1.47e-01, 5.64e-01, -1.22e-02, 1.85e-02, -3.77e-02]
42700 [5.71e-05, 2.67e-02, 4.12e-01, -4.12e-02, 3.81e-02, -2.56e-01, 1.47e-01, 5.64e-01, 9.16e-03, -2.86e-02, -3.53e-02]
42800 [-8.13e-03, 2.84e-02, 4.50e-01, -4.05e-02, 3.86e-02, -2.57e-01, 1.47e-01, 5.64e-01, 9.17e-03, -2.62e-02, -3.19e-02]
42900 [-1.50e-02, 3.07e-02, 4.87e-01, -3.96e-02, 3.91e-02, -2.59e-01, 1.47e-01, 5.64e-01, 1.01e-02, -2.38e-02, -2.78e-02]
43000 [-2.18e-02, 3.33e-02, 5.22e-01, -3.91e-02, 3.92e-02, -2.61e-01, 1.47e-01, 5.64e-01, 1.20e-02, -2.72e-03, -2.32e-02]
43100 [-2.12e-02, 3.50e-02, 5.47e-01, -3.86e-02, 2.64e-02, -2.60e-01, 1.47e-01, 5.64e-01, 1.40e-02, -1.81e-03, -1.81e-02]
43200 [2.50e-02, 3.42e-02, 4.97e-01, -3.30e-02, 1.20e-02, -2.15e-01, 1.47e-01, 5.65e-01, 2.18e-02, -4.95e-03, -1.32e-02]
43300 [2.55e-02, 3.66e-02, 5.35e-01, -3.29e-02, 1.24e-02, -2.19e-01, 1.47e-01, 5.65e-01, 2.00e-02, -1.84e-03, -7.19e-03]
43400 [2.72e-02, 3.93e-02, 5.71e-01, -3.22e-02, 1.24e-02, -2.24e-01, 1.47e-01, 5.65e-01, 2.06e-02, -5.22e-04, -1.90e-04]
43500 [3.74e-02, 4.01e-02, 5.63e-01, -3.08e-02, 4.61e-03, -2.11e-01, 1.47e-01, 5.65e-01, 2.49e-02, 2.70e-03, 7.40e-03]
43600 [-4.50e-02, 4.17e-02, 5.42e-01, -3.59e-02, 3.99e-03, -1.77e-01, 1.47e-01, 5.65e-01, 2.98e-02, 1.26e-02, 1.52e-02]
43700 [3.33e-03, 4.25e-02, 5.63e-01, -2.80e-02, 2.79e-03, -1.80e-01, 1.47e-01, 5.65e-01, 2.84e-02, 1.16e-02, 2.26e-02]
43800 [-2.12e-03, 4.49e-02, 6.01e-01, -2.80e-02, 1.70e-03, -1.88e-01, 1.47e-01, 5.65e-01, 2.73e-02, 5.54e-03, 3.14e-02]
43900 [2.27e-02, 4.62e-02, 5.88e-01, -2.62e-02, 9.93e-04, -1.77e-01, 1.47e-01, 5.65e-01, 2.97e-02, 2.21e-03, 4.05e-02]
44000 [-5.55e-02, 4.70e-02, 4.56e-01, -2.86e-02, 8.95e-04, -1.02e-01, 1.47e-01, 5.65e-01, 3.91e-02, 3.90e-03, 5.05e-02]
44100 [-3.63e-02, 5.01e-02, 4.72e-01, -1.78e-02, -2.61e-04, -1.03e-01, 1.47e-01, 5.65e-01, 2.89e-02, 2.72e-03, 5.33e-02]
44200 [3.34e-03, 5.32e-02, 5.10e-01, -1.02e-02, -1.18e-03, -1.20e-01, 1.47e-01, 5.66e-01, 2.55e-02, 9.39e-04, 5.89e-02]
44300 [8.58e-03, 5.56e-02, 5.55e-01, -1.08e-02, -3.93e-04, -1.36e-01, 1.47e-01, 5.66e-01, 2.32e-02, 1.08e-03, 6.79e-02]
44400 [1.92e-03, 5.83e-02, 6.00e-01, -1.18e-02, 1.48e-04, -1.52e-01, 1.47e-01, 5.66e-01, 2.60e-02, 2.43e-04, 7.98e-02]
44500 [3.13e-02, 5.81e-02, 5.00e-01, -1.41e-02, -9.60e-04, -1.12e-01, 1.47e-01, 5.66e-01, 2.84e-02, -1.38e-04, 8.85e-02]
44600 [4.05e-02, 6.11e-02, 5.54e-01, -1.51e-02, -1.46e-05, -1.32e-01, 1.47e-01, 5.66e-01, 2.44e-02, -9.59e-05, 9.72e-02]
44700 [-8.65e-03, 6.25e-02, 5.19e-01, -1.12e-02, 6.86e-04, -1.14e-01, 1.47e-01, 5.64e-01, 2.81e-02, 1.16e-03, 1.07e-01]
44800 [-2.49e-02, 6.55e-02, 5.75e-01, -1.03e-02, 2.48e-04, -1.36e-01, 1.47e-01, 5.64e-01, 2.61e-02, 9.50e-04, 1.17e-01]
44900 [2.10e-04, 6.83e-02, 5.34e-01, -8.27e-03, 7.44e-04, -1.17e-01, 1.47e-01, 5.64e-01, 2.57e-02, -6.69e-04, 1.26e-01]
45000 [3.51e-02, 7.06e-02, 5.00e-01, -5.33e-03, 1.20e-04, -9.39e-02, 1.47e-01, 5.64e-01, 3.11e-02, -1.04e-03, 1.37e-01]
45100 [-1.95e-02, 7.06e-02, 4.38e-01, -1.16e-02, 1.58e-03, -6.97e-02, 1.47e-01, 5.52e-01, 2.22e-02, -4.90e-04, 1.38e-01]
45200 [4.61e-02, 7.67e-02, 4.80e-01, -1.10e-03, 2.98e-04, -9.61e-02, 1.47e-01, 5.50e-01, 2.15e-02, -2.12e-04, 1.43e-01]
45300 [-5.58e-02, 7.79e-02, 4.64e-01, -1.11e-02, 2.30e-04, -9.64e-02, 1.47e-01, 5.34e-01, 1.71e-02, 1.26e-04, 1.47e-01]
45400 [-2.20e-02, 8.11e-02, 4.30e-01, -1.40e-02, -1.39e-03, -8.57e-02, 1.47e-01, 5.22e-01, 1.83e-02, 1.08e-03, 1.52e-01]
45500 [8.73e-05, 8.73e-02, 4.84e-01, -5.37e-03, -6.25e-04, -1.05e-01, 1.47e-01, 5.21e-01, 2.11e-02, -7.35e-04, 1.60e-01]
45600 [-3.06e-02, 8.91e-02, 3.83e-01, -2.07e-02, 7.75e-03, -5.71e-02, 1.47e-01, 4.94e-01, 1.72e-02, 7.58e-04, 1.57e-01]
45700 [3.78e-02, 9.56e-02, 3.76e-01, 8.42e-03, 6.67e-03, -6.34e-02, 1.47e-01, 4.84e-01, 2.49e-02, -4.21e-03, 1.61e-01]
45800 [-6.84e-02, 1.00e-01, 4.05e-01, 6.44e-04, 7.97e-04, -7.79e-02, 1.47e-01, 4.79e-01, 1.73e-02, -4.19e-03, 1.61e-01]
45900 [-4.27e-02, 1.02e-01, 3.31e-01, -1.42e-02, 7.09e-05, -4.91e-02, 1.47e-01, 4.59e-01, 1.93e-02, -2.70e-03, 1.62e-01]
46000 [5.00e-02, 1.08e-01, 3.17e-01, 1.50e-02, 1.44e-03, -4.54e-02, 1.47e-01, 4.48e-01, 3.17e-02, 3.11e-04, 1.64e-01]
46100 [1.67e-02, 1.16e-01, 3.97e-01, -4.44e-03, 2.26e-04, -7.65e-02, 1.47e-01, 4.47e-01, 1.86e-02, -1.93e-04, 1.63e-01]
46200 [5.83e-04, 1.22e-01, 4.39e-01, -7.47e-03, 1.53e-04, -5.41e-02, 1.47e-01, 4.47e-01, 3.04e-02, -1.05e-02, 1.72e-01]
46300 [8.04e-03, 1.24e-01, 2.97e-01, 5.45e-03, 3.15e-04, 3.98e-02, 1.47e-01, 4.46e-01, 2.15e-02, -8.83e-03, 1.67e-01]
46400 [1.07e-02, 1.36e-01, 3.56e-01, 3.36e-03, 4.23e-05, 1.34e-02, 1.47e-01, 4.46e-01, 1.51e-02, 4.45e-03, 1.66e-01]
46500 [1.27e-02, 1.48e-01, 4.16e-01, 4.77e-04, 3.95e-05, -4.64e-02, 1.47e-01, 4.46e-01, 9.58e-03, -2.41e-03, 1.64e-01]
46600 [3.52e-02, 1.36e-01, 1.63e-01, -7.66e-03, 5.24e-03, 8.72e-02, 1.47e-01, 3.99e-01, 1.11e-02, 3.71e-03, 1.60e-01]
46700 [7.58e-02, 1.29e-01, 1.61e-01, 4.78e-02, 1.15e-02, -2.70e-03, 1.47e-01, 3.32e-01, -2.45e-02, 4.81e-03, 1.57e-01]
46800 [5.01e-02, 1.35e-01, 3.00e-01, -5.53e-02, 1.11e-04, -4.86e-02, 1.47e-01, 3.09e-01, -2.17e-02, -1.57e-03, 1.59e-01]
46900 [-2.69e-02, 1.46e-01, 3.16e-01, -4.96e-02, 2.48e-04, -1.62e-02, 1.47e-01, 3.08e-01, 1.70e-02, 9.59e-04, 1.69e-01]
47000 [-7.41e-02, 1.58e-01, 4.10e-01, -4.35e-02, -1.09e-03, -7.68e-02, 1.47e-01, 3.07e-01, 2.21e-04, 4.33e-03, 1.65e-01]
47100 [-7.86e-02, 1.41e-01, 1.99e-01, -1.50e-02, 5.56e-03, 1.34e-02, 1.47e-01, 2.48e-01, -6.40e-02, -1.31e-02, 1.42e-01]
47200 [7.00e-02, 1.52e-01, 2.37e-01, -1.43e-03, -3.22e-02, -1.97e-02, 1.47e-01, 2.33e-01, -4.61e-02, 4.20e-03, 1.43e-01]
47300 [-6.00e-02, 1.60e-01, 1.85e-01, -1.88e-02, 1.45e-02, 1.47e-02, 1.47e-01, 2.28e-01, 8.64e-03, 4.70e-03, 1.46e-01]
47400 [-1.04e-01, 1.73e-01, 2.95e-01, 1.14e-02, -3.21e-03, -2.04e-02, 1.47e-01, 2.29e-01, -4.09e-03, -1.58e-03, 1.46e-01]
47500 [9.34e-02, 1.80e-01, 2.88e-01, 1.26e-02, -2.19e-02, -3.37e-02, 1.47e-01, 2.28e-01, 7.29e-03, 1.19e-03, 1.47e-01]
47600 [-7.47e-02, 1.77e-01, 1.92e-01, 3.60e-02, 1.24e-02, 1.29e-03, 1.47e-01, 2.22e-01, -4.15e-02, -7.81e-03, 1.37e-01]
47700 [6.20e-02, 1.72e-01, 1.08e-01, -4.56e-02, -8.37e-03, 1.09e-02, 1.47e-01, 2.12e-01, 6.68e-03, -6.15e-03, 1.41e-01]
47800 [1.10e-01, 1.87e-01, 2.77e-01, -5.41e-02, 1.59e-03, -1.77e-02, 1.47e-01, 2.21e-01, 2.81e-02, 9.87e-04, 1.44e-01]
47900 [-1.07e-01, 1.82e-01, 1.81e-01, 5.12e-02, -1.51e-03, -1.82e-02, 1.47e-01, 1.92e-01, -2.00e-02, 3.79e-04, 1.36e-01]
48000 [7.67e-02, 1.90e-01, 2.19e-01, 3.64e-02, -6.37e-04, 3.79e-03, 1.47e-01, 1.91e-01, 4.26e-03, 4.06e-03, 1.39e-01]
48100 [-7.70e-02, 1.92e-01, 1.19e-01, -8.78e-02, -5.71e-03, 7.11e-02, 1.47e-01, 1.91e-01, 2.08e-02, 1.15e-03, 1.33e-01]
48200 [-1.30e-01, 1.67e-01, 2.17e-01, 3.78e-02, -3.10e-03, -3.39e-02, 1.47e-01, 2.08e-01, -3.93e-02, -4.44e-05, 9.50e-02]
48300 [1.07e-01, 1.86e-01, 2.37e-01, 2.34e-02, -5.53e-03, 3.13e-02, 1.47e-01, 2.15e-01, 7.45e-03, 3.26e-03, 9.63e-02]
48400 [-1.21e-01, 1.82e-01, 1.37e-01, -2.43e-02, 5.46e-03, -1.18e-02, 1.47e-01, 2.25e-01, -7.60e-03, 3.06e-04, 9.55e-02]
48500 [1.07e-01, 1.72e-01, 1.10e-01, -6.72e-02, -2.54e-02, 1.14e-02, 1.47e-01, 1.98e-01, 2.41e-02, -5.95e-04, 9.78e-02]
48600 [-9.21e-02, 1.79e-01, 8.43e-02, -3.81e-02, 5.73e-03, 1.67e-02, 1.47e-01, 1.83e-01, 3.66e-02, 5.99e-03, 9.70e-02]
48700 [7.65e-02, 1.81e-01, 8.81e-02, 8.31e-02, 3.27e-02, -5.52e-02, 1.47e-01, 1.86e-01, -1.56e-02, 1.70e-05, 9.70e-02]
48800 [1.22e-01, 1.96e-01, 2.51e-01, -2.00e-02, 9.68e-03, 2.16e-03, 1.47e-01, 2.08e-01, 6.18e-02, -6.79e-03, 9.49e-02]
48900 [-7.89e-02, 1.88e-01, 1.47e-01, -8.77e-03, 5.72e-03, -2.29e-02, 1.47e-01, 2.05e-01, -3.25e-02, 4.28e-03, 8.45e-02]
49000 [-7.66e-02, 2.09e-01, 2.47e-01, 1.49e-02, 3.64e-03, -4.79e-03, 1.47e-01, 2.08e-01, 7.84e-02, 3.66e-02, 5.26e-02]
49100 [-2.60e-02, 2.29e-01, 2.02e-01, 2.21e-02, 6.99e-03, 6.00e-02, 1.47e-01, 2.09e-01, 1.17e-02, -8.81e-04, 5.14e-02]
49200 [6.08e-02, 2.20e-01, 2.03e-01, -4.91e-02, -2.28e-02, 5.66e-02, 1.47e-01, 2.11e-01, 7.94e-02, -2.02e-03, 7.72e-02]
49300 [9.47e-02, 2.54e-01, 2.93e-01, -5.68e-02, 8.12e-03, 2.89e-03, 1.47e-01, 2.09e-01, 3.96e-02, 2.78e-03, 7.27e-02]
49400 [-9.34e-02, 2.36e-01, 1.25e-01, 2.17e-02, -3.40e-03, 3.72e-02, 1.47e-01, 1.94e-01, -4.16e-02, 2.16e-02, 6.04e-02]
49500 [-2.44e-02, 2.58e-01, 2.07e-01, 3.47e-02, 2.43e-02, -2.22e-02, 1.47e-01, 2.03e-01, -2.41e-02, -3.79e-03, 6.44e-02]
49600 [4.36e-03, 2.06e-01, 1.32e-01, -5.41e-02, -2.69e-02, -6.10e-02, 1.47e-01, 1.96e-01, -2.51e-02, 1.61e-02, 1.77e-02]
49700 [-1.94e-02, 1.37e-01, 3.13e-01, 3.92e-03, 1.76e-02, -4.63e-02, 1.47e-01, 2.01e-01, -8.80e-02, 1.42e-04, 1.36e-01]
49800 [-5.61e-02, 1.87e-01, 4.38e-01, -8.31e-02, 1.10e-02, -6.69e-02, 1.47e-01, 1.87e-01, -6.07e-02, 2.44e-03, 1.42e-01]
49900 [-9.05e-02, 2.20e-01, 4.99e-01, -1.17e-01, 8.27e-03, -8.76e-02, 1.47e-01, 1.74e-01, -4.57e-02, 1.15e-02, 1.45e-01]
50000 [-9.32e-03, 2.23e-01, 2.04e-01, -9.52e-02, -9.96e-03, 7.93e-03, 1.47e-01, 2.00e-01, 1.62e-02, 1.60e-03, 1.46e-01]
50000 [-9.32e-03, 2.23e-01, 2.04e-01, -9.52e-02, -9.96e-03, 7.93e-03, 1.47e-01, 2.00e-01, 1.62e-02, 1.60e-03, 1.46e-01]
50100 [1.08e-01, 1.70e-01, 2.78e-01, -6.93e-02, -5.83e-04, 1.17e-01, 2.06e-01, 6.48e-02, 4.13e-03, -5.18e-03, 6.53e-02]
50200 [1.13e-01, 1.63e-01, 2.78e-01, -6.95e-02, -6.22e-04, 1.18e-01, 2.06e-01, 6.52e-02, 4.08e-03, -4.48e-03, 6.53e-02]
50300 [1.20e-01, 1.68e-01, 2.81e-01, -7.04e-02, -8.21e-04, 1.21e-01, 2.06e-01, 6.58e-02, 3.77e-03, -3.68e-03, 6.53e-02]
50400 [1.28e-01, 1.75e-01, 2.83e-01, -7.21e-02, -1.28e-03, 1.24e-01, 2.06e-01, 6.66e-02, 3.38e-03, -2.81e-03, 6.53e-02]
50500 [1.36e-01, 1.84e-01, 2.82e-01, -7.42e-02, -1.96e-03, 1.28e-01, 2.06e-01, 6.75e-02, 2.87e-03, -1.85e-03, 6.53e-02]
50600 [-1.73e-02, 1.91e-01, 2.62e-01, -8.48e-02, -1.89e-03, -4.76e-02, 2.06e-01, 6.54e-02, -2.22e-02, -6.91e-04, 6.12e-02]
50700 [-2.35e-02, 2.01e-01, 3.33e-01, -8.42e-02, -5.23e-04, -6.28e-02, 2.06e-01, 6.53e-02, -1.98e-02, 2.06e-04, 6.09e-02]
50800 [-3.01e-02, 2.10e-01, 3.93e-01, -8.46e-02, 6.57e-04, -8.14e-02, 2.06e-01, 6.52e-02, -1.23e-02, 1.30e-03, 6.16e-02]
50900 [-3.69e-02, 2.18e-01, 4.45e-01, -8.50e-02, 1.61e-03, -1.00e-01, 2.06e-01, 6.52e-02, -3.18e-03, 2.59e-03, 6.32e-02]
51000 [-4.36e-02, 2.26e-01, 4.92e-01, -8.53e-02, 2.30e-03, -1.19e-01, 2.06e-01, 6.53e-02, 6.05e-03, 4.01e-03, 6.60e-02]
51100 [2.28e-02, 2.27e-01, 3.32e-01, 6.03e-03, 2.60e-03, 5.42e-02, 2.06e-01, 6.58e-02, -3.30e-03, 6.04e-03, 5.90e-02]
51200 [3.05e-02, 2.42e-01, 3.47e-01, 4.85e-03, 2.60e-03, 4.82e-02, 2.06e-01, 6.59e-02, -5.64e-03, 6.49e-03, 5.89e-02]
51300 [4.03e-02, 2.58e-01, 3.56e-01, 3.73e-03, 2.59e-03, 4.23e-02, 2.06e-01, 6.59e-02, -6.34e-03, 6.76e-03, 5.89e-02]
51400 [5.29e-02, 2.73e-01, 3.62e-01, 2.67e-03, 2.45e-03, 3.37e-02, 2.06e-01, 6.59e-02, -6.92e-03, 6.85e-03, 5.87e-02]
51500 [6.87e-02, 2.88e-01, 3.68e-01, 1.79e-03, 2.09e-03, 2.09e-02, 2.06e-01, 6.57e-02, -7.60e-03, 6.70e-03, 5.84e-02]
51600 [8.53e-02, 2.92e-01, 3.73e-01, 2.84e-03, 2.02e-03, 2.90e-04, 2.06e-01, 6.53e-02, -6.18e-03, 6.23e-03, 5.80e-02]
51700 [-5.08e-02, 2.96e-01, 3.20e-01, -3.50e-02, 1.23e-03, -2.01e-02, 2.06e-01, 6.48e-02, -2.90e-03, 6.07e-03, 5.80e-02]
51800 [-7.07e-02, 3.09e-01, 3.87e-01, -3.75e-02, -1.18e-03, -5.26e-02, 2.06e-01, 6.42e-02, 3.55e-03, 6.37e-03, 6.05e-02]
51900 [5.02e-02, 2.93e-01, 1.76e-01, -1.33e-02, -2.30e-03, 3.58e-02, 2.06e-01, 6.44e-02, 6.08e-03, 6.76e-03, 6.19e-02]
52000 [7.17e-02, 3.09e-01, 2.77e-01, -1.92e-02, -2.32e-03, 2.71e-02, 2.06e-01, 6.55e-02, 2.55e-03, 2.72e-03, 6.20e-02]
52100 [2.81e-02, 3.23e-01, 2.87e-01, -3.34e-02, 5.74e-05, 1.13e-02, 2.06e-01, 6.47e-02, 3.44e-03, 1.53e-03, 6.23e-02]
52200 [-7.96e-02, 3.21e-01, 2.88e-01, -2.16e-02, -1.01e-03, -2.81e-02, 2.06e-01, 6.32e-02, -8.86e-03, 7.46e-04, 6.24e-02]
52300 [6.24e-03, 3.25e-01, 2.78e-01, 3.68e-02, 1.13e-03, -7.16e-03, 2.06e-01, 6.40e-02, 2.34e-02, 2.27e-04, 6.41e-02]
52400 [2.79e-03, 3.43e-01, 3.88e-01, 3.72e-02, -3.77e-04, -4.88e-02, 2.06e-01, 6.40e-02, 3.18e-02, -6.90e-04, 6.56e-02]
52500 [1.15e-01, -1.51e-01, 1.40e-01, 1.12e-01, 6.69e-02, -6.88e-02, 3.71e-01, -1.92e-01, 5.67e-03, 2.56e-02, 3.23e-02]
52600 [6.58e-02, -1.14e-01, 3.25e-01, 3.28e-03, 3.11e-02, 1.03e-02, 3.94e-01, -2.00e-01, 4.17e-02, -5.59e-03, 1.42e-01]
52700 [5.82e-02, -9.61e-02, 4.02e-01, 4.10e-03, 3.07e-02, 5.26e-03, 3.94e-01, -2.00e-01, 3.93e-02, -2.89e-03, 1.42e-01]
52800 [5.55e-02, -8.04e-02, 4.49e-01, 5.18e-03, 3.04e-02, -1.06e-02, 3.94e-01, -2.00e-01, 3.69e-02, -7.65e-04, 1.42e-01]
52900 [5.38e-02, -6.64e-02, 4.84e-01, 5.57e-03, 3.02e-02, -3.98e-02, 3.94e-01, -2.00e-01, 3.50e-02, 1.69e-04, 1.42e-01]
53000 [5.09e-02, -5.42e-02, 5.18e-01, 4.92e-03, 3.02e-02, -8.09e-02, 3.94e-01, -2.00e-01, 3.42e-02, -1.82e-04, 1.43e-01]
53100 [4.72e-02, -4.39e-02, 5.57e-01, 2.77e-03, 3.03e-02, -1.22e-01, 3.94e-01, -2.00e-01, 3.64e-02, -1.17e-03, 1.47e-01]
53200 [-1.98e-02, -3.37e-02, 5.24e-01, 1.45e-02, 3.18e-02, -3.05e-02, 3.94e-01, -1.87e-01, -7.22e-02, 6.50e-03, -1.83e-01]
53300 [-2.95e-02, -2.50e-02, 5.28e-01, 3.03e-03, 3.22e-02, -6.04e-02, 3.94e-01, -1.88e-01, -5.72e-02, -2.83e-04, -1.75e-01]
53400 [-4.02e-02, -1.75e-02, 5.39e-01, -9.05e-03, 3.27e-02, -9.00e-02, 3.94e-01, -1.90e-01, -4.11e-02, -4.68e-03, -1.61e-01]
53500 [-5.06e-02, -1.11e-02, 5.57e-01, -2.03e-02, 3.31e-02, -1.17e-01, 3.94e-01, -1.90e-01, -2.49e-02, -2.58e-04, -1.42e-01]
53600 [-6.01e-02, -5.78e-03, 5.81e-01, -2.99e-02, 5.85e-03, -1.39e-01, 3.94e-01, -1.91e-01, -9.53e-03, -1.51e-03, -1.20e-01]
53700 [-2.60e-02, -9.99e-04, 5.62e-01, -1.31e-02, 5.56e-03, -1.24e-02, 3.94e-01, -1.90e-01, 5.21e-02, 3.17e-02, -9.84e-02]
53800 [-3.51e-02, 4.85e-03, 5.51e-01, -1.05e-02, -1.35e-04, -5.49e-02, 3.94e-01, -1.89e-01, 4.36e-02, 2.50e-02, -9.63e-02]
53900 [-4.72e-02, 1.05e-02, 5.60e-01, -9.10e-03, 3.88e-05, -9.30e-02, 3.94e-01, -1.88e-01, 3.70e-02, -1.15e-02, -8.81e-02]
54000 [-5.87e-02, 1.53e-02, 5.81e-01, -9.63e-03, 3.83e-04, -1.24e-01, 3.94e-01, -1.87e-01, 3.52e-02, -8.49e-03, -7.31e-02]
54100 [4.43e-02, 1.97e-02, 5.08e-01, 4.45e-03, 1.75e-04, 6.74e-02, 3.94e-01, -1.81e-01, 6.06e-02, -3.80e-03, -5.50e-02]
54200 [5.70e-02, 2.66e-02, 4.76e-01, 2.35e-03, -5.91e-04, 5.20e-02, 3.94e-01, -1.81e-01, 5.91e-02, 5.52e-03, -5.53e-02]
54300 [7.07e-02, 3.42e-02, 4.53e-01, 1.11e-03, -4.34e-04, 4.20e-02, 3.94e-01, -1.81e-01, 5.85e-02, 5.83e-03, -5.54e-02]
54400 [8.60e-02, 4.15e-02, 4.34e-01, -4.56e-04, -1.71e-03, 3.40e-02, 3.94e-01, -1.81e-01, 5.71e-02, 3.52e-03, -5.55e-02]
54500 [-5.20e-02, 4.84e-02, 3.93e-01, -3.52e-02, 4.03e-04, 2.89e-03, 3.94e-01, -1.71e-01, 4.59e-02, 1.01e-02, -5.61e-02]
54600 [-6.49e-02, 5.54e-02, 4.19e-01, -2.28e-02, -1.32e-05, -3.60e-02, 3.94e-01, -1.69e-01, 3.05e-02, 3.39e-03, -5.67e-02]
54700 [-8.60e-02, 6.17e-02, 4.44e-01, -1.52e-02, -4.57e-04, -7.32e-02, 3.94e-01, -1.67e-01, 1.82e-02, -2.68e-03, -5.31e-02]
54800 [3.94e-02, 6.72e-02, 3.98e-01, 3.45e-02, -3.47e-04, 1.81e-02, 3.94e-01, -1.58e-01, 4.14e-02, 1.84e-03, -4.91e-02]
54900 [4.37e-02, 7.43e-02, 4.15e-01, 3.42e-02, 2.99e-04, -1.28e-03, 3.94e-01, -1.58e-01, 3.95e-02, 1.26e-03, -4.92e-02]
55000 [4.55e-02, 8.08e-02, 4.31e-01, 3.38e-02, 1.31e-05, -2.78e-02, 3.94e-01, -1.58e-01, 3.84e-02, 2.86e-03, -4.92e-02]
55100 [4.22e-02, 8.64e-02, 4.59e-01, 3.22e-02, 5.04e-05, -6.53e-02, 3.94e-01, -1.58e-01, 3.91e-02, -1.12e-03, -4.80e-02]
55200 [-1.68e-02, 8.91e-02, 3.72e-01, 1.95e-02, 9.31e-04, 3.03e-02, 3.94e-01, -1.58e-01, 5.45e-03, -3.79e-03, -4.07e-02]
55300 [-2.68e-02, 9.55e-02, 4.08e-01, 1.67e-02, 1.41e-03, -1.87e-02, 3.94e-01, -1.58e-01, 2.37e-03, 1.84e-03, -3.99e-02]
55400 [-5.51e-02, 1.02e-01, 4.44e-01, 1.03e-02, -1.27e-03, -6.60e-02, 3.94e-01, -1.58e-01, 6.53e-03, -3.54e-03, -3.36e-02]
55500 [6.72e-03, 1.04e-01, 2.95e-01, -6.76e-02, -5.02e-04, 1.39e-02, 3.94e-01, -1.33e-01, -5.63e-02, 7.90e-04, -1.79e-02]
55600 [-9.69e-03, 1.12e-01, 3.80e-01, -7.02e-02, 1.61e-04, -1.60e-02, 3.94e-01, -1.33e-01, -5.03e-02, 1.55e-03, -1.69e-02]
55700 [-3.82e-02, 1.20e-01, 4.28e-01, -7.57e-02, -1.56e-04, -6.02e-02, 3.94e-01, -1.34e-01, -4.58e-02, 1.55e-03, -1.28e-02]
55800 [1.10e-02, 1.19e-01, 1.93e-01, -3.02e-02, -3.84e-03, 6.91e-02, 3.94e-01, -1.09e-01, -1.55e-02, 2.26e-02, -3.89e-02]
55900 [-6.28e-02, 1.25e-01, 3.05e-01, -5.03e-02, -5.00e-03, 9.29e-03, 3.94e-01, -1.05e-01, -6.45e-02, 1.38e-02, -4.40e-02]
56000 [-9.74e-02, 1.33e-01, 3.52e-01, -5.05e-02, -3.43e-04, -2.41e-02, 3.94e-01, -1.05e-01, -6.50e-02, -2.87e-03, -4.16e-02]
56100 [4.86e-02, 1.40e-01, 3.42e-01, 4.98e-02, 8.97e-04, -1.28e-02, 3.94e-01, -9.68e-02, -3.75e-02, 2.57e-03, -3.92e-02]
56200 [4.81e-02, 1.47e-01, 4.01e-01, 4.72e-02, 2.14e-03, -3.65e-02, 3.94e-01, -9.68e-02, -2.97e-02, -4.39e-03, -3.82e-02]
56300 [3.89e-02, 1.53e-01, 4.56e-01, 3.74e-02, 1.28e-03, -7.79e-02, 3.94e-01, -9.74e-02, -1.06e-02, -4.18e-03, -3.18e-02]
56400 [-1.84e-02, 1.53e-01, 2.83e-01, 1.79e-02, 2.72e-03, 5.51e-04, 3.94e-01, -9.77e-02, 3.88e-04, 1.27e-03, -2.51e-02]
56500 [-5.42e-02, 1.62e-01, 3.81e-01, 8.59e-03, 5.88e-05, -3.90e-02, 3.94e-01, -9.93e-02, 6.88e-03, -3.19e-03, -2.22e-02]
56600 [-6.02e-03, 1.54e-01, 9.22e-02, -9.65e-02, -1.91e-03, 1.69e-02, 3.94e-01, -9.59e-02, -5.06e-02, 8.86e-03, -4.65e-03]
56700 [-4.70e-02, 1.63e-01, 3.17e-01, -9.02e-02, -1.02e-03, -2.77e-02, 3.94e-01, -9.75e-02, -5.62e-02, 9.91e-03, -3.20e-03]
56800 [-8.53e-02, 1.72e-01, 3.89e-01, -8.76e-02, -3.57e-03, -7.17e-02, 3.94e-01, -9.76e-02, -5.84e-02, 9.26e-03, 2.23e-03]
56900 [3.03e-02, 1.72e-01, 2.54e-01, -4.82e-02, 2.55e-03, 1.46e-02, 3.94e-01, -7.13e-02, -7.45e-02, 3.67e-05, -9.62e-04]
57000 [3.05e-02, 1.82e-01, 3.54e-01, -5.13e-02, -1.67e-03, -2.33e-03, 3.94e-01, -7.14e-02, -6.32e-02, -4.22e-03, -3.55e-04]
57100 [1.96e-02, 1.92e-01, 4.07e-01, -5.98e-02, 4.30e-03, -3.91e-02, 3.94e-01, -7.20e-02, -4.73e-02, -8.00e-03, 2.32e-03]
57200 [4.79e-03, 1.74e-01, 2.50e-01, -6.32e-02, 5.76e-03, 7.15e-02, 3.94e-01, -7.42e-02, 3.74e-02, 1.96e-02, 1.15e-02]
57300 [3.41e-02, 2.62e-02, 2.28e-01, -1.36e-02, -8.58e-05, -6.48e-02, 3.93e-01, -8.65e-02, 5.48e-02, -8.12e-03, -1.84e-02]
57400 [2.95e-02, 3.20e-02, 3.23e-01, -2.68e-02, 8.43e-05, -8.32e-02, 3.93e-01, -8.66e-02, 5.82e-02, -3.48e-03, -1.70e-02]
57500 [2.03e-02, 3.63e-02, 3.98e-01, -4.59e-02, 3.44e-03, -1.08e-01, 3.93e-01, -8.76e-02, 6.27e-02, 5.52e-04, -1.20e-02]
57600 [-9.04e-03, 3.93e-02, 4.24e-01, -6.12e-02, -9.90e-03, 2.50e-02, 3.93e-01, -8.94e-02, 4.74e-02, 4.00e-03, -2.05e-03]
57700 [-3.65e-03, 6.24e-02, 4.01e-01, -3.25e-02, -1.51e-02, 2.05e-02, 3.93e-01, -8.84e-02, 3.50e-02, 1.72e-02, -3.91e-03]
57800 [-2.75e-02, 8.52e-02, 4.11e-01, -3.42e-02, -5.05e-03, -1.50e-02, 3.93e-01, -8.93e-02, 2.90e-02, 1.48e-02, -5.68e-03]
57900 [-7.37e-02, 1.04e-01, 4.32e-01, -2.54e-02, -6.82e-03, -5.78e-02, 3.93e-01, -8.84e-02, 1.49e-02, 4.74e-03, -5.42e-03]
58000 [4.50e-02, 1.16e-01, 2.94e-01, 5.61e-02, -2.12e-02, 5.74e-03, 3.93e-01, 7.98e-02, -1.82e-02, 1.38e-03, -5.60e-03]
58100 [5.35e-02, 1.34e-01, 3.52e-01, 5.43e-02, -4.86e-03, -1.25e-02, 3.93e-01, 7.99e-02, -1.42e-02, -7.57e-04, -5.37e-03]
58200 [5.97e-02, 1.49e-01, 3.92e-01, 5.05e-02, -3.53e-03, -4.11e-02, 3.93e-01, 8.01e-02, -6.65e-03, -2.91e-03, -4.12e-03]
58300 [6.16e-02, 1.59e-01, 4.39e-01, 4.27e-02, 4.82e-05, -7.97e-02, 3.93e-01, 8.03e-02, 9.05e-03, -2.89e-03, 1.60e-03]
58400 [-1.83e-02, 1.52e-01, 2.42e-01, 3.78e-02, 5.86e-03, -3.82e-03, 3.93e-01, 8.20e-02, -5.60e-02, -4.94e-04, -3.02e-02]
58500 [-4.38e-02, 1.72e-01, 3.44e-01, 1.13e-02, 2.60e-03, -3.76e-02, 3.93e-01, 7.68e-02, -2.57e-02, -1.02e-02, -2.25e-02]
58600 [-7.80e-02, 1.89e-01, 4.01e-01, -1.09e-02, 5.85e-03, -7.68e-02, 3.93e-01, 7.12e-02, -1.53e-03, -2.98e-03, -8.16e-03]
58700 [-2.02e-02, 1.34e-01, 1.44e-01, -1.12e-01, -1.81e-02, -1.78e-02, 3.93e-01, -2.23e-02, -1.31e-01, 7.66e-04, 1.04e-04]
58800 [-5.56e-02, 1.63e-01, 2.95e-01, -1.25e-01, -1.84e-02, -4.14e-02, 3.93e-01, -3.00e-02, -1.05e-01, -8.00e-03, 6.17e-03]
58900 [-8.93e-02, 1.83e-01, 3.63e-01, -1.31e-01, -3.51e-03, -7.50e-02, 3.93e-01, -3.51e-02, -8.99e-02, 2.56e-02, 1.70e-02]
59000 [3.82e-02, 1.80e-01, 2.03e-01, 1.83e-02, 4.27e-02, 4.64e-02, 3.93e-01, 2.37e-02, -7.28e-04, 1.28e-03, 4.57e-02]
59100 [5.42e-02, 2.03e-01, 2.98e-01, 1.72e-02, 4.73e-02, 4.11e-02, 3.93e-01, 2.34e-02, -4.55e-03, 6.63e-03, 4.56e-02]
59200 [7.59e-02, 2.23e-01, 3.30e-01, 1.82e-02, 4.38e-02, 3.82e-02, 3.93e-01, 2.23e-02, -6.65e-03, -4.58e-03, 4.55e-02]
59300 [7.06e-02, 2.38e-01, 3.26e-01, 1.73e-03, 4.83e-03, 3.48e-02, 3.93e-01, 2.23e-02, -1.21e-02, 7.11e-03, 4.55e-02]
59400 [-5.40e-02, 2.35e-01, 2.83e-01, -2.21e-02, 4.97e-03, -4.01e-02, 3.93e-01, 3.64e-02, -1.34e-02, 5.41e-03, 4.82e-02]
59500 [9.22e-03, 2.41e-01, 2.59e-01, 2.86e-02, -7.33e-03, 1.62e-02, 3.93e-01, 3.55e-02, 5.96e-02, 1.45e-02, 5.54e-02]
59600 [8.38e-02, 2.32e-01, 2.52e-01, -7.00e-04, -3.94e-02, 4.19e-02, 3.93e-01, 3.91e-02, -2.29e-02, 1.74e-02, 5.73e-02]
59700 [-5.37e-02, 2.19e-01, 1.47e-01, -1.48e-02, 8.02e-03, -3.61e-02, 3.93e-01, 5.25e-02, -3.07e-03, 1.19e-02, 5.77e-02]
59800 [-8.62e-02, 2.43e-01, 3.12e-01, -1.23e-02, -6.19e-05, -6.46e-02, 3.93e-01, 4.66e-02, 1.70e-02, 2.95e-03, 6.21e-02]
59900 [7.09e-02, 1.54e-01, 1.31e-01, -7.41e-02, 2.74e-02, -3.76e-02, 3.93e-01, 4.36e-02, -1.43e-02, -9.12e-03, 7.09e-02]
60000 [1.01e-01, 1.89e-01, 2.92e-01, -6.93e-02, 7.29e-03, -5.16e-02, 3.93e-01, 4.40e-02, -2.89e-03, -4.79e-03, 7.26e-02]
60000 [1.01e-01, 1.89e-01, 2.92e-01, -6.93e-02, 7.29e-03, -5.16e-02, 3.93e-01, 4.40e-02, -2.89e-03, -4.79e-03, 7.26e-02]
60100 [-1.70e-03, 8.53e-02, 1.96e-01, -4.31e-02, 1.46e-02, 5.40e-02, 3.40e-01, -1.68e-02, -4.60e-02, 1.83e-02, 1.17e-02]
60200 [-2.89e-03, 1.02e-01, 2.25e-01, -4.47e-02, 1.45e-02, 5.29e-02, 3.40e-01, -1.68e-02, -4.39e-02, 1.80e-02, 1.17e-02]
60300 [-1.45e-02, 1.42e-01, 2.54e-01, -4.69e-02, 1.46e-02, 5.17e-02, 3.40e-01, -1.69e-02, -4.18e-02, 1.77e-02, 1.17e-02]
60400 [-5.06e-02, 1.78e-01, 2.76e-01, -4.89e-02, 1.47e-02, 5.00e-02, 3.40e-01, -1.71e-02, -4.01e-02, 1.76e-02, 1.17e-02]
60500 [-1.14e-01, 2.09e-01, 2.86e-01, -4.53e-02, 1.45e-02, 4.75e-02, 3.40e-01, -1.74e-02, -4.13e-02, 1.76e-02, 1.16e-02]
60600 [-4.34e-02, 2.36e-01, 2.90e-01, -9.21e-03, 1.42e-02, 4.46e-02, 3.40e-01, -1.64e-02, -4.44e-02, 1.70e-02, 1.16e-02]
60700 [-1.22e-01, 2.65e-01, 2.99e-01, -9.34e-03, 1.42e-02, 4.12e-02, 3.40e-01, -1.66e-02, -4.32e-02, 1.60e-02, 1.16e-02]
60800 [2.11e-02, 2.73e-01, 2.67e-01, 7.57e-03, 1.38e-02, 3.18e-02, 3.40e-01, -1.42e-02, -5.21e-02, 1.45e-02, 1.17e-02]
60900 [1.24e-02, 3.06e-01, 3.03e-01, 4.75e-03, 1.43e-02, 2.99e-02, 3.40e-01, -1.42e-02, -4.69e-02, 1.27e-02, 1.17e-02]
61000 [-5.38e-03, 3.38e-01, 3.28e-01, -4.34e-05, 1.48e-02, 2.66e-02, 3.40e-01, -1.43e-02, -4.08e-02, 1.10e-02, 1.18e-02]
61100 [-4.29e-02, 3.69e-01, 3.43e-01, -6.53e-03, 1.52e-02, 2.13e-02, 3.40e-01, -1.47e-02, -3.51e-02, 9.58e-03, 1.18e-02]
61200 [-9.68e-02, 3.99e-01, 3.47e-01, -8.48e-03, 1.53e-02, 1.35e-02, 3.40e-01, -1.49e-02, -3.42e-02, 8.27e-03, 1.20e-02]
61300 [-4.49e-02, 6.27e-02, 1.79e-01, 6.82e-02, 1.73e-02, -8.77e-03, 3.40e-01, -1.77e-03, -4.95e-02, 5.16e-03, 1.34e-02]
61400 [-7.86e-02, 1.21e-01, 2.60e-01, 4.34e-02, 1.96e-02, -1.54e-02, 3.40e-01, -4.66e-03, -2.26e-02, 1.33e-03, 1.46e-02]
61500 [-1.07e-01, 1.62e-01, 2.97e-01, 3.02e-02, 2.10e-02, -2.47e-02, 3.40e-01, -6.37e-03, -6.25e-03, -9.25e-04, 1.58e-02]
61600 [-1.31e-01, 1.95e-01, 3.17e-01, 2.65e-02, 2.16e-02, -3.57e-02, 3.40e-01, -6.16e-03, -8.05e-04, -2.28e-03, 1.70e-02]
61700 [2.90e-02, 2.26e-01, 3.23e-01, 7.04e-02, 2.07e-02, -8.88e-03, 3.40e-01, -3.10e-03, 2.18e-02, -2.53e-03, 1.78e-02]
61800 [1.63e-02, 2.57e-01, 3.59e-01, 6.47e-02, 2.10e-02, -1.70e-02, 3.40e-01, -3.48e-03, 2.81e-02, -2.44e-03, 1.79e-02]
61900 [-3.37e-03, 2.84e-01, 3.86e-01, 5.54e-02, 2.17e-02, -2.99e-02, 3.40e-01, -4.33e-03, 3.73e-02, -3.03e-03, 1.83e-02]
62000 [-3.00e-02, 3.08e-01, 4.09e-01, 4.48e-02, 2.26e-02, -4.71e-02, 3.40e-01, -5.41e-03, 4.46e-02, -4.15e-03, 1.91e-02]
62100 [-1.24e-02, 3.06e-01, 3.55e-01, 2.52e-02, -5.82e-03, 2.15e-02, 3.40e-01, -6.03e-03, -6.70e-03, 1.35e-03, 2.04e-02]
62200 [-3.36e-02, 3.32e-01, 3.64e-01, 1.84e-02, -4.96e-03, 9.11e-03, 3.40e-01, -6.65e-03, -1.80e-03, 5.35e-04, 2.05e-02]
62300 [-6.51e-02, 3.60e-01, 3.73e-01, 1.42e-02, -4.50e-03, -8.32e-03, 3.40e-01, -7.22e-03, 9.37e-04, -4.50e-04, 2.09e-02]
62400 [1.87e-04, 3.43e-01, 3.27e-01, 2.77e-02, 1.16e-03, -5.64e-03, 3.40e-01, -6.50e-03, 1.14e-02, -2.69e-04, 2.15e-02]
62500 [-3.28e-02, 3.71e-01, 3.68e-01, 1.88e-02, 1.73e-03, -2.24e-02, 3.40e-01, -7.50e-03, 2.00e-02, -1.04e-03, 2.18e-02]
62600 [-6.08e-02, 2.38e-01, 7.34e-02, 8.95e-02, 2.67e-03, -2.99e-02, 3.40e-01, 3.70e-02, 1.24e-02, 1.52e-03, 1.36e-02]
62700 [-7.03e-02, 2.70e-01, 2.49e-01, 6.41e-02, -1.86e-03, -3.55e-02, 3.40e-01, 3.86e-02, 8.29e-02, 8.84e-04, 1.51e-02]
62800 [-1.05e-01, 3.10e-01, 3.23e-01, 6.17e-02, -4.72e-04, -5.33e-02, 3.40e-01, 3.87e-02, 7.85e-02, -3.18e-03, 1.62e-02]
62900 [5.11e-02, 2.48e-01, 2.10e-01, -4.52e-02, -3.41e-07, 3.04e-02, 3.40e-01, 3.01e-02, -2.67e-02, -3.17e-03, 1.71e-02]
63000 [6.53e-02, 2.95e-01, 3.03e-01, -3.90e-02, 6.29e-04, 3.01e-02, 3.40e-01, 2.96e-02, -2.33e-02, 7.04e-04, 1.71e-02]
63100 [8.14e-02, 3.34e-01, 3.36e-01, -3.23e-02, -2.84e-04, 2.94e-02, 3.40e-01, 2.89e-02, -2.06e-02, -1.55e-04, 1.71e-02]
63200 [-2.47e-02, 2.40e-01, 1.81e-01, -3.15e-02, 1.40e-04, -9.20e-03, 3.40e-01, 2.82e-02, -1.93e-02, -1.53e-04, 1.74e-02]
63300 [-5.63e-02, 2.83e-01, 3.10e-01, -3.38e-02, -4.27e-05, -2.50e-02, 3.40e-01, 2.55e-02, -3.08e-03, 1.31e-03, 1.75e-02]
63400 [7.29e-02, 2.37e-01, 1.03e-01, -3.42e-02, 2.12e-03, 4.85e-02, 3.40e-01, 3.01e-02, -8.63e-02, -6.06e-04, 7.44e-03]
63500 [-7.75e-02, 2.75e-01, 2.62e-01, -3.42e-02, 3.26e-03, -4.03e-02, 3.40e-01, 3.01e-02, 9.76e-03, -5.00e-04, -3.40e-03]
63600 [8.13e-02, 2.20e-01, 8.89e-02, -4.17e-02, 2.20e-04, 3.38e-02, 3.40e-01, 3.70e-02, -6.95e-02, 2.09e-03, -1.81e-02]
63700 [9.09e-02, 2.80e-01, 2.65e-01, -6.10e-02, 9.84e-04, 2.12e-02, 3.40e-01, 3.68e-02, -4.94e-02, 2.54e-03, -2.01e-02]
63800 [-6.31e-02, 1.89e-01, 8.42e-02, 2.14e-02, -1.72e-03, -2.08e-02, 3.40e-01, 3.58e-02, -1.22e-02, -3.84e-03, -1.95e-02]
63900 [-7.55e-02, 2.58e-01, 2.74e-01, 2.42e-02, 1.94e-04, -2.93e-02, 3.40e-01, 2.85e-02, 4.59e-02, -6.59e-03, -1.70e-02]
64000 [8.06e-02, 2.14e-01, 1.51e-01, 1.80e-02, 1.49e-04, 5.80e-02, 3.40e-01, 2.88e-02, -1.83e-02, -7.20e-03, -1.57e-02]
64100 [-4.50e-02, 2.32e-01, 1.81e-01, -4.75e-02, 8.69e-03, -3.88e-02, 3.40e-01, 2.87e-02, -4.26e-03, -2.61e-03, -1.63e-02]
64200 [-9.23e-02, 2.91e-01, 3.22e-01, -2.46e-02, 5.98e-03, -6.41e-02, 3.40e-01, 2.74e-02, 2.79e-02, 4.79e-03, -1.54e-02]
64300 [6.36e-02, 2.13e-01, 2.39e-01, -4.03e-02, 1.24e-03, 2.52e-03, 3.40e-01, 2.71e-02, -1.04e-01, -1.15e-02, 1.19e-02]
64400 [8.76e-02, 2.81e-01, 3.24e-01, -2.41e-02, 1.53e-03, -5.83e-03, 3.40e-01, 2.56e-02, -8.80e-02, -4.91e-03, 1.22e-02]
64500 [-6.01e-02, 1.93e-01, 1.60e-01, -6.70e-02, -7.54e-03, 5.78e-03, 3.40e-01, 2.69e-02, -5.58e-02, -4.38e-03, 1.29e-02]
64600 [-8.97e-02, 2.72e-01, 3.06e-01, -4.27e-02, -1.03e-03, -2.63e-02, 3.40e-01, 2.13e-02, -4.04e-02, 8.63e-05, 1.50e-02]
64700 [1.04e-01, 2.24e-01, 1.98e-01, 3.57e-02, 1.64e-04, 2.75e-02, 3.40e-01, 2.99e-02, -7.24e-03, 2.76e-02, -3.31e-03]
64800 [-9.91e-02, 2.40e-01, 2.37e-01, -5.16e-02, -2.23e-02, -4.05e-02, 3.40e-01, 4.15e-02, -5.12e-03, 2.68e-02, -6.80e-03]
64900 [8.68e-02, 2.08e-01, 2.01e-01, 5.80e-02, 5.91e-02, 5.67e-02, 3.40e-01, 4.92e-02, -3.68e-02, 6.23e-03, -7.25e-03]
65000 [-9.03e-02, 1.60e-01, 1.66e-01, -6.26e-02, -8.92e-03, -5.95e-02, 3.40e-01, 4.76e-02, 6.59e-02, 1.07e-03, -1.95e-03]
65100 [7.62e-02, 1.99e-01, 1.91e-01, 3.49e-02, 3.29e-03, 5.30e-02, 3.40e-01, 5.20e-02, -5.54e-02, 9.19e-03, -1.26e-02]
65200 [2.26e-02, 2.76e-01, 2.17e-01, -2.15e-02, 4.86e-03, 7.35e-03, 3.40e-01, 4.69e-02, -9.40e-02, 1.36e-03, -1.28e-02]
65300 [3.73e-02, 1.32e-01, 1.34e-02, -9.89e-02, 3.32e-02, -3.69e-02, 3.40e-01, 3.87e-02, -1.99e-01, 4.94e-04, -1.28e-02]
65400 [-1.20e-01, 2.51e-01, 2.31e-01, 1.03e-01, -3.54e-02, -3.31e-02, 3.40e-01, 6.88e-02, 1.54e-01, -1.34e-02, -1.97e-02]
65500 [-2.45e-02, 2.51e-01, 2.14e-01, 1.68e-02, -6.28e-03, -3.01e-02, 3.40e-01, 6.94e-02, 1.07e-01, 2.57e-02, -1.85e-02]
65600 [-6.44e-02, 3.45e-01, 3.44e-01, 2.35e-02, 1.91e-04, -5.83e-02, 3.40e-01, 6.77e-02, 9.07e-02, 4.87e-03, -2.17e-02]
65700 [-8.48e-02, 3.04e-01, 3.53e-01, 3.03e-02, 9.81e-03, -6.47e-02, 3.40e-01, 7.52e-02, 6.22e-02, -5.40e-03, -1.79e-02]
65800 [1.95e-02, 1.77e-01, 2.35e-01, 1.30e-02, 1.02e-02, 4.53e-02, 3.40e-01, 7.94e-02, 3.72e-03, 3.64e-03, -1.47e-02]
65900 [1.91e-02, 3.18e-01, 3.40e-01, 1.05e-02, 9.66e-04, 3.74e-02, 3.40e-01, 7.94e-02, 6.59e-03, 3.91e-03, -1.48e-02]
66000 [1.24e-02, 3.92e-01, 3.62e-01, 7.35e-03, 2.50e-03, 2.24e-02, 3.40e-01, 7.91e-02, 1.03e-02, 5.81e-03, -1.48e-02]
66100 [-1.66e-02, 2.47e-01, 3.70e-01, -2.20e-03, -1.81e-04, -2.03e-02, 3.40e-01, 7.51e-02, 1.45e-02, 1.68e-03, -1.46e-02]
66200 [-4.09e-02, 2.71e-01, 3.59e-01, -1.03e-02, 1.78e-03, -4.28e-02, 3.40e-01, 7.03e-02, 1.92e-02, -1.55e-03, -1.08e-02]
66300 [-7.09e-03, 1.82e-01, 1.98e-01, 6.74e-03, 2.23e-03, 1.45e-02, 3.40e-01, 7.14e-02, 1.61e-02, 5.38e-03, -8.71e-03]
66400 [-3.49e-02, 2.01e-01, 2.63e-01, -3.53e-03, 8.20e-05, 1.00e-02, 3.40e-01, 6.58e-02, 2.56e-02, 5.09e-04, -8.82e-03]
66500 [-6.38e-02, 1.96e-01, 2.70e-01, 4.02e-04, -4.79e-03, 7.23e-03, 3.40e-01, 6.25e-02, 2.81e-02, 6.72e-03, -9.08e-03]
66600 [1.87e-04, 1.02e-01, 4.54e-02, -2.70e-02, -4.40e-03, 8.10e-03, 3.40e-01, 5.88e-02, 3.52e-02, -7.71e-05, -9.26e-03]
66700 [-3.24e-02, 1.15e-01, 1.80e-01, -4.55e-02, -1.47e-03, 8.89e-03, 3.40e-01, 4.92e-02, 3.79e-02, 1.44e-02, -1.01e-02]
66800 [-6.44e-02, 9.88e-02, 2.19e-01, -4.34e-02, -1.42e-02, 1.54e-02, 3.40e-01, 3.68e-02, 3.80e-02, 1.73e-02, -1.09e-02]
66900 [-5.32e-03, 8.60e-02, 2.06e-01, 2.73e-02, -7.43e-04, -8.03e-03, 3.40e-01, 3.38e-02, 1.14e-02, -4.25e-04, -1.13e-02]
67000 [-3.91e-02, 7.76e-02, 2.51e-01, -3.86e-03, 1.75e-03, -5.57e-03, 3.40e-01, 1.95e-02, 3.44e-02, -1.60e-04, -1.11e-02]
67100 [2.94e-02, 7.88e-02, 6.29e-02, -1.85e-02, -2.79e-02, -1.63e-02, 3.40e-01, 2.05e-02, -2.03e-02, 1.60e-03, -1.13e-02]
67200 [1.96e-02, 7.18e-02, 1.87e-01, -3.67e-02, -1.65e-02, -1.42e-02, 3.40e-01, 1.96e-02, 7.00e-03, -4.40e-04, -1.12e-02]
67300 [4.89e-03, 5.95e-02, 2.45e-01, -5.78e-02, 1.51e-03, -1.35e-02, 3.40e-01, 1.75e-02, 3.05e-02, 1.97e-03, -1.13e-02]
67400 [-4.74e-03, 5.12e-02, 1.29e-01, -7.26e-02, -1.83e-03, 1.73e-02, 3.40e-01, 1.28e-02, -4.14e-02, 4.92e-03, -1.54e-02]
67500 [-8.15e-02, 4.50e-03, 1.15e-01, 1.67e-02, 1.17e-01, -6.84e-02, 3.32e-01, -1.94e-01, 2.88e-01, 7.74e-02, -4.23e-02]
67600 [-4.58e-02, 3.22e-02, -1.72e-01, 8.05e-02, -1.29e-01, -2.90e-02, 3.21e-01, 9.85e-02, 1.56e-02, -5.55e-02, 1.30e-01]
67700 [-4.80e-02, 3.31e-02, -1.27e-01, 7.77e-02, -1.28e-01, -2.95e-02, 3.21e-01, 9.84e-02, 1.88e-02, -4.82e-02, 1.30e-01]
67800 [-5.05e-02, 2.60e-02, -8.85e-02, 7.44e-02, -1.28e-01, -3.02e-02, 3.21e-01, 9.82e-02, 2.22e-02, -4.23e-02, 1.30e-01]
67900 [-5.31e-02, 1.94e-02, -5.10e-02, 7.06e-02, -1.28e-01, -3.09e-02, 3.21e-01, 9.80e-02, 2.58e-02, -3.74e-02, 1.30e-01]
68000 [-5.60e-02, 1.51e-02, -1.49e-02, 6.64e-02, -1.29e-01, -3.18e-02, 3.21e-01, 9.78e-02, 2.98e-02, -3.33e-02, 1.30e-01]
68100 [-5.91e-02, 1.18e-02, 1.87e-02, 6.21e-02, -1.29e-01, -3.28e-02, 3.21e-01, 9.75e-02, 3.39e-02, -2.97e-02, 1.30e-01]
68200 [-6.22e-02, 8.58e-03, 4.96e-02, 5.76e-02, -1.29e-01, -3.40e-02, 3.21e-01, 9.72e-02, 3.80e-02, -2.66e-02, 1.30e-01]
68300 [-6.55e-02, 5.34e-03, 7.78e-02, 5.32e-02, -1.29e-01, -3.54e-02, 3.21e-01, 9.69e-02, 4.22e-02, -2.38e-02, 1.30e-01]
68400 [-6.88e-02, 2.00e-03, 1.04e-01, 4.88e-02, -5.76e-02, -3.69e-02, 3.21e-01, 9.66e-02, 4.61e-02, -1.02e-02, 1.30e-01]
68500 [-7.21e-02, -1.28e-03, 1.28e-01, 4.47e-02, -3.57e-02, -3.87e-02, 3.21e-01, 9.63e-02, 5.01e-02, -1.16e-02, 1.30e-01]
68600 [-7.55e-02, -4.05e-03, 1.50e-01, 4.10e-02, -3.56e-02, -4.07e-02, 3.21e-01, 9.60e-02, 5.38e-02, -1.25e-02, 1.30e-01]
68700 [-7.90e-02, -5.87e-03, 1.71e-01, 3.79e-02, 1.09e-02, -4.30e-02, 3.21e-01, 9.57e-02, 5.72e-02, -1.25e-02, 1.30e-01]
68800 [-8.24e-02, -6.39e-03, 1.91e-01, 3.52e-02, 1.08e-02, -4.57e-02, 3.21e-01, 9.55e-02, 6.05e-02, -1.22e-02, 1.30e-01]
68900 [-8.58e-02, -4.41e-03, 2.10e-01, 3.30e-02, 1.06e-02, -4.88e-02, 3.21e-01, 9.53e-02, 6.34e-02, -1.16e-02, 1.30e-01]
69000 [-8.93e-02, -1.75e-04, 2.29e-01, 3.12e-02, -4.79e-03, -5.24e-02, 3.21e-01, 9.52e-02, 6.60e-02, -4.06e-03, 1.30e-01]
69100 [-9.27e-02, 2.01e-03, 2.47e-01, 2.99e-02, -4.77e-03, -5.66e-02, 3.21e-01, 9.50e-02, 6.84e-02, -6.56e-03, 1.30e-01]
69200 [-9.28e-02, 3.61e-03, 2.28e-01, 2.87e-02, -4.74e-03, -4.61e-02, 3.21e-01, 9.50e-02, 6.92e-02, -7.38e-03, 1.30e-01]
69300 [-9.54e-02, 4.89e-03, 2.41e-01, 2.79e-02, 1.01e-03, -4.62e-02, 3.21e-01, 9.48e-02, 7.05e-02, 4.15e-03, 1.31e-01]
69400 [-8.66e-02, 5.84e-03, 1.70e-01, 2.59e-02, 6.53e-04, -1.86e-02, 3.21e-01, 9.47e-02, 6.96e-02, -4.28e-03, 1.31e-01]
69500 [-9.14e-02, 4.23e-03, 2.06e-01, 2.46e-02, -4.58e-04, -1.97e-02, 3.21e-01, 9.44e-02, 7.05e-02, -4.13e-03, 1.31e-01]
69600 [-8.20e-02, 5.17e-03, 1.56e-01, 2.33e-02, -9.99e-04, -9.42e-03, 3.21e-01, 9.41e-02, 7.10e-02, -5.77e-03, 1.31e-01]
69700 [-8.76e-02, 3.14e-03, 2.00e-01, 2.14e-02, 6.25e-04, -8.59e-03, 3.21e-01, 9.37e-02, 7.11e-02, -2.20e-03, 1.31e-01]
69800 [-3.81e-02, 1.78e-02, -1.70e-02, 1.87e-02, 9.05e-04, 5.88e-03, 3.21e-01, 9.29e-02, 6.19e-02, 1.83e-03, 1.31e-01]
69900 [-4.80e-02, 5.49e-03, 7.24e-02, 9.94e-03, 2.66e-04, 1.02e-02, 3.21e-01, 9.18e-02, 6.04e-02, 1.65e-03, 1.31e-01]
70000 [-5.65e-02, 8.85e-04, 1.38e-01, 3.20e-03, -2.21e-04, 1.47e-02, 3.21e-01, 9.10e-02, 5.91e-02, -1.95e-03, 1.31e-01]
