# step, loss_train, loss_test, metrics_test
0.000000000000000000e+00 3.401497062573814040e-02 4.533993132138179789e-03 1.917583101377110747e-04 1.000000000000000000e+00 2.250000000000000000e+00 2.250000000000000000e+00 8.554997040540480990e-02 8.476992869240375372e-02 3.158950016781676862e+00 3.401497062573814040e-02 4.533993132138179789e-03 1.917583101377110747e-04 1.000000000000000000e+00 2.250000000000000000e+00 2.250000000000000000e+00 8.554997040540480990e-02 8.476992869240375372e-02 3.158950016781676862e+00
7.000000000000000000e+02 7.559343785949679956e-03 7.433396592862579443e-03 4.433935952152020382e-03 4.622701724689119371e-03 4.963463473971836595e-04 2.949818030570737409e-05 7.648298386988704092e-04 6.381989750281899347e-03 1.580180315781094618e-04 7.559343785949679956e-03 7.433396592862579443e-03 4.433935952152020382e-03 4.622701724689119371e-03 4.963463473971836595e-04 2.949818030570737409e-05 7.648298386988704092e-04 6.381989750281899347e-03 1.580180315781094618e-04
1.400000000000000000e+03 9.269794220739317704e-04 6.499204400148516497e-03 2.057482644531997019e-03 7.503257521680884573e-05 2.827903281635200071e-04 3.298232056577661157e-05 1.025541135109732903e-03 4.929601988698685891e-03 1.336051397949252211e-04 9.269794220739317704e-04 6.499204400148516497e-03 2.057482644531997019e-03 7.503257521680884573e-05 2.827903281635200071e-04 3.298232056577661157e-05 1.025541135109732903e-03 4.929601988698685891e-03 1.336051397949252211e-04
2.100000000000000000e+03 4.283361521573899591e-04 4.751295924755929816e-03 1.275346740423911537e-03 4.875809360525003262e-05 1.682017078296518093e-04 2.784674967603089290e-05 7.930800264741695799e-04 3.412998103243045176e-03 7.336351268358657903e-05 4.283361521573899591e-04 4.751295924755929816e-03 1.275346740423911537e-03 4.875809360525003262e-05 1.682017078296518093e-04 2.784674967603089290e-05 7.930800264741695799e-04 3.412998103243045176e-03 7.336351268358657903e-05
2.800000000000000000e+03 2.925656380469702947e-04 2.935584241585858720e-03 8.367543019382784079e-04 3.102403910595850212e-05 8.074309598055291488e-05 2.360468289285795005e-05 5.822170024340830993e-04 2.121415948286492926e-03 8.617685411996802651e-05 2.925656380469702947e-04 2.935584241585858720e-03 8.367543019382784079e-04 3.102403910595850212e-05 8.074309598055291488e-05 2.360468289285795005e-05 5.822170024340830993e-04 2.121415948286492926e-03 8.617685411996802651e-05
3.500000000000000000e+03 2.620764997338557805e-04 1.406460595886257440e-03 4.713686541469061346e-04 1.930747339559312165e-05 2.885382927952997051e-05 1.533219153268189426e-05 4.488010878891257474e-04 1.124430471675891751e-03 9.066362885423121659e-05 2.620764997338557805e-04 1.406460595886257440e-03 4.713686541469061346e-04 1.930747339559312165e-05 2.885382927952997051e-05 1.533219153268189426e-05 4.488010878891257474e-04 1.124430471675891751e-03 9.066362885423121659e-05
4.200000000000000000e+03 1.877265355093096506e-04 5.697770727457671363e-04 1.837047290671396963e-04 1.584614785749153667e-05 9.390012492008754813e-06 5.810914270780495985e-06 4.438887721132691298e-04 4.628970985699671129e-04 7.999707582292695722e-05 1.877265355093096506e-04 5.697770727457671363e-04 1.837047290671396963e-04 1.584614785749153667e-05 9.390012492008754813e-06 5.810914270780495985e-06 4.438887721132691298e-04 4.628970985699671129e-04 7.999707582292695722e-05
4.900000000000000000e+03 1.129627208946028493e-04 2.912986231580166722e-04 8.633804797431523397e-05 1.369732422914748181e-05 2.938353849842850599e-06 2.027652649344494813e-06 4.885064968595057835e-04 1.616158252097135402e-04 7.001899897229489286e-05 1.129627208946028493e-04 2.912986231580166722e-04 8.633804797431523397e-05 1.369732422914748181e-05 2.938353849842850599e-06 2.027652649344494813e-06 4.885064968595057835e-04 1.616158252097135402e-04 7.001899897229489286e-05
5.600000000000000000e+03 8.661953575307533180e-05 1.810454483862560069e-04 5.736459904011956669e-05 1.237492692894029482e-05 9.291592260664355881e-07 1.043956067911899431e-06 5.052843657421364964e-04 6.112241941716644526e-05 5.643134930995327253e-05 8.661953575307533180e-05 1.810454483862560069e-04 5.736459904011956669e-05 1.237492692894029482e-05 9.291592260664355881e-07 1.043956067911899431e-06 5.052843657421364964e-04 6.112241941716644526e-05 5.643134930995327253e-05
6.300000000000000000e+03 9.064447039240065786e-05 1.325479356670615744e-04 3.754566443155619548e-05 1.454582912002945589e-05 1.103666382982513049e-06 5.827670588575159247e-07 4.934431946197717807e-04 3.731748043256829633e-05 3.869520209505291307e-05 9.064447039240065786e-05 1.325479356670615744e-04 3.754566443155619548e-05 1.454582912002945589e-05 1.103666382982513049e-06 5.827670588575159247e-07 4.934431946197717807e-04 3.731748043256829633e-05 3.869520209505291307e-05
7.000000000000000000e+03 8.734016352344408090e-05 7.675626896012197769e-05 2.337187150008880395e-05 1.196269698097029688e-05 7.564214859199600289e-08 3.416089069461106045e-07 4.629694288645131079e-04 1.469266766126780244e-05 3.111479843032662887e-05 8.734016352344408090e-05 7.675626896012197769e-05 2.337187150008880395e-05 1.196269698097029688e-05 7.564214859199600289e-08 3.416089069461106045e-07 4.629694288645131079e-04 1.469266766126780244e-05 3.111479843032662887e-05
7.700000000000000000e+03 9.096762425807443061e-05 5.752095034008339314e-05 1.584141355737523095e-05 1.326606789264876786e-05 1.584222920841892131e-07 1.824943863979059462e-07 4.419790190727488103e-04 1.001885871678530084e-05 2.492986688973179032e-05 9.096762425807443061e-05 5.752095034008339314e-05 1.584141355737523095e-05 1.326606789264876786e-05 1.584222920841892131e-07 1.824943863979059462e-07 4.419790190727488103e-04 1.001885871678530084e-05 2.492986688973179032e-05
8.400000000000000000e+03 9.456830593175710698e-05 4.471911577890864655e-05 1.181201403380848969e-05 1.041871262164885246e-05 1.351213095290931404e-07 9.368028272902389980e-08 4.298040747101842672e-04 8.369603747858667391e-06 2.608924187548394336e-05 9.456830593175710698e-05 4.471911577890864655e-05 1.181201403380848969e-05 1.041871262164885246e-05 1.351213095290931404e-07 9.368028272902389980e-08 4.298040747101842672e-04 8.369603747858667391e-06 2.608924187548394336e-05
9.100000000000000000e+03 8.908712859891533954e-05 3.675912102832191801e-05 9.374039387873656247e-06 1.181181258508262843e-05 9.129951237519045497e-09 3.990741676963144863e-08 4.210544659366954466e-04 6.452941356546607480e-06 2.424176223476471378e-05 8.908712859891533954e-05 3.675912102832191801e-05 9.374039387873656247e-06 1.181181258508262843e-05 9.129951237519045497e-09 3.990741676963144863e-08 4.210544659366954466e-04 6.452941356546607480e-06 2.424176223476471378e-05
9.800000000000000000e+03 8.994994222971596453e-05 3.382353095122844983e-05 7.441435201398410123e-06 1.011980035489840326e-05 3.527121032101280079e-07 9.203476742609388083e-09 4.174695758061996607e-04 7.505522772900966487e-06 2.544044039583736542e-05 8.994994222971596453e-05 3.382353095122844983e-05 7.441435201398410123e-06 1.011980035489840326e-05 3.527121032101280079e-07 9.203476742609388083e-09 4.174695758061996607e-04 7.505522772900966487e-06 2.544044039583736542e-05
1.050000000000000000e+04 8.731968178847884527e-05 3.479276411816052510e-05 6.184761740453123002e-06 1.514860223888660799e-05 5.087087936472101685e-07 5.914295651977113034e-09 4.123877700404363165e-04 1.022279903739994565e-05 2.181866807891091154e-05 8.731968178847884527e-05 3.479276411816052510e-05 6.184761740453123002e-06 1.514860223888660799e-05 5.087087936472101685e-07 5.914295651977113034e-09 4.123877700404363165e-04 1.022279903739994565e-05 2.181866807891091154e-05
1.120000000000000000e+04 8.394967342511073843e-05 3.100808065246488235e-05 5.154126021659287005e-06 1.491881449592532246e-05 3.759748886027729386e-07 1.215761503720348213e-09 4.080110527087418924e-04 9.263716949987597530e-06 2.184595514365859792e-05 8.394967342511073843e-05 3.100808065246488235e-05 5.154126021659287005e-06 1.491881449592532246e-05 3.759748886027729386e-07 1.215761503720348213e-09 4.080110527087418924e-04 9.263716949987597530e-06 2.184595514365859792e-05
1.190000000000000000e+04 8.875245784247030954e-05 3.132341126970372252e-05 4.485300869564055060e-06 8.045830011372939107e-06 1.382017475150120320e-06 2.019304596431896110e-09 4.094303215994051079e-04 1.010514104568553315e-05 2.674564157473691234e-05 8.875245784247030954e-05 3.132341126970372252e-05 4.485300869564055060e-06 8.045830011372939107e-06 1.382017475150120320e-06 2.019304596431896110e-09 4.094303215994051079e-04 1.010514104568553315e-05 2.674564157473691234e-05
1.260000000000000000e+04 7.977321115145517686e-05 2.404123882797357101e-05 3.883900361951307073e-06 9.594131055620144021e-06 4.259131558316437251e-07 2.005859905996702418e-09 4.025403381458414107e-04 6.276919742385255814e-06 2.478303045635367276e-05 7.977321115145517686e-05 2.404123882797357101e-05 3.883900361951307073e-06 9.594131055620144021e-06 4.259131558316437251e-07 2.005859905996702418e-09 4.025403381458414107e-04 6.276919742385255814e-06 2.478303045635367276e-05
1.330000000000000000e+04 7.983292057609605631e-05 2.373638589723427349e-05 3.450459997752198170e-06 8.943793542782927272e-06 6.455921074094868213e-07 2.351978016995530966e-09 3.997553060195827316e-04 6.752206132867314438e-06 2.520627369425739811e-05 7.983292057609605631e-05 2.373638589723427349e-05 3.450459997752198170e-06 8.943793542782927272e-06 6.455921074094868213e-07 2.351978016995530966e-09 3.997553060195827316e-04 6.752206132867314438e-06 2.520627369425739811e-05
1.400000000000000000e+04 8.477852322645891146e-05 2.721866398021295696e-05 3.137741494026785304e-06 7.587947480596834753e-06 1.570594016324930885e-06 1.374416921479190661e-09 3.989264884237402227e-04 9.495937058905159277e-06 2.684745298724041914e-05 8.477852322645891146e-05 2.721866398021295696e-05 3.137741494026785304e-06 7.587947480596834753e-06 1.570594016324930885e-06 1.374416921479190661e-09 3.989264884237402227e-04 9.495937058905159277e-06 2.684745298724041914e-05
1.470000000000000000e+04 7.550216490670664041e-05 1.956399457614455467e-05 2.653528465948363402e-06 1.040846744147581854e-05 2.095706454115247638e-07 2.010938491585823294e-09 3.902331843781806672e-04 5.474904923577535916e-06 2.399794134821207152e-05 7.550216490670664041e-05 1.956399457614455467e-05 2.653528465948363402e-06 1.040846744147581854e-05 2.095706454115247638e-07 2.010938491585823294e-09 3.902331843781806672e-04 5.474904923577535916e-06 2.399794134821207152e-05
1.540000000000000000e+04 7.843804891546641428e-05 2.489664498278748876e-05 2.305189638700882356e-06 1.556959677365916868e-05 6.397997662780654548e-07 4.699002502572008490e-09 3.860878810614462044e-04 9.976293463410823044e-06 2.117064388570017529e-05 7.843804891546641428e-05 2.489664498278748876e-05 2.305189638700882356e-06 1.556959677365916868e-05 6.397997662780654548e-07 4.699002502572008490e-09 3.860878810614462044e-04 9.976293463410823044e-06 2.117064388570017529e-05
1.610000000000000000e+04 7.966149754554202004e-05 2.648620036002436853e-05 2.047131492099283432e-06 1.619467381786777882e-05 9.591772117229062886e-07 6.804957228689395503e-09 3.830656533092983485e-04 1.152042402728931244e-05 2.089777988351655799e-05 7.966149754554202004e-05 2.648620036002436853e-05 2.047131492099283432e-06 1.619467381786777882e-05 9.591772117229062886e-07 6.804957228689395503e-09 3.830656533092983485e-04 1.152042402728931244e-05 2.089777988351655799e-05
1.680000000000000000e+04 7.954448417022710015e-05 2.564901912418355787e-05 1.815858697505293316e-06 1.622735121275782968e-05 9.833797983168860009e-07 7.271798186755904402e-09 3.793664490305990664e-04 1.140425769208873990e-05 2.086305898555068319e-05 7.954448417022710015e-05 2.564901912418355787e-05 1.815858697505293316e-06 1.622735121275782968e-05 9.833797983168860009e-07 7.271798186755904402e-09 3.793664490305990664e-04 1.140425769208873990e-05 2.086305898555068319e-05
1.750000000000000000e+04 7.600021520693621944e-05 2.028950885235570028e-05 1.600868116883246950e-06 1.467600335477608871e-05 4.052809399773729527e-07 4.965436891793333947e-09 3.746128648926292737e-04 8.222691322362281634e-06 2.136234691962281322e-05 7.600021520693621944e-05 2.028950885235570028e-05 1.600868116883246950e-06 1.467600335477608871e-05 4.052809399773729527e-07 4.965436891793333947e-09 3.746128648926292737e-04 8.222691322362281634e-06 2.136234691962281322e-05
1.820000000000000000e+04 7.830831450940004641e-05 1.911055262150924766e-05 1.622940787888476994e-06 7.818831777801415957e-06 1.192519941512080794e-06 4.437792131232204649e-09 3.753487729488849765e-04 6.966336416601235499e-06 2.576236248575317344e-05 7.830831450940004641e-05 1.911055262150924766e-05 1.622940787888476994e-06 7.818831777801415957e-06 1.192519941512080794e-06 4.437792131232204649e-09 3.753487729488849765e-04 6.966336416601235499e-06 2.576236248575317344e-05
1.890000000000000000e+04 7.204576253260004302e-05 1.529482135547129352e-05 1.317261882320462715e-06 1.133424622741278956e-05 6.111097834917382537e-10 1.092585199133958492e-08 3.679746846129870936e-04 5.460070706388084101e-06 2.235885662383957590e-05 7.204576253260004302e-05 1.529482135547129352e-05 1.317261882320462715e-06 1.133424622741278956e-05 6.111097834917382537e-10 1.092585199133958492e-08 3.679746846129870936e-04 5.460070706388084101e-06 2.235885662383957590e-05
1.960000000000000000e+04 7.322447350927291777e-05 1.434892559378476411e-05 1.262952671134063045e-06 1.005946554599963678e-05 1.913528017580554969e-07 4.538886452334379307e-09 3.649697380688354136e-04 4.951215927076166887e-06 2.361814499999639148e-05 7.322447350927291777e-05 1.434892559378476411e-05 1.262952671134063045e-06 1.005946554599963678e-05 1.913528017580554969e-07 4.538886452334379307e-09 3.649697380688354136e-04 4.951215927076166887e-06 2.361814499999639148e-05
2.030000000000000000e+04 7.650806152522825112e-05 1.935303448684505681e-05 1.116005124734653426e-06 1.486064979476479586e-05 6.518178321676053142e-07 1.069677894959324016e-08 3.611376605566391537e-04 8.944213761442440145e-06 2.097346560434063618e-05 7.650806152522825112e-05 1.935303448684505681e-05 1.116005124734653426e-06 1.486064979476479586e-05 6.518178321676053142e-07 1.069677894959324016e-08 3.611376605566391537e-04 8.944213761442440145e-06 2.097346560434063618e-05
2.100000000000000000e+04 7.658000521696526242e-05 1.562745168649929729e-05 1.228970782171755310e-06 7.243454500944140926e-06 1.084016750347984750e-06 7.465990784565644425e-09 3.616030456873573808e-04 5.980064040829109444e-06 2.518090576379535336e-05 7.658000521696526242e-05 1.562745168649929729e-05 1.228970782171755310e-06 7.243454500944140926e-06 1.084016750347984750e-06 7.465990784565644425e-09 3.616030456873573808e-04 5.980064040829109444e-06 2.518090576379535336e-05
2.170000000000000000e+04 7.935919035330955492e-05 1.718097538743878095e-05 1.244229005729940339e-06 6.725924840518782010e-06 1.685094183147337295e-06 4.241937907196420962e-09 3.594596987372942229e-04 7.022768976110294731e-06 2.608725514553939006e-05 7.935919035330955492e-05 1.718097538743878095e-05 1.244229005729940339e-06 6.725924840518782010e-06 1.685094183147337295e-06 4.241937907196420962e-09 3.594596987372942229e-04 7.022768976110294731e-06 2.608725514553939006e-05
2.240000000000000000e+04 7.394983935648758659e-05 1.275198708528177620e-05 1.066442066297333965e-06 8.895873255971107073e-06 4.720709701057448002e-07 5.450661622318101344e-09 3.521834714154569086e-04 4.842476247547276173e-06 2.402940809800205342e-05 7.394983935648758659e-05 1.275198708528177620e-05 1.066442066297333965e-06 8.895873255971107073e-06 4.720709701057448002e-07 5.450661622318101344e-09 3.521834714154569086e-04 4.842476247547276173e-06 2.402940809800205342e-05
2.310000000000000000e+04 7.279603621106718408e-05 1.156550994210281150e-05 9.902662601589593627e-07 9.980345241977834394e-06 1.578739014259980548e-07 7.400214153443147269e-09 3.475238652573553748e-04 4.471271363842355905e-06 2.313764831706844198e-05 7.279603621106718408e-05 1.156550994210281150e-05 9.902662601589593627e-07 9.980345241977834394e-06 1.578739014259980548e-07 7.400214153443147269e-09 3.475238652573553748e-04 4.471271363842355905e-06 2.313764831706844198e-05
2.380000000000000000e+04 7.428560121650348662e-05 1.212566994178759741e-05 1.037915131800806745e-06 8.367033887766395727e-06 6.887627344518810653e-07 7.909306833354556115e-09 3.457173945889102629e-04 4.770212076860771667e-06 2.416032503260901151e-05 7.428560121650348662e-05 1.212566994178759741e-05 1.037915131800806745e-06 8.367033887766395727e-06 6.887627344518810653e-07 7.909306833354556115e-09 3.457173945889102629e-04 4.770212076860771667e-06 2.416032503260901151e-05
2.450000000000000000e+04 7.958517725245031153e-05 1.543621460469471498e-05 1.168133604495249592e-06 5.889774612937948109e-06 2.032140007346745176e-06 5.507036738540879450e-09 3.463669382647259747e-04 6.621565182341579971e-06 2.599474866154614708e-05 7.958517725245031153e-05 1.543621460469471498e-05 1.168133604495249592e-06 5.889774612937948109e-06 2.032140007346745176e-06 5.507036738540879450e-09 3.463669382647259747e-04 6.621565182341579971e-06 2.599474866154614708e-05
2.520000000000000000e+04 7.628499829298871014e-05 1.511094302742446932e-05 8.974811950625323734e-07 1.434579435407045069e-05 8.778856982041806734e-07 3.925187754113732011e-09 3.363967890159212117e-04 7.712280680284165209e-06 2.064333955843969726e-05 7.628499829298871014e-05 1.511094302742446932e-05 8.974811950625323734e-07 1.434579435407045069e-05 8.778856982041806734e-07 3.925187754113732011e-09 3.363967890159212117e-04 7.712280680284165209e-06 2.064333955843969726e-05
2.590000000000000000e+04 7.636439088853310580e-05 1.251637346264884059e-05 1.084178908876347560e-06 6.816617096140897429e-06 1.536450008439485321e-06 9.933383764304337796e-09 3.369148743642839451e-04 5.243192516528665876e-06 2.494848570895605912e-05 7.636439088853310580e-05 1.251637346264884059e-05 1.084178908876347560e-06 6.816617096140897429e-06 1.536450008439485321e-06 9.933383764304337796e-09 3.369148743642839451e-04 5.243192516528665876e-06 2.494848570895605912e-05
2.660000000000000000e+04 7.513496665224806326e-05 1.324355292240024492e-05 8.904593955508415894e-07 1.362291149826607045e-05 7.370598986130440240e-07 4.164735803201449261e-09 3.287060299309017852e-04 6.811080705161041812e-06 2.057140026845117274e-05 7.513496665224806326e-05 1.324355292240024492e-05 8.904593955508415894e-07 1.362291149826607045e-05 7.370598986130440240e-07 4.164735803201449261e-09 3.287060299309017852e-04 6.811080705161041812e-06 2.057140026845117274e-05
2.730000000000000000e+04 7.259265668839559572e-05 9.226546469616756445e-06 9.755719345858601527e-07 8.535035227071262163e-06 4.591521450402198020e-07 8.804846726725797824e-09 3.262547966377534825e-04 3.852795002980347527e-06 2.314762174244670864e-05 7.259265668839559572e-05 9.226546469616756445e-06 9.755719345858601527e-07 8.535035227071262163e-06 4.591521450402198020e-07 8.804846726725797824e-09 3.262547966377534825e-04 3.852795002980347527e-06 2.314762174244670864e-05
2.800000000000000000e+04 7.820662719348225227e-05 1.267037593844328582e-05 1.193240125426784790e-06 5.375635196847331973e-06 2.278281560097835995e-06 6.545573313377005208e-09 3.270901787733887121e-04 5.517070392978673132e-06 2.532882057172645171e-05 7.820662719348225227e-05 1.267037593844328582e-05 1.193240125426784790e-06 5.375635196847331973e-06 2.278281560097835995e-06 6.545573313377005208e-09 3.270901787733887121e-04 5.517070392978673132e-06 2.532882057172645171e-05
2.870000000000000000e+04 7.783666379648944617e-05 1.216012163360534550e-05 1.240566227981578436e-06 5.381839187947989783e-06 2.366385688275956218e-06 7.187893969941557400e-09 3.226262011247857278e-04 5.270004897051427417e-06 2.520170781562767144e-05 7.783666379648944617e-05 1.216012163360534550e-05 1.240566227981578436e-06 5.381839187947989783e-06 2.366385688275956218e-06 7.187893969941557400e-09 3.226262011247857278e-04 5.270004897051427417e-06 2.520170781562767144e-05
2.940000000000000000e+04 7.768167022617476119e-05 1.317573753622686477e-05 1.108398535143080519e-06 1.500274706830533802e-05 1.431342936228083805e-06 7.630106882993105885e-09 3.116319325752714940e-04 7.214333029610023776e-06 1.987798715308145193e-05 7.768167022617476119e-05 1.317573753622686477e-05 1.108398535143080519e-06 1.500274706830533802e-05 1.431342936228083805e-06 7.630106882993105885e-09 3.116319325752714940e-04 7.214333029610023776e-06 1.987798715308145193e-05
3.010000000000000000e+04 7.375826460473419526e-05 9.162094532210004861e-06 1.162572939847027952e-06 1.281635097974594546e-05 3.855125983976652564e-07 7.851711087334109864e-09 3.062420246720139703e-04 4.723778873795797942e-06 2.037523258831719120e-05 7.375826460473419526e-05 9.162094532210004861e-06 1.162572939847027952e-06 1.281635097974594546e-05 3.855125983976652564e-07 7.851711087334109864e-09 3.062420246720139703e-04 4.723778873795797942e-06 2.037523258831719120e-05
3.080000000000000000e+04 7.723654594491659775e-05 1.198710182030745370e-05 1.359666329336627645e-06 1.476998665991212323e-05 1.431404408201748499e-06 7.071308792289000913e-09 3.018962338827560553e-04 6.483330713145417941e-06 1.973962521983476195e-05 7.723654594491659775e-05 1.198710182030745370e-05 1.359666329336627645e-06 1.476998665991212323e-05 1.431404408201748499e-06 7.071308792289000913e-09 3.018962338827560553e-04 6.483330713145417941e-06 1.973962521983476195e-05
3.150000000000000000e+04 7.094991635201751477e-05 7.045071653853937200e-06 1.496022987205216609e-06 7.225415592362023696e-06 2.836283370766535786e-07 1.594720656522084470e-09 2.996710087053393442e-04 2.881008328417977471e-06 2.202721555071076871e-05 7.094991635201751477e-05 7.045071653853937200e-06 1.496022987205216609e-06 7.225415592362023696e-06 2.836283370766535786e-07 1.594720656522084470e-09 2.996710087053393442e-04 2.881008328417977471e-06 2.202721555071076871e-05
3.220000000000000000e+04 7.189715971794669264e-05 7.684815002854191742e-06 1.611496776402620491e-06 1.131769738193923481e-05 1.141805221500413864e-07 6.867889723446346221e-09 2.917491475193297610e-04 3.506442539165093335e-06 2.052522476666761344e-05 7.189715971794669264e-05 7.684815002854191742e-06 1.611496776402620491e-06 1.131769738193923481e-05 1.141805221500413864e-07 6.867889723446346221e-09 2.917491475193297610e-04 3.506442539165093335e-06 2.052522476666761344e-05
3.290000000000000000e+04 7.619499981089166622e-05 1.085591217164095905e-05 2.068157817793816971e-06 4.406990562361238983e-06 2.575335797833274887e-06 1.053393248193558539e-09 2.943767230470082817e-04 3.998223878386028181e-06 2.425081065537122677e-05 7.619499981089166622e-05 1.085591217164095905e-05 2.068157817793816971e-06 4.406990562361238983e-06 2.575335797833274887e-06 1.053393248193558539e-09 2.943767230470082817e-04 3.998223878386028181e-06 2.425081065537122677e-05
3.360000000000000000e+04 6.954722144936275696e-05 7.123963818298774501e-06 1.983653109828042263e-06 7.942688607542050327e-06 4.619529485050361725e-08 1.840134119570903866e-09 2.842465818384263317e-04 2.577708022313142565e-06 2.123601461596389027e-05 6.954722144936275696e-05 7.123963818298774501e-06 1.983653109828042263e-06 7.942688607542050327e-06 4.619529485050361725e-08 1.840134119570903866e-09 2.842465818384263317e-04 2.577708022313142565e-06 2.123601461596389027e-05
3.430000000000000000e+04 7.026537987896870065e-05 8.512242234235468488e-06 2.165218318625263411e-06 1.042547987292033201e-05 2.343229624540462883e-07 3.151949238522323296e-09 2.782181253730997041e-04 3.362737296761825866e-06 2.028661898608833276e-05 7.026537987896870065e-05 8.512242234235468488e-06 2.165218318625263411e-06 1.042547987292033201e-05 2.343229624540462883e-07 3.151949238522323296e-09 2.782181253730997041e-04 3.362737296761825866e-06 2.028661898608833276e-05
3.500000000000000000e+04 6.877430119991296816e-05 7.655533166730427896e-06 2.335480381235524504e-06 7.541484130431087627e-06 8.138783564214274238e-08 1.706083355075177401e-09 2.751537395118547336e-04 2.332078216335258018e-06 2.130237372646199564e-05 6.877430119991296816e-05 7.655533166730427896e-06 2.335480381235524504e-06 7.541484130431087627e-06 8.138783564214274238e-08 1.706083355075177401e-09 2.751537395118547336e-04 2.332078216335258018e-06 2.130237372646199564e-05
3.570000000000000000e+04 7.435250528781280717e-05 1.182657840392752320e-05 2.742333741366229820e-06 3.993059113553855529e-06 2.682592978930887189e-06 6.875342402438127211e-12 2.758738766393090429e-04 3.416495246198906352e-06 2.404043295619106771e-05 7.435250528781280717e-05 1.182657840392752320e-05 2.742333741366229820e-06 3.993059113553855529e-06 2.682592978930887189e-06 6.875342402438127211e-12 2.758738766393090429e-04 3.416495246198906352e-06 2.404043295619106771e-05
3.640000000000000000e+04 7.306159968079223071e-05 1.140895808902946855e-05 2.731534983967860476e-06 1.303587211625260731e-05 1.101916316603307991e-06 3.169623149935991763e-09 2.637076808804461148e-04 4.180043021080530699e-06 1.995997345277837008e-05 7.306159968079223071e-05 1.140895808902946855e-05 2.731534983967860476e-06 1.303587211625260731e-05 1.101916316603307991e-06 3.169623149935991763e-09 2.637076808804461148e-04 4.180043021080530699e-06 1.995997345277837008e-05
3.710000000000000000e+04 7.216849722100763035e-05 1.185200641554137969e-05 2.969780004919861498e-06 4.007515269692983461e-06 2.225514455285559941e-06 2.551073954167892791e-11 2.664132484931886575e-04 2.852935424060050400e-06 2.356618599691542092e-05 7.216849722100763035e-05 1.185200641554137969e-05 2.969780004919861498e-06 4.007515269692983461e-06 2.225514455285559941e-06 2.551073954167892791e-11 2.664132484931886575e-04 2.852935424060050400e-06 2.356618599691542092e-05
3.780000000000000000e+04 7.282784808422192136e-05 1.344831424965369595e-05 3.034177332596082534e-06 1.334811118843136982e-05 1.576443473550484276e-06 4.414308570399527687e-09 2.552950267534979099e-04 4.534643919187950187e-06 1.995222742234476179e-05 7.282784808422192136e-05 1.344831424965369595e-05 3.034177332596082534e-06 1.334811118843136982e-05 1.576443473550484276e-06 4.414308570399527687e-09 2.552950267534979099e-04 4.534643919187950187e-06 1.995222742234476179e-05
3.850000000000000000e+04 6.643956248120692139e-05 1.029027794001539863e-05 2.996833855899354103e-06 7.037289766066660524e-06 1.988443420570076733e-07 7.448288669481890255e-11 2.532195326555090583e-04 1.922606580475057334e-06 2.181410292224454718e-05 6.643956248120692139e-05 1.029027794001539863e-05 2.996833855899354103e-06 7.037289766066660524e-06 1.988443420570076733e-07 7.448288669481890255e-11 2.532195326555090583e-04 1.922606580475057334e-06 2.181410292224454718e-05
3.920000000000000000e+04 7.077925469035494140e-05 1.399988053293507154e-05 3.281535387542180268e-06 3.522680686912031916e-06 2.529319748392894253e-06 8.133583637883581715e-10 2.542135132693361995e-04 2.751414377161901865e-06 2.373435047226628687e-05 7.077925469035494140e-05 1.399988053293507154e-05 3.281535387542180268e-06 3.522680686912031916e-06 2.529319748392894253e-06 8.133583637883581715e-10 2.542135132693361995e-04 2.751414377161901865e-06 2.373435047226628687e-05
3.990000000000000000e+04 6.490750572404463934e-05 1.188162983475411121e-05 3.148326553031859945e-06 8.615912656339194472e-06 6.333515962163971544e-08 1.688234943767511305e-09 2.439766361558688105e-04 2.290428203628220669e-06 2.086136220581120078e-05 6.490750572404463934e-05 1.188162983475411121e-05 3.148326553031859945e-06 8.615912656339194472e-06 6.333515962163971544e-08 1.688234943767511305e-09 2.439766361558688105e-04 2.290428203628220669e-06 2.086136220581120078e-05
4.060000000000000000e+04 6.989457160305315761e-05 1.505568447896764147e-05 3.346458376513114615e-06 1.279438278455324388e-05 1.397485559892236964e-06 1.972004095906123790e-09 2.385280216621798121e-04 3.827084999933730651e-06 2.028789689656702920e-05 6.989457160305315761e-05 1.505568447896764147e-05 3.346458376513114615e-06 1.279438278455324388e-05 1.397485559892236964e-06 1.972004095906123790e-09 2.385280216621798121e-04 3.827084999933730651e-06 2.028789689656702920e-05
4.130000000000000000e+04 6.657285472904123232e-05 1.499622588185930207e-05 3.390083980709239604e-06 3.911806425989513506e-06 1.883168236617222110e-06 2.711728322213912580e-09 2.409337085883915812e-04 2.297593592536793448e-06 2.341806755517169403e-05 6.657285472904123232e-05 1.499622588185930207e-05 3.390083980709239604e-06 3.911806425989513506e-06 1.883168236617222110e-06 2.711728322213912580e-09 2.409337085883915812e-04 2.297593592536793448e-06 2.341806755517169403e-05
4.200000000000000000e+04 6.329446319765897428e-05 1.422240292077363499e-05 3.317402391211059101e-06 9.343882090648316960e-06 2.900906829341360034e-07 1.778070701125588974e-09 2.316995126265483933e-04 2.518166024230346248e-06 2.076280067112028468e-05 6.329446319765897428e-05 1.422240292077363499e-05 3.317402391211059101e-06 9.343882090648316960e-06 2.900906829341360034e-07 1.778070701125588974e-09 2.316995126265483933e-04 2.518166024230346248e-06 2.076280067112028468e-05
4.270000000000000000e+04 6.425608277852896152e-05 1.578147288051850899e-05 3.430416609019168160e-06 3.915261527025614602e-06 1.666753660444313787e-06 3.498759597775060238e-09 2.327408062030701750e-04 2.092719393466100456e-06 2.329300973649505959e-05 6.425608277852896152e-05 1.578147288051850899e-05 3.430416609019168160e-06 3.915261527025614602e-06 1.666753660444313787e-06 3.498759597775060238e-09 2.327408062030701750e-04 2.092719393466100456e-06 2.329300973649505959e-05
4.340000000000000000e+04 6.608091262623199574e-05 1.687150412188072641e-05 3.471316543001695433e-06 1.207810617708151452e-05 1.306606388483918392e-06 1.243754177450267853e-09 2.228457817205006396e-04 3.410947261852670002e-06 2.052331511819678489e-05 6.608091262623199574e-05 1.687150412188072641e-05 3.471316543001695433e-06 1.207810617708151452e-05 1.306606388483918392e-06 1.243754177450267853e-09 2.228457817205006396e-04 3.410947261852670002e-06 2.052331511819678489e-05
4.410000000000000000e+04 6.428220254177186628e-05 1.750324401889143250e-05 3.474339367683128791e-06 1.160134934502278345e-05 1.285635500735001668e-06 3.024140570123972575e-09 2.192120616455364007e-04 3.429099756556090559e-06 2.054922006645217188e-05 6.428220254177186628e-05 1.750324401889143250e-05 3.474339367683128791e-06 1.160134934502278345e-05 1.285635500735001668e-06 3.024140570123972575e-09 2.192120616455364007e-04 3.429099756556090559e-06 2.054922006645217188e-05
4.480000000000000000e+04 6.327871081054910554e-05 1.787292084716767053e-05 3.472990304951679649e-06 1.144350584674712121e-05 1.272691066701146450e-06 2.906687287589835726e-09 2.151555441909226533e-04 3.352601627225035442e-06 2.059387195792659571e-05 6.327871081054910554e-05 1.787292084716767053e-05 3.472990304951679649e-06 1.144350584674712121e-05 1.272691066701146450e-06 2.906687287589835726e-09 2.151555441909226533e-04 3.352601627225035442e-06 2.059387195792659571e-05
4.550000000000000000e+04 6.321979897236101474e-05 1.806857019778594693e-05 3.477394052999399742e-06 1.164656678222230761e-05 1.340261450354723241e-06 9.792581306890777748e-10 2.106466471056812298e-04 3.225622479235176574e-06 2.064949146553377485e-05 6.321979897236101474e-05 1.806857019778594693e-05 3.477394052999399742e-06 1.164656678222230761e-05 1.340261450354723241e-06 9.792581306890777748e-10 2.106466471056812298e-04 3.225622479235176574e-06 2.064949146553377485e-05
4.620000000000000000e+04 5.935718011632094089e-05 1.792515212368056386e-05 3.438382221886791157e-06 3.349043262242272656e-06 1.735109312291936493e-06 5.327275855605447895e-09 2.122635318512028867e-04 1.867773991845282051e-06 2.342506355766420112e-05 5.935718011632094089e-05 1.792515212368056386e-05 3.438382221886791157e-06 3.349043262242272656e-06 1.735109312291936493e-06 5.327275855605447895e-09 2.122635318512028867e-04 1.867773991845282051e-06 2.342506355766420112e-05
4.690000000000000000e+04 5.679793626958657771e-05 1.740222623901708382e-05 3.338717516569640580e-06 8.857860346901568608e-06 4.334858260508229285e-07 1.282217969597180617e-09 2.026572277273431893e-04 2.328435616479322011e-06 2.096556375594061525e-05 5.679793626958657771e-05 1.740222623901708382e-05 3.338717516569640580e-06 8.857860346901568608e-06 4.334858260508229285e-07 1.282217969597180617e-09 2.026572277273431893e-04 2.328435616479322011e-06 2.096556375594061525e-05
4.760000000000000000e+04 5.840225533194823954e-05 1.923083023863761883e-05 3.448697718746792201e-06 2.747108649823187126e-06 2.341072567750613102e-06 5.944099558940787246e-09 2.036396905130059658e-04 2.000865673651633110e-06 2.379487413029468762e-05 5.840225533194823954e-05 1.923083023863761883e-05 3.448697718746792201e-06 2.747108649823187126e-06 2.341072567750613102e-06 5.944099558940787246e-09 2.036396905130059658e-04 2.000865673651633110e-06 2.379487413029468762e-05
4.830000000000000000e+04 5.807296242736843442e-05 1.891204191621985201e-05 3.386215826524492856e-06 1.030193542057772618e-05 1.292260391676415201e-06 2.182772548490377223e-10 1.920283026629144099e-04 2.824574602862193578e-06 2.089365056666080597e-05 5.807296242736843442e-05 1.891204191621985201e-05 3.386215826524492856e-06 1.030193542057772618e-05 1.292260391676415201e-06 2.182772548490377223e-10 1.920283026629144099e-04 2.824574602862193578e-06 2.089365056666080597e-05
4.900000000000000000e+04 5.248109703214557103e-05 1.757250945981254982e-05 3.218329984652539030e-06 7.677525058198096257e-06 1.803958273853818102e-07 4.020911663754013601e-10 1.875193520815974157e-04 1.864021583089959673e-06 2.120632328302995745e-05 5.248109703214557103e-05 1.757250945981254982e-05 3.218329984652539030e-06 7.677525058198096257e-06 1.803958273853818102e-07 4.020911663754013601e-10 1.875193520815974157e-04 1.864021583089959673e-06 2.120632328302995745e-05
4.970000000000000000e+04 5.411042690850197980e-05 1.835737490761701302e-05 3.285399955463954535e-06 2.504798531215173051e-06 1.445138888926862174e-06 1.370197114714568254e-09 1.864598046037317972e-04 1.417293629519670426e-06 2.333583496572825769e-05 5.411042690850197980e-05 1.835737490761701302e-05 3.285399955463954535e-06 2.504798531215173051e-06 1.445138888926862174e-06 1.370197114714568254e-09 1.864598046037317972e-04 1.417293629519670426e-06 2.333583496572825769e-05
5.040000000000000000e+04 5.597620696538754392e-05 1.997859693355527692e-05 3.347834405471704310e-06 1.767891034124272150e-06 2.476823967211330866e-06 2.944871803997135389e-09 1.816411146038067958e-04 1.928209173452723596e-06 2.417673459057946331e-05 5.597620696538754392e-05 1.997859693355527692e-05 3.347834405471704310e-06 1.767891034124272150e-06 2.476823967211330866e-06 2.944871803997135389e-09 1.816411146038067958e-04 1.928209173452723596e-06 2.417673459057946331e-05
5.110000000000000000e+04 5.479677708490953098e-05 1.995266801208463807e-05 3.310015708334683772e-06 1.625833481770280084e-06 2.458960007962567781e-06 2.652578673576431209e-09 1.747168632306366561e-04 1.892604567931623418e-06 2.425346803786931834e-05 5.479677708490953098e-05 1.995266801208463807e-05 3.310015708334683772e-06 1.625833481770280084e-06 2.458960007962567781e-06 2.652578673576431209e-09 1.747168632306366561e-04 1.892604567931623418e-06 2.425346803786931834e-05
5.180000000000000000e+04 5.109433227798107908e-05 1.865368278390721520e-05 3.198825941024954177e-06 1.858563324707432417e-06 1.703573933675553748e-06 1.520007821869804566e-09 1.660739947228904632e-04 1.408104954573201053e-06 2.374139735885536878e-05 5.109433227798107908e-05 1.865368278390721520e-05 3.198825941024954177e-06 1.858563324707432417e-06 1.703573933675553748e-06 1.520007821869804566e-09 1.660739947228904632e-04 1.408104954573201053e-06 2.374139735885536878e-05
5.250000000000000000e+04 4.426715436257145302e-05 1.677537525825938708e-05 3.016575261916456183e-06 3.474369510512506891e-06 1.955068550374378058e-07 7.361791071452898988e-10 1.550494872066436396e-04 8.981592158365499632e-07 2.241580296138283751e-05 4.426715436257145302e-05 1.677537525825938708e-05 3.016575261916456183e-06 3.474369510512506891e-06 1.955068550374378058e-07 7.361791071452898988e-10 1.550494872066436396e-04 8.981592158365499632e-07 2.241580296138283751e-05
5.320000000000000000e+04 4.435837973038076365e-05 1.764753030254337930e-05 3.014008162860389417e-06 6.195728901383898569e-06 3.832111300641504881e-07 3.878185064552694769e-12 1.447690537869212560e-04 1.719252392209088694e-06 2.151952683099901404e-05 4.435837973038076365e-05 1.764753030254337930e-05 3.014008162860389417e-06 6.195728901383898569e-06 3.832111300641504881e-07 3.878185064552694769e-12 1.447690537869212560e-04 1.719252392209088694e-06 2.151952683099901404e-05
5.390000000000000000e+04 5.017696800050583112e-05 1.958207653037454641e-05 3.142895534648702417e-06 8.515548332458400282e-06 1.920414137900650345e-06 3.455030819515304129e-11 1.354777341446383417e-04 2.913928853609373835e-06 2.131377226196711684e-05 5.017696800050583112e-05 1.958207653037454641e-05 3.142895534648702417e-06 8.515548332458400282e-06 1.920414137900650345e-06 3.455030819515304129e-11 1.354777341446383417e-04 2.913928853609373835e-06 2.131377226196711684e-05
5.460000000000000000e+04 3.931266162122652724e-05 1.605476229271903188e-05 2.861190171038593625e-06 4.500156101875165051e-06 7.115451489188143746e-08 1.522385697585645935e-08 1.267993273239408504e-04 1.063781893568957058e-06 2.218274180089662359e-05 3.931266162122652724e-05 1.605476229271903188e-05 2.861190171038593625e-06 4.500156101875165051e-06 7.115451489188143746e-08 1.522385697585645935e-08 1.267993273239408504e-04 1.063781893568957058e-06 2.218274180089662359e-05
5.530000000000000000e+04 3.836794330185820206e-05 1.606634685160872577e-05 2.794673922159055592e-06 1.524673481956257457e-06 6.457205131890898311e-07 3.224594595366005733e-09 1.202370668951733955e-04 9.023816075004637165e-07 2.344799161841061837e-05 3.836794330185820206e-05 1.606634685160872577e-05 2.794673922159055592e-06 1.524673481956257457e-06 6.457205131890898311e-07 3.224594595366005733e-09 1.202370668951733955e-04 9.023816075004637165e-07 2.344799161841061837e-05
5.600000000000000000e+04 4.043749485699042664e-05 1.805392730045308342e-05 2.812126955110502424e-06 7.025907138755196570e-07 1.769251980790015798e-06 8.164976371805525614e-10 1.125275954284804081e-04 1.750863751473512538e-06 2.497781248803737823e-05 4.043749485699042664e-05 1.805392730045308342e-05 2.812126955110502424e-06 7.025907138755196570e-07 1.769251980790015798e-06 8.164976371805525614e-10 1.125275954284804081e-04 1.750863751473512538e-06 2.497781248803737823e-05
5.670000000000000000e+04 4.100636120738462040e-05 1.851804662906889347e-05 2.753387383258603232e-06 3.275019974580548565e-07 2.175150294102963049e-06 1.318876071727636418e-10 1.034166151471009826e-04 1.898385644995265323e-06 2.528113962792295668e-05 4.100636120738462040e-05 1.851804662906889347e-05 2.753387383258603232e-06 3.275019974580548565e-07 2.175150294102963049e-06 1.318876071727636418e-10 1.034166151471009826e-04 1.898385644995265323e-06 2.528113962792295668e-05
5.740000000000000000e+04 3.262817276080910353e-05 1.782611231373261275e-05 2.484131628150228096e-06 4.224080164856791160e-06 7.645704329465173395e-07 1.729954469170952095e-08 8.866247370256858436e-05 1.913970521123361365e-06 2.214123714975511193e-05 3.262817276080910353e-05 1.782611231373261275e-05 2.484131628150228096e-06 4.224080164856791160e-06 7.645704329465173395e-07 1.729954469170952095e-08 8.866247370256858436e-05 1.913970521123361365e-06 2.214123714975511193e-05
5.810000000000000000e+04 3.482291874819640383e-05 1.885953872531864468e-05 2.365557318073858547e-06 1.825857482343343419e-07 1.672285825602857698e-06 5.116751234914313143e-09 8.497725648415270614e-05 1.843508757852124792e-06 2.537191835708434978e-05 3.482291874819640383e-05 1.885953872531864468e-05 2.365557318073858547e-06 1.825857482343343419e-07 1.672285825602857698e-06 5.116751234914313143e-09 8.497725648415270614e-05 1.843508757852124792e-06 2.537191835708434978e-05
5.880000000000000000e+04 2.928442505557263777e-05 1.842463846699891373e-05 2.034975937869592247e-06 3.709463040490925461e-06 7.476462100998438672e-07 1.256009789360189138e-08 7.351432680552860352e-05 2.047093803207304882e-06 2.236874352428108761e-05 2.928442505557263777e-05 1.842463846699891373e-05 2.034975937869592247e-06 3.709463040490925461e-06 7.476462100998438672e-07 1.256009789360189138e-08 7.351432680552860352e-05 2.047093803207304882e-06 2.236874352428108761e-05
5.950000000000000000e+04 2.873408613236466460e-05 1.782418688383583720e-05 1.850016838790233627e-06 2.355173898763990622e-07 1.015077811027110462e-06 1.342659080624764171e-10 7.082445707119255170e-05 1.488060373397557165e-06 2.473683475976626289e-05 2.873408613236466460e-05 1.782418688383583720e-05 1.850016838790233627e-06 2.355173898763990622e-07 1.015077811027110462e-06 1.342659080624764171e-10 7.082445707119255170e-05 1.488060373397557165e-06 2.473683475976626289e-05
6.020000000000000000e+04 2.504898220625585080e-05 1.767015235085580310e-05 1.651095236764689948e-06 3.903026395275109819e-07 6.973016617023824513e-07 4.662933611237397158e-09 6.510888221063058532e-05 1.467773288084443715e-06 2.469135092538054586e-05 2.504898220625585080e-05 1.767015235085580310e-05 1.651095236764689948e-06 3.903026395275109819e-07 6.973016617023824513e-07 4.662933611237397158e-09 6.510888221063058532e-05 1.467773288084443715e-06 2.469135092538054586e-05
6.090000000000000000e+04 3.152359129191287609e-05 1.836486564808872843e-05 1.614627583564679352e-06 7.492611791347613694e-08 1.544411250701987374e-06 8.334276024485905506e-11 6.207724436528323927e-05 1.979242405726269788e-06 2.565944711145473538e-05 3.152359129191287609e-05 1.836486564808872843e-05 1.614627583564679352e-06 7.492611791347613694e-08 1.544411250701987374e-06 8.334276024485905506e-11 6.207724436528323927e-05 1.979242405726269788e-06 2.565944711145473538e-05
6.160000000000000000e+04 2.164169811368520907e-05 1.623358750604887474e-05 1.337918272912580311e-06 5.753041765864073987e-07 2.380704460982372833e-07 1.726678909050923345e-11 5.603372197723440937e-05 1.223823738177782015e-06 2.387867280878884962e-05 2.164169811368520907e-05 1.623358750604887474e-05 1.337918272912580311e-06 5.753041765864073987e-07 2.380704460982372833e-07 1.726678909050923345e-11 5.603372197723440937e-05 1.223823738177782015e-06 2.387867280878884962e-05
6.230000000000000000e+04 2.771369895091957633e-05 1.697954070300630253e-05 1.370669903160957062e-06 1.613040471559817374e-07 1.128082436152344880e-06 2.546027599101188861e-10 5.435036377623149543e-05 1.740618541265848841e-06 2.542095550115790182e-05 2.771369895091957633e-05 1.697954070300630253e-05 1.370669903160957062e-06 1.613040471559817374e-07 1.128082436152344880e-06 2.546027599101188861e-10 5.435036377623149543e-05 1.740618541265848841e-06 2.542095550115790182e-05
6.300000000000000000e+04 3.068184378276615792e-05 1.816281755711925296e-05 1.259337197606806882e-06 3.120212110220149253e-06 1.079490012823229181e-06 5.280721081446576963e-09 4.929522793348559790e-05 3.044755282407812317e-06 2.175624765196517490e-05 3.068184378276615792e-05 1.816281755711925296e-05 1.259337197606806882e-06 3.120212110220149253e-06 1.079490012823229181e-06 5.280721081446576963e-09 4.929522793348559790e-05 3.044755282407812317e-06 2.175624765196517490e-05
6.370000000000000000e+04 3.312108829779438624e-05 1.595624721804140528e-05 1.335310849489404857e-06 3.362553677468197747e-08 1.711493876280807370e-06 2.269534792636072572e-09 4.959026949204635226e-05 1.810885259128738307e-06 2.554388456748213110e-05 3.312108829779438624e-05 1.595624721804140528e-05 1.335310849489404857e-06 3.362553677468197747e-08 1.711493876280807370e-06 2.269534792636072572e-09 4.959026949204635226e-05 1.810885259128738307e-06 2.554388456748213110e-05
6.440000000000000000e+04 2.626255571378075145e-05 1.428426257176617480e-05 1.196024455862504162e-06 1.491103565790803584e-07 8.641613682672696689e-07 1.218434968275414359e-09 4.623355654246315245e-05 1.330328739727474624e-06 2.481110304399588930e-05 2.626255571378075145e-05 1.428426257176617480e-05 1.196024455862504162e-06 1.491103565790803584e-07 8.641613682672696689e-07 1.218434968275414359e-09 4.623355654246315245e-05 1.330328739727474624e-06 2.481110304399588930e-05
6.510000000000000000e+04 2.389866216943991659e-05 1.348042341335956109e-05 1.143229936947074401e-06 2.478510325016278112e-07 5.906157183059677382e-07 1.819695883256161411e-09 4.389088781872639496e-05 1.281475866862156135e-06 2.464509033388413313e-05 2.389866216943991659e-05 1.348042341335956109e-05 1.143229936947074401e-06 2.478510325016278112e-07 5.906157183059677382e-07 1.819695883256161411e-09 4.389088781872639496e-05 1.281475866862156135e-06 2.464509033388413313e-05
6.580000000000000000e+04 3.864888694453767819e-05 1.621117388820617294e-05 1.244624760045116091e-06 3.554594301957080103e-06 1.702378971277913470e-06 2.245434841765443539e-09 4.110048206309827745e-05 3.345599329977496981e-06 2.142126313177466031e-05 3.864888694453767819e-05 1.621117388820617294e-05 1.244624760045116091e-06 3.554594301957080103e-06 1.702378971277913470e-06 2.245434841765443539e-09 4.110048206309827745e-05 3.345599329977496981e-06 2.142126313177466031e-05
6.650000000000000000e+04 3.117652981044895873e-05 1.437547758890030905e-05 1.175650262145926432e-06 2.899287761259580335e-06 1.277325061070106582e-06 2.413243714373275688e-10 3.915132146834997138e-05 2.754565142403576294e-06 2.134229903582208845e-05 3.117652981044895873e-05 1.437547758890030905e-05 1.175650262145926432e-06 2.899287761259580335e-06 1.277325061070106582e-06 2.413243714373275688e-10 3.915132146834997138e-05 2.754565142403576294e-06 2.134229903582208845e-05
6.720000000000000000e+04 2.980303246595134703e-05 1.327448010838381177e-05 1.158503049398941030e-06 2.615669615343353489e-06 1.086562710826840258e-06 9.145609267990432542e-12 3.760763504693357854e-05 2.479189445359897581e-06 2.131090744025026886e-05 2.980303246595134703e-05 1.327448010838381177e-05 1.158503049398941030e-06 2.615669615343353489e-06 1.086562710826840258e-06 9.145609267990432542e-12 3.760763504693357854e-05 2.479189445359897581e-06 2.131090744025026886e-05
6.790000000000000000e+04 3.012107711854146382e-05 1.132688262316734755e-05 1.165507214324939220e-06 2.813272183163697398e-06 9.880021692538962592e-07 2.675431896216453875e-09 3.558603258989979446e-05 1.740982951593884472e-06 2.162504616754916780e-05 3.012107711854146382e-05 1.132688262316734755e-05 1.165507214324939220e-06 2.813272183163697398e-06 9.880021692538962592e-07 2.675431896216453875e-09 3.558603258989979446e-05 1.740982951593884472e-06 2.162504616754916780e-05
6.860000000000000000e+04 3.144176372435100573e-05 1.057596710956343367e-05 1.207351857184605995e-06 7.426862294102902899e-09 1.328251619918328977e-06 3.045172152404846689e-10 3.727764876749679911e-05 1.326468530257636195e-06 2.479324614921680789e-05 3.144176372435100573e-05 1.057596710956343367e-05 1.207351857184605995e-06 7.426862294102902899e-09 1.328251619918328977e-06 3.045172152404846689e-10 3.727764876749679911e-05 1.326468530257636195e-06 2.479324614921680789e-05
6.930000000000000000e+04 4.008639327368776034e-05 1.077513819646867395e-05 1.337645630135627809e-06 1.508553169753964871e-08 2.134004310018477589e-06 3.322804876779157184e-09 3.697460134415473748e-05 1.679575115813834573e-06 2.510757655884356080e-05 4.008639327368776034e-05 1.077513819646867395e-05 1.337645630135627809e-06 1.508553169753964871e-08 2.134004310018477589e-06 3.322804876779157184e-09 3.697460134415473748e-05 1.679575115813834573e-06 2.510757655884356080e-05
7.000000000000000000e+04 2.606926818037272900e-05 9.400460548966884370e-06 1.146329497610865441e-06 9.106649540539025835e-08 9.762792348938418194e-07 5.284783364940662841e-10 3.458215071978652718e-05 1.327366914279437687e-06 2.466779086025505077e-05 2.606926818037272900e-05 9.400460548966884370e-06 1.146329497610865441e-06 9.106649540539025835e-08 9.762792348938418194e-07 5.284783364940662841e-10 3.458215071978652718e-05 1.327366914279437687e-06 2.466779086025505077e-05
