0 [1.00e-03, 1.00e+00, 1.00e+00, 1.00e+00, 1.00e-04, 1.00e+00]
700 [1.43e-02, 2.18e-01, 8.47e-01, 4.41e-01, 7.51e-04, 3.75e-01]
1400 [9.80e-05, 3.82e-04, 1.09e+00, 4.15e-01, 5.08e-04, 4.27e-01]
2100 [9.86e-05, 2.15e-04, 1.19e+00, 4.51e-01, 4.45e-04, 4.95e-01]
2800 [1.31e-04, 5.07e-03, 1.28e+00, 5.24e-01, 3.83e-04, 5.77e-01]
3500 [1.22e-04, 1.98e-02, 1.34e+00, 6.18e-01, 3.32e-04, 6.83e-01]
4200 [8.65e-05, 3.19e-02, 1.36e+00, 7.31e-01, 2.07e-04, 7.98e-01]
4900 [1.26e-04, 3.72e-02, 1.37e+00, 8.44e-01, 2.22e-04, 8.77e-01]
5600 [1.44e-04, 4.03e-02, 1.38e+00, 9.19e-01, 2.20e-04, 9.16e-01]
6300 [1.69e-04, 4.52e-02, 1.37e+00, 9.55e-01, 1.03e-04, 9.37e-01]
7000 [2.50e-04, 5.11e-02, 1.35e+00, 9.71e-01, 2.14e-05, 9.54e-01]
7700 [3.61e-04, 5.62e-02, 1.34e+00, 9.76e-01, 2.00e-05, 9.67e-01]
8400 [5.34e-04, 6.02e-02, 1.33e+00, 9.77e-01, 1.07e-04, 9.78e-01]
9100 [5.27e-04, 6.30e-02, 1.32e+00, 9.72e-01, 4.54e-05, 9.87e-01]
9800 [6.08e-04, 6.54e-02, 1.32e+00, 9.69e-01, 2.90e-05, 9.94e-01]
10500 [4.70e-04, 6.76e-02, 1.32e+00, 9.66e-01, 5.55e-05, 9.98e-01]
11200 [4.95e-04, 6.97e-02, 1.32e+00, 9.64e-01, 5.24e-05, 1.00e+00]
11900 [5.33e-04, 7.18e-02, 1.31e+00, 9.64e-01, 1.83e-06, 1.00e+00]
12600 [4.02e-04, 7.39e-02, 1.31e+00, 9.63e-01, 3.95e-06, 1.01e+00]
13300 [4.16e-04, 7.60e-02, 1.31e+00, 9.63e-01, 4.08e-06, 1.01e+00]
14000 [5.29e-04, 7.80e-02, 1.31e+00, 9.63e-01, 1.97e-06, 1.01e+00]
14700 [5.85e-04, 8.00e-02, 1.30e+00, 9.63e-01, 2.11e-05, 1.01e+00]
15400 [4.52e-04, 8.20e-02, 1.30e+00, 9.63e-01, 6.66e-05, 1.01e+00]
16100 [3.49e-04, 8.40e-02, 1.30e+00, 9.63e-01, 7.56e-05, 1.01e+00]
16800 [3.59e-04, 8.59e-02, 1.30e+00, 9.63e-01, 7.78e-05, 1.01e+00]
17500 [4.80e-04, 8.79e-02, 1.29e+00, 9.63e-01, 6.60e-05, 1.01e+00]
18200 [5.59e-04, 8.98e-02, 1.29e+00, 9.64e-01, 1.37e-05, 1.01e+00]
18900 [2.90e-04, 9.17e-02, 1.29e+00, 9.64e-01, 5.09e-05, 1.01e+00]
19600 [5.60e-04, 9.36e-02, 1.29e+00, 9.64e-01, 3.59e-05, 1.01e+00]
20300 [2.96e-04, 9.54e-02, 1.29e+00, 9.64e-01, 7.98e-05, 1.01e+00]
21000 [3.71e-04, 9.74e-02, 1.28e+00, 9.64e-01, 2.20e-05, 1.01e+00]
21700 [5.17e-04, 9.93e-02, 1.28e+00, 9.65e-01, 1.65e-05, 1.01e+00]
22400 [5.46e-04, 1.01e-01, 1.28e+00, 9.65e-01, 3.49e-05, 1.01e+00]
23100 [5.38e-04, 1.03e-01, 1.28e+00, 9.65e-01, 4.45e-05, 1.01e+00]
23800 [5.37e-04, 1.05e-01, 1.28e+00, 9.65e-01, 3.42e-05, 1.01e+00]
24500 [4.25e-04, 1.07e-01, 1.27e+00, 9.65e-01, 1.70e-05, 1.01e+00]
25200 [2.85e-04, 1.09e-01, 1.27e+00, 9.66e-01, 8.74e-05, 1.01e+00]
25900 [5.09e-04, 1.11e-01, 1.27e+00, 9.66e-01, 2.58e-05, 1.01e+00]
26600 [2.73e-04, 1.14e-01, 1.27e+00, 9.66e-01, 8.47e-05, 1.01e+00]
27300 [5.15e-04, 1.16e-01, 1.27e+00, 9.66e-01, 4.10e-05, 1.01e+00]
28000 [4.02e-04, 1.19e-01, 1.27e+00, 9.67e-01, 1.80e-05, 1.01e+00]
28700 [4.46e-04, 1.21e-01, 1.26e+00, 9.67e-01, 1.93e-05, 1.01e+00]
29400 [3.34e-04, 1.24e-01, 1.26e+00, 9.67e-01, 9.21e-05, 1.01e+00]
30100 [4.41e-04, 1.27e-01, 1.26e+00, 9.68e-01, 7.45e-05, 1.01e+00]
30800 [3.50e-04, 1.30e-01, 1.26e+00, 9.68e-01, 8.98e-05, 1.01e+00]
31500 [2.59e-04, 1.33e-01, 1.25e+00, 9.69e-01, 4.77e-05, 1.01e+00]
32200 [4.49e-04, 1.36e-01, 1.25e+00, 9.70e-01, 7.07e-05, 1.01e+00]
32900 [3.71e-04, 1.40e-01, 1.25e+00, 9.71e-01, 1.78e-05, 1.01e+00]
33600 [2.37e-04, 1.43e-01, 1.25e+00, 9.71e-01, 5.98e-05, 1.01e+00]
34300 [2.30e-04, 1.46e-01, 1.24e+00, 9.72e-01, 7.92e-05, 1.01e+00]
35000 [2.32e-04, 1.49e-01, 1.24e+00, 9.73e-01, 6.05e-05, 1.01e+00]
35700 [3.75e-04, 1.53e-01, 1.24e+00, 9.74e-01, 2.18e-05, 1.01e+00]
36400 [3.72e-04, 1.56e-01, 1.24e+00, 9.75e-01, 9.43e-05, 1.01e+00]
37100 [3.05e-04, 1.59e-01, 1.24e+00, 9.75e-01, 2.92e-05, 1.01e+00]
37800 [2.76e-04, 1.62e-01, 1.23e+00, 9.76e-01, 1.03e-04, 1.01e+00]
38500 [4.34e-04, 1.66e-01, 1.23e+00, 9.77e-01, 5.83e-05, 1.01e+00]
39200 [3.10e-04, 1.69e-01, 1.23e+00, 9.78e-01, 2.91e-05, 1.01e+00]
39900 [2.06e-04, 1.72e-01, 1.23e+00, 9.78e-01, 8.24e-05, 1.01e+00]
40600 [3.34e-04, 1.75e-01, 1.22e+00, 9.79e-01, 1.04e-04, 1.01e+00]
41300 [3.88e-04, 1.79e-01, 1.22e+00, 9.80e-01, 3.55e-05, 1.01e+00]
42000 [2.01e-04, 1.82e-01, 1.22e+00, 9.80e-01, 9.17e-05, 1.01e+00]
42700 [3.85e-04, 1.86e-01, 1.22e+00, 9.81e-01, 3.82e-05, 1.01e+00]
43400 [3.27e-04, 1.89e-01, 1.21e+00, 9.81e-01, 1.04e-04, 1.01e+00]
44100 [2.25e-04, 1.93e-01, 1.21e+00, 9.82e-01, 1.06e-04, 1.01e+00]
44800 [2.21e-04, 1.97e-01, 1.21e+00, 9.82e-01, 1.06e-04, 1.01e+00]
45500 [3.14e-04, 2.01e-01, 1.21e+00, 9.82e-01, 1.04e-04, 1.01e+00]
46200 [3.60e-04, 2.06e-01, 1.21e+00, 9.83e-01, 3.58e-05, 1.01e+00]
46900 [1.79e-04, 2.10e-01, 1.20e+00, 9.83e-01, 9.46e-05, 1.01e+00]
47600 [3.31e-04, 2.16e-01, 1.20e+00, 9.83e-01, 2.79e-05, 1.01e+00]
48300 [3.04e-04, 2.21e-01, 1.20e+00, 9.84e-01, 1.01e-04, 1.01e+00]
49000 [1.56e-04, 2.28e-01, 1.19e+00, 9.84e-01, 8.63e-05, 1.01e+00]
49700 [1.91e-04, 2.35e-01, 1.19e+00, 9.84e-01, 3.83e-05, 1.01e+00]
50400 [2.45e-04, 2.42e-01, 1.19e+00, 9.85e-01, 2.24e-05, 1.00e+00]
51100 [2.36e-04, 2.51e-01, 1.18e+00, 9.85e-01, 2.05e-05, 1.00e+00]
51800 [1.75e-04, 2.61e-01, 1.18e+00, 9.86e-01, 2.87e-05, 1.00e+00]
52500 [1.15e-04, 2.72e-01, 1.17e+00, 9.86e-01, 5.46e-05, 1.00e+00]
53200 [1.08e-04, 2.85e-01, 1.17e+00, 9.86e-01, 8.08e-05, 1.00e+00]
53900 [1.60e-04, 2.99e-01, 1.16e+00, 9.87e-01, 9.43e-05, 1.00e+00]
54600 [2.84e-04, 3.14e-01, 1.15e+00, 9.87e-01, 5.92e-05, 1.00e+00]
55300 [8.28e-05, 3.31e-01, 1.15e+00, 9.88e-01, 3.23e-05, 1.00e+00]
56000 [2.26e-04, 3.50e-01, 1.14e+00, 9.88e-01, 3.02e-06, 1.00e+00]
56700 [1.26e-04, 3.71e-01, 1.13e+00, 9.88e-01, 1.51e-06, 1.00e+00]
57400 [2.11e-04, 3.94e-01, 1.12e+00, 9.88e-01, 6.60e-05, 9.99e-01]
58100 [8.27e-05, 4.16e-01, 1.11e+00, 9.88e-01, 9.19e-06, 1.00e+00]
58800 [1.86e-04, 4.36e-01, 1.11e+00, 9.88e-01, 4.54e-05, 1.00e+00]
59500 [3.75e-05, 4.54e-01, 1.10e+00, 9.87e-01, 3.32e-05, 1.00e+00]
60200 [1.37e-04, 4.70e-01, 1.10e+00, 9.87e-01, 7.65e-06, 1.00e+00]
60900 [2.19e-04, 4.85e-01, 1.09e+00, 9.87e-01, 9.20e-06, 1.00e+00]
61600 [5.59e-05, 4.98e-01, 1.09e+00, 9.88e-01, 7.16e-06, 1.00e+00]
62300 [2.31e-04, 5.10e-01, 1.08e+00, 9.88e-01, 7.24e-07, 1.00e+00]
63000 [1.22e-04, 5.20e-01, 1.08e+00, 9.88e-01, 8.43e-05, 1.00e+00]
63700 [1.75e-04, 5.30e-01, 1.08e+00, 9.88e-01, 1.98e-06, 1.00e+00]
64400 [1.32e-04, 5.38e-01, 1.08e+00, 9.89e-01, 7.15e-06, 1.00e+00]
65100 [1.69e-04, 5.46e-01, 1.07e+00, 9.89e-01, 1.07e-05, 1.00e+00]
65800 [1.58e-04, 5.53e-01, 1.07e+00, 9.89e-01, 9.31e-05, 1.00e+00]
66500 [4.31e-05, 5.60e-01, 1.07e+00, 9.89e-01, 7.92e-05, 1.00e+00]
67200 [1.15e-04, 5.66e-01, 1.07e+00, 9.89e-01, 8.13e-05, 1.00e+00]
67900 [2.49e-05, 5.72e-01, 1.07e+00, 9.90e-01, 5.94e-05, 1.00e+00]
68600 [1.86e-04, 5.78e-01, 1.07e+00, 9.90e-01, 5.32e-06, 1.00e+00]
69300 [2.00e-04, 5.84e-01, 1.06e+00, 9.90e-01, 3.17e-06, 1.00e+00]
70000 [1.88e-04, 5.89e-01, 1.06e+00, 9.90e-01, 2.56e-06, 1.00e+00]
