0 [1.79e-01, 1.66e-01, 9.26e-01, 8.78e-02, -3.87e-02, -3.59e-01, 2.43e-01, -3.74e-02, 1.03e-01, -1.86e-02, 8.87e-01]
100 [9.73e-02, -4.97e-02, 8.88e-01, 4.30e-02, 2.40e-02, -2.40e-01, 1.54e-01, -6.45e-02, 1.63e-01, 5.64e-02, 7.92e-01]
200 [9.81e-02, -3.02e-02, 8.46e-01, 3.56e-02, 9.49e-03, -2.41e-01, 1.54e-01, -6.37e-02, 1.62e-01, 5.63e-02, 7.92e-01]
300 [1.00e-01, -1.87e-02, 8.19e-01, 2.86e-02, 2.50e-04, -2.41e-01, 1.54e-01, -6.28e-02, 1.58e-01, 5.63e-02, 7.92e-01]
400 [1.02e-01, -1.12e-02, 8.03e-01, 2.36e-02, -4.94e-03, -2.41e-01, 1.54e-01, -6.22e-02, 1.55e-01, 5.62e-02, 7.92e-01]
500 [1.05e-01, -6.01e-03, 7.95e-01, 1.97e-02, -7.27e-03, -2.41e-01, 1.54e-01, -6.17e-02, 1.51e-01, 5.61e-02, 7.92e-01]
600 [1.07e-01, -2.10e-03, 7.93e-01, 1.64e-02, -7.86e-03, -2.41e-01, 1.54e-01, -6.13e-02, 1.48e-01, 5.61e-02, 7.91e-01]
700 [1.10e-01, 1.05e-03, 7.94e-01, 1.34e-02, -7.27e-03, -2.41e-01, 1.54e-01, -6.10e-02, 1.45e-01, 5.60e-02, 7.91e-01]
800 [1.12e-01, 3.68e-03, 7.98e-01, 1.05e-02, -5.91e-03, -2.42e-01, 1.54e-01, -6.07e-02, 1.42e-01, 5.60e-02, 7.91e-01]
900 [1.15e-01, 5.89e-03, 8.04e-01, 7.77e-03, -4.06e-03, -2.42e-01, 1.54e-01, -6.04e-02, 1.39e-01, 5.59e-02, 7.91e-01]
1000 [1.18e-01, 7.78e-03, 8.11e-01, 5.09e-03, -1.92e-03, -2.43e-01, 1.54e-01, -6.01e-02, 1.37e-01, 5.59e-02, 7.91e-01]
1100 [1.20e-01, 9.40e-03, 8.20e-01, 2.45e-03, 3.85e-04, -2.44e-01, 1.54e-01, -5.99e-02, 1.34e-01, 5.58e-02, 7.91e-01]
1200 [1.23e-01, 1.08e-02, 8.30e-01, -1.36e-04, 2.79e-03, -2.45e-01, 1.54e-01, -5.97e-02, 1.31e-01, 5.58e-02, 7.91e-01]
1300 [1.26e-01, 1.21e-02, 8.40e-01, -2.67e-03, 5.24e-03, -2.46e-01, 1.54e-01, -5.95e-02, 1.28e-01, 5.57e-02, 7.91e-01]
1400 [1.29e-01, 1.33e-02, 8.51e-01, -5.16e-03, 7.71e-03, -2.48e-01, 1.54e-01, -5.94e-02, 1.25e-01, 5.57e-02, 7.90e-01]
1500 [1.31e-01, 1.44e-02, 8.63e-01, -7.59e-03, 1.02e-02, -2.49e-01, 1.54e-01, -5.92e-02, 1.23e-01, 5.57e-02, 7.90e-01]
1600 [1.34e-01, 1.54e-02, 8.74e-01, -9.95e-03, 1.26e-02, -2.51e-01, 1.54e-01, -5.90e-02, 1.20e-01, 5.56e-02, 7.90e-01]
1700 [1.36e-01, 1.63e-02, 8.86e-01, -1.22e-02, 1.50e-02, -2.53e-01, 1.54e-01, -5.89e-02, 1.17e-01, 5.56e-02, 7.90e-01]
1800 [1.39e-01, 1.72e-02, 8.98e-01, -1.45e-02, 1.74e-02, -2.55e-01, 1.54e-01, -5.88e-02, 1.15e-01, 5.55e-02, 7.90e-01]
1900 [1.41e-01, 1.81e-02, 9.09e-01, -1.66e-02, 1.97e-02, -2.57e-01, 1.54e-01, -5.87e-02, 1.12e-01, 5.55e-02, 7.90e-01]
2000 [7.14e-02, 1.83e-02, 9.01e-01, -2.94e-02, -1.77e-02, -2.60e-01, 1.54e-01, -5.76e-02, 1.09e-01, 5.53e-02, 7.90e-01]
2100 [5.92e-02, 1.97e-02, 9.15e-01, -3.20e-02, -8.01e-03, -2.62e-01, 1.54e-01, -5.74e-02, 1.07e-01, 5.52e-02, 7.90e-01]
2200 [6.03e-02, 2.07e-02, 9.31e-01, -3.30e-02, -6.35e-03, -2.65e-01, 1.54e-01, -5.74e-02, 1.04e-01, 5.51e-02, 7.89e-01]
2300 [6.12e-02, 2.15e-02, 9.47e-01, -3.38e-02, -4.79e-03, -2.68e-01, 1.54e-01, -5.74e-02, 1.02e-01, 5.51e-02, 7.89e-01]
2400 [6.20e-02, 2.23e-02, 9.61e-01, -3.46e-02, -3.34e-03, -2.71e-01, 1.54e-01, -5.74e-02, 9.90e-02, 5.50e-02, 7.89e-01]
2500 [6.27e-02, 2.30e-02, 9.75e-01, -3.53e-02, -2.02e-03, -2.74e-01, 1.54e-01, -5.74e-02, 9.65e-02, 5.49e-02, 7.89e-01]
2600 [6.33e-02, 2.37e-02, 9.88e-01, -3.60e-02, -8.65e-04, -2.77e-01, 1.54e-01, -5.74e-02, 9.42e-02, 5.48e-02, 7.89e-01]
2700 [6.38e-02, 2.44e-02, 1.00e+00, -3.66e-02, 1.19e-04, -2.81e-01, 1.54e-01, -5.74e-02, 9.20e-02, 5.47e-02, 7.89e-01]
2800 [6.43e-02, 2.50e-02, 1.01e+00, -3.72e-02, 9.16e-04, -2.84e-01, 1.54e-01, -5.74e-02, 9.01e-02, 5.46e-02, 7.89e-01]
2900 [6.46e-02, 2.57e-02, 1.02e+00, -3.77e-02, 1.52e-03, -2.88e-01, 1.54e-01, -5.74e-02, 8.83e-02, 5.44e-02, 7.89e-01]
3000 [-4.78e-02, 2.83e-02, 9.14e-01, -4.71e-02, 2.18e-02, -2.75e-01, 1.54e-01, -5.61e-02, 8.88e-02, 5.16e-02, 7.89e-01]
3100 [-5.08e-02, 2.92e-02, 9.40e-01, -4.55e-02, 2.28e-02, -2.79e-01, 1.54e-01, -5.58e-02, 8.65e-02, 5.15e-02, 7.89e-01]
3200 [-5.34e-02, 2.95e-02, 9.62e-01, -4.40e-02, 2.35e-02, -2.83e-01, 1.54e-01, -5.56e-02, 8.40e-02, 5.13e-02, 7.88e-01]
3300 [-5.58e-02, 3.00e-02, 9.82e-01, -4.27e-02, 2.38e-02, -2.88e-01, 1.54e-01, -5.54e-02, 8.18e-02, 5.12e-02, 7.88e-01]
3400 [-5.82e-02, 3.04e-02, 1.00e+00, -4.16e-02, 2.39e-02, -2.92e-01, 1.54e-01, -5.52e-02, 8.00e-02, 5.10e-02, 7.88e-01]
3500 [-6.04e-02, 3.10e-02, 1.02e+00, -4.08e-02, 2.37e-02, -2.97e-01, 1.54e-01, -5.50e-02, 7.85e-02, 5.08e-02, 7.88e-01]
3600 [-6.25e-02, 3.15e-02, 1.03e+00, -4.02e-02, 2.32e-02, -3.02e-01, 1.54e-01, -5.48e-02, 7.75e-02, 5.06e-02, 7.88e-01]
3700 [-6.44e-02, 3.21e-02, 1.04e+00, -3.98e-02, 2.24e-02, -3.07e-01, 1.54e-01, -5.46e-02, 7.67e-02, 5.03e-02, 7.88e-01]
3800 [3.38e-03, 3.46e-02, 8.39e-01, -2.02e-02, 6.62e-03, -2.15e-01, 1.54e-01, -5.61e-02, 7.57e-02, 4.92e-02, 7.87e-01]
3900 [7.14e-04, 3.65e-02, 8.80e-01, -1.87e-02, 1.21e-02, -2.25e-01, 1.54e-01, -5.61e-02, 6.79e-02, 4.90e-02, 7.86e-01]
4000 [-1.94e-03, 3.66e-02, 9.16e-01, -1.74e-02, 1.65e-02, -2.34e-01, 1.54e-01, -5.60e-02, 6.19e-02, 4.89e-02, 7.86e-01]
4100 [-4.54e-03, 3.66e-02, 9.46e-01, -1.64e-02, 1.99e-02, -2.44e-01, 1.54e-01, -5.59e-02, 5.74e-02, 4.87e-02, 7.86e-01]
4200 [-7.03e-03, 3.68e-02, 9.72e-01, -1.57e-02, 2.26e-02, -2.53e-01, 1.54e-01, -5.58e-02, 5.41e-02, 4.85e-02, 7.85e-01]
4300 [-9.40e-03, 3.72e-02, 9.95e-01, -1.54e-02, 2.45e-02, -2.63e-01, 1.54e-01, -5.57e-02, 5.19e-02, 4.83e-02, 7.85e-01]
4400 [-1.16e-02, 3.77e-02, 1.01e+00, -1.54e-02, 2.58e-02, -2.72e-01, 1.54e-01, -5.56e-02, 5.08e-02, 4.79e-02, 7.85e-01]
4500 [-1.37e-02, 3.83e-02, 1.03e+00, -1.58e-02, 2.65e-02, -2.81e-01, 1.54e-01, -5.55e-02, 5.06e-02, 4.75e-02, 7.85e-01]
4600 [-1.56e-02, 3.89e-02, 1.05e+00, -1.64e-02, 2.65e-02, -2.91e-01, 1.54e-01, -5.54e-02, 5.14e-02, 4.71e-02, 7.85e-01]
4700 [-7.52e-02, 2.59e-02, 8.96e-01, -1.46e-02, -1.21e-02, -2.12e-01, 1.54e-01, -5.30e-02, 6.05e-02, 4.19e-02, 7.81e-01]
4800 [-8.41e-02, 3.30e-02, 9.32e-01, -7.55e-03, -7.53e-03, -2.27e-01, 1.54e-01, -5.23e-02, 5.23e-02, 4.18e-02, 7.80e-01]
4900 [-9.26e-02, 3.57e-02, 9.61e-01, -4.05e-03, -6.91e-03, -2.42e-01, 1.54e-01, -5.17e-02, 4.73e-02, 4.17e-02, 7.80e-01]
5000 [3.00e-02, 3.65e-02, 9.42e-01, 4.90e-03, 1.37e-02, -2.51e-01, 1.54e-01, -4.95e-02, 4.48e-02, 3.62e-02, 7.79e-01]
5100 [3.99e-02, 4.01e-02, 9.78e-01, 5.71e-03, 4.65e-03, -2.63e-01, 1.54e-01, -4.93e-02, 4.28e-02, 3.08e-02, 7.79e-01]
5200 [3.99e-02, 4.13e-02, 1.01e+00, 4.10e-03, 6.00e-03, -2.77e-01, 1.54e-01, -4.93e-02, 4.24e-02, 3.02e-02, 7.79e-01]
5300 [-3.76e-02, 4.44e-02, 8.65e-01, -2.45e-02, 1.07e-02, -2.16e-01, 1.54e-01, -4.85e-02, 4.56e-02, 8.83e-03, 7.78e-01]
5400 [-4.79e-02, 4.53e-02, 9.24e-01, -2.07e-02, 1.41e-02, -2.35e-01, 1.54e-01, -4.81e-02, 3.73e-02, 9.06e-03, 7.77e-01]
5500 [-5.66e-02, 4.60e-02, 9.66e-01, -1.97e-02, 1.60e-02, -2.54e-01, 1.54e-01, -4.77e-02, 3.40e-02, 9.08e-03, 7.77e-01]
5600 [-6.38e-02, 4.69e-02, 9.99e-01, -2.08e-02, 1.72e-02, -2.71e-01, 1.54e-01, -4.73e-02, 3.43e-02, 8.91e-03, 7.77e-01]
5700 [-6.98e-02, 4.79e-02, 1.02e+00, -2.32e-02, 1.77e-02, -2.87e-01, 1.54e-01, -4.70e-02, 3.72e-02, 8.60e-03, 7.77e-01]
5800 [9.57e-02, 4.53e-02, 6.19e-01, -1.25e-01, 5.39e-02, -1.44e-01, 1.54e-01, 2.20e-02, 3.83e-02, 8.61e-03, 7.73e-01]
5900 [1.07e-01, 5.14e-02, 7.46e-01, -1.41e-01, 3.27e-02, -1.75e-01, 1.54e-01, 2.16e-02, 2.35e-02, 7.15e-03, 7.72e-01]
6000 [1.17e-01, 5.21e-02, 8.31e-01, -1.45e-01, 3.05e-02, -2.04e-01, 1.54e-01, 2.16e-02, 1.75e-02, 7.41e-03, 7.71e-01]
6100 [1.23e-01, 5.24e-02, 8.94e-01, -1.44e-01, 2.97e-02, -2.31e-01, 1.54e-01, 2.16e-02, 1.76e-02, 7.35e-03, 7.71e-01]
6200 [1.28e-01, 5.29e-02, 9.44e-01, -1.42e-01, 2.90e-02, -2.55e-01, 1.54e-01, 2.16e-02, 2.17e-02, 7.05e-03, 7.70e-01]
6300 [8.55e-02, 3.81e-02, 6.98e-01, -7.30e-02, -3.24e-02, -9.08e-03, 1.54e-01, 2.38e-02, 6.14e-02, -1.69e-02, 7.65e-01]
6400 [1.00e-01, 6.85e-02, 5.93e-01, -1.07e-01, -1.96e-02, -9.38e-02, 1.54e-01, 2.29e-02, 2.24e-02, -1.26e-02, 7.58e-01]
6500 [-7.28e-02, 4.64e-02, 5.86e-01, -5.50e-02, -3.63e-03, -1.33e-01, 1.54e-01, 1.86e-02, 3.80e-03, -7.29e-03, 7.56e-01]
6600 [-1.09e-01, 6.69e-02, 7.18e-01, -2.46e-02, -1.40e-02, -1.73e-01, 1.54e-01, 2.10e-02, -1.58e-02, -5.40e-03, 7.54e-01]
6700 [-1.26e-01, 6.78e-02, 8.07e-01, -2.86e-02, -2.04e-02, -2.09e-01, 1.54e-01, 2.19e-02, -1.61e-02, -4.99e-03, 7.53e-01]
6800 [-1.38e-01, 6.86e-02, 8.71e-01, -4.06e-02, -2.57e-02, -2.40e-01, 1.54e-01, 2.25e-02, -8.37e-03, -5.05e-03, 7.53e-01]
6900 [-1.46e-01, 7.00e-02, 9.20e-01, -5.43e-02, -2.97e-02, -2.67e-01, 1.54e-01, 2.32e-02, 2.84e-03, -5.39e-03, 7.54e-01]
7000 [2.85e-02, 5.63e-02, 8.91e-01, 6.58e-02, -1.98e-02, -2.29e-01, 1.54e-01, 2.60e-02, 1.74e-02, -2.13e-03, 7.53e-01]
7100 [2.84e-02, 6.53e-02, 9.64e-01, 6.17e-02, -1.77e-02, -2.63e-01, 1.54e-01, 2.59e-02, 2.00e-02, -2.71e-03, 7.53e-01]
7200 [2.78e-02, 6.78e-02, 1.01e+00, 5.66e-02, -1.67e-02, -2.93e-01, 1.54e-01, 2.59e-02, 3.17e-02, -3.84e-03, 7.53e-01]
7300 [-3.56e-02, 6.49e-02, 7.55e-01, 4.97e-02, 1.73e-02, -1.45e-01, 1.54e-01, 2.61e-02, 1.75e-02, 1.08e-02, 7.47e-01]
7400 [-5.10e-02, 7.68e-02, 8.51e-01, 5.09e-02, 1.28e-02, -2.08e-01, 1.54e-01, 2.61e-02, 2.56e-03, 1.12e-02, 7.44e-01]
7500 [-6.10e-02, 8.13e-02, 9.22e-01, 3.79e-02, 1.04e-02, -2.51e-01, 1.54e-01, 2.63e-02, 1.29e-02, 1.02e-02, 7.44e-01]
7600 [-6.76e-02, 8.61e-02, 9.74e-01, 2.38e-02, 7.98e-03, -2.86e-01, 1.54e-01, 2.65e-02, 2.95e-02, 8.80e-03, 7.45e-01]
7700 [1.27e-01, -3.45e-01, 1.75e+00, -8.50e-03, -3.71e-03, 9.10e-02, -1.75e-01, -2.63e-03, 2.22e-01, 7.35e-02, 5.19e-01]
7800 [5.96e-01, -3.53e-01, 1.87e+00, -4.02e-02, 2.45e-02, 9.59e-02, -1.76e-01, 2.63e-02, 2.33e-01, 7.92e-02, 5.12e-01]
7900 [6.14e-01, -3.53e-01, 1.86e+00, -9.44e-02, 2.21e-02, 9.99e-02, -1.76e-01, 2.24e-02, 2.43e-01, 8.21e-02, 5.03e-01]
8000 [6.22e-01, -3.53e-01, 1.84e+00, -1.47e-01, 2.01e-02, 1.04e-01, -1.76e-01, 2.04e-02, 2.53e-01, 8.43e-02, 4.95e-01]
8100 [6.29e-01, -3.53e-01, 1.82e+00, -1.96e-01, 1.80e-02, 1.09e-01, -1.76e-01, 1.85e-02, 2.63e-01, 8.62e-02, 4.85e-01]
8200 [6.37e-01, -3.53e-01, 1.80e+00, -2.43e-01, 1.59e-02, 1.13e-01, -1.76e-01, 1.65e-02, 2.73e-01, 8.80e-02, 4.75e-01]
8300 [6.45e-01, -3.53e-01, 1.77e+00, -2.88e-01, 1.36e-02, 1.19e-01, -1.76e-01, 1.45e-02, 2.84e-01, 8.99e-02, 4.64e-01]
8400 [6.52e-01, -3.53e-01, 1.75e+00, -3.31e-01, 1.12e-02, 1.24e-01, -1.76e-01, 1.24e-02, 2.95e-01, 9.18e-02, 4.51e-01]
8500 [6.60e-01, -3.53e-01, 1.73e+00, -3.74e-01, 8.65e-03, 1.30e-01, -1.76e-01, 1.03e-02, 3.06e-01, 9.38e-02, 4.37e-01]
8600 [6.68e-01, -3.53e-01, 1.70e+00, -4.17e-01, 5.96e-03, 1.37e-01, -1.76e-01, 7.92e-03, 3.18e-01, 9.61e-02, 4.19e-01]
8700 [6.75e-01, -3.53e-01, 1.68e+00, -4.58e-01, 3.13e-03, 1.44e-01, -1.76e-01, 5.44e-03, 3.30e-01, 9.85e-02, 3.99e-01]
8800 [6.83e-01, -3.53e-01, 1.65e+00, -4.99e-01, 1.55e-04, 1.52e-01, -1.76e-01, 2.80e-03, 3.43e-01, 1.01e-01, 3.76e-01]
8900 [6.91e-01, -3.53e-01, 1.63e+00, -5.38e-01, -2.97e-03, 1.60e-01, -1.76e-01, 4.90e-06, 3.57e-01, 1.04e-01, 3.49e-01]
9000 [6.98e-01, -3.53e-01, 1.60e+00, -5.75e-01, -6.23e-03, 1.68e-01, -1.76e-01, -2.93e-03, 3.71e-01, 1.07e-01, 3.18e-01]
9100 [7.06e-01, -3.53e-01, 1.57e+00, -6.08e-01, -9.59e-03, 1.78e-01, -1.76e-01, -5.96e-03, 3.85e-01, 1.10e-01, 2.83e-01]
9200 [7.14e-01, -3.53e-01, 1.55e+00, -6.36e-01, -1.30e-02, 1.88e-01, -1.76e-01, -8.99e-03, 3.97e-01, 1.13e-01, 2.45e-01]
9300 [7.22e-01, -3.53e-01, 1.52e+00, -6.56e-01, -1.64e-02, 1.98e-01, -1.76e-01, -1.18e-02, 4.07e-01, 1.16e-01, 2.05e-01]
9400 [7.31e-01, -3.53e-01, 1.50e+00, -6.67e-01, -1.96e-02, 2.09e-01, -1.76e-01, -1.43e-02, 4.13e-01, 1.18e-01, 1.66e-01]
9500 [7.39e-01, -3.53e-01, 1.48e+00, -6.67e-01, -2.25e-02, 2.19e-01, -1.76e-01, -1.60e-02, 4.13e-01, 1.19e-01, 1.33e-01]
9600 [7.48e-01, -3.53e-01, 1.46e+00, -6.57e-01, -2.49e-02, 2.30e-01, -1.76e-01, -1.68e-02, 4.06e-01, 1.19e-01, 1.08e-01]
9700 [7.57e-01, -3.53e-01, 1.44e+00, -6.40e-01, -2.66e-02, 2.40e-01, -1.76e-01, -1.66e-02, 3.94e-01, 1.20e-01, 9.09e-02]
9800 [7.66e-01, -3.53e-01, 1.42e+00, -6.19e-01, -2.77e-02, 2.50e-01, -1.76e-01, -1.56e-02, 3.78e-01, 1.20e-01, 7.95e-02]
9900 [7.75e-01, -3.53e-01, 1.41e+00, -5.97e-01, -2.81e-02, 2.59e-01, -1.76e-01, -1.39e-02, 3.60e-01, 1.20e-01, 7.15e-02]
10000 [7.84e-01, -3.53e-01, 1.40e+00, -5.75e-01, -2.79e-02, 2.66e-01, -1.76e-01, -1.17e-02, 3.41e-01, 1.20e-01, 6.54e-02]
10000 [7.84e-01, -3.53e-01, 1.40e+00, -5.75e-01, -2.79e-02, 2.66e-01, -1.76e-01, -1.17e-02, 3.41e-01, 1.20e-01, 6.54e-02]
10100 [6.24e-01, -3.05e-01, 1.16e+00, -4.03e-01, -1.04e-01, 1.09e-01, -8.65e-02, -4.92e-02, 1.30e-01, 5.01e-01, 1.18e-01]
10200 [6.24e-01, -3.05e-01, 1.15e+00, -4.04e-01, -1.05e-01, 1.09e-01, -8.65e-02, -4.92e-02, 1.29e-01, 5.02e-01, 1.18e-01]
10300 [6.24e-01, -3.05e-01, 1.12e+00, -4.05e-01, -1.07e-01, 1.11e-01, -8.65e-02, -4.93e-02, 1.27e-01, 5.02e-01, 1.18e-01]
10400 [6.24e-01, -3.05e-01, 1.08e+00, -4.06e-01, -1.10e-01, 1.14e-01, -8.65e-02, -4.93e-02, 1.24e-01, 5.02e-01, 1.18e-01]
10500 [6.24e-01, -3.05e-01, 1.03e+00, -4.08e-01, -1.14e-01, 1.16e-01, -8.65e-02, -4.94e-02, 1.21e-01, 5.02e-01, 1.18e-01]
10600 [6.24e-01, -3.05e-01, 9.75e-01, -4.09e-01, -1.18e-01, 1.19e-01, -8.65e-02, -4.94e-02, 1.17e-01, 4.80e-01, 1.18e-01]
10700 [6.24e-01, -3.05e-01, 9.17e-01, -4.11e-01, -1.23e-01, 1.21e-01, -8.65e-02, -4.95e-02, 1.13e-01, 4.80e-01, 1.18e-01]
10800 [6.24e-01, -3.05e-01, 8.54e-01, -4.13e-01, -1.27e-01, 1.24e-01, -8.65e-02, -4.96e-02, 1.10e-01, 4.80e-01, 1.18e-01]
10900 [6.24e-01, -3.05e-01, 7.89e-01, -4.14e-01, -1.31e-01, 1.27e-01, -8.65e-02, -4.96e-02, 1.06e-01, 4.80e-01, 1.18e-01]
11000 [6.24e-01, -3.05e-01, 7.23e-01, -4.16e-01, -1.35e-01, 1.29e-01, -8.65e-02, -4.97e-02, 1.03e-01, 4.60e-01, 1.18e-01]
11100 [6.24e-01, -3.05e-01, 6.55e-01, -4.17e-01, -1.38e-01, 1.32e-01, -8.65e-02, -4.97e-02, 9.95e-02, 4.46e-01, 1.18e-01]
11200 [6.24e-01, -3.05e-01, 5.89e-01, -4.19e-01, -1.41e-01, 1.34e-01, -8.65e-02, -4.98e-02, 9.67e-02, 4.46e-01, 1.18e-01]
11300 [6.24e-01, -3.05e-01, 5.23e-01, -4.20e-01, -1.44e-01, 1.36e-01, -8.65e-02, -4.98e-02, 9.41e-02, 4.46e-01, 1.18e-01]
11400 [6.24e-01, -3.05e-01, 4.61e-01, -4.21e-01, -1.46e-01, 1.37e-01, -8.65e-02, -4.98e-02, 9.19e-02, 4.45e-01, 1.18e-01]
11500 [6.24e-01, -3.05e-01, 4.05e-01, -4.22e-01, -1.30e-01, 1.38e-01, -8.65e-02, -4.98e-02, 8.98e-02, 3.65e-01, 1.18e-01]
11600 [6.23e-01, -3.05e-01, 3.64e-01, -4.24e-01, -1.09e-01, 1.40e-01, -8.65e-02, -4.98e-02, 8.57e-02, 3.29e-01, 1.18e-01]
11700 [6.23e-01, -3.05e-01, 3.08e-01, -4.24e-01, -8.86e-02, 1.40e-01, -8.65e-02, -4.99e-02, 8.39e-02, 3.21e-01, 1.18e-01]
11800 [6.22e-01, -3.05e-01, 2.58e-01, -4.25e-01, 9.85e-03, 1.41e-01, -8.65e-02, -4.99e-02, 8.38e-02, 2.61e-01, 1.18e-01]
11900 [6.22e-01, -3.05e-01, 2.36e-01, -4.27e-01, -1.80e-02, 1.41e-01, -8.65e-02, -4.98e-02, 7.83e-02, 1.92e-01, 1.18e-01]
12000 [6.21e-01, -3.05e-01, 2.22e-01, -4.32e-01, -1.18e-02, 1.40e-01, -8.65e-02, -4.94e-02, 7.09e-02, 1.91e-01, 1.18e-01]
12100 [6.21e-01, -3.06e-01, 2.05e-01, -4.40e-01, -2.00e-03, 1.40e-01, -8.65e-02, -4.84e-02, 6.30e-02, 1.90e-01, 1.18e-01]
12200 [6.20e-01, -3.06e-01, 1.77e-01, -4.50e-01, 1.38e-02, 1.41e-01, -8.65e-02, -4.67e-02, 5.66e-02, 1.89e-01, 1.19e-01]
12300 [6.19e-01, -3.08e-01, 1.50e-01, -4.59e-01, 2.93e-02, 1.42e-01, -8.65e-02, -4.51e-02, 5.35e-02, 1.88e-01, 1.19e-01]
12400 [6.19e-01, -3.08e-01, 1.41e-01, -4.64e-01, 3.77e-02, 1.43e-01, -8.65e-02, -4.45e-02, 5.19e-02, 1.87e-01, 1.19e-01]
12500 [6.19e-01, -3.04e-01, 1.45e-01, -4.67e-01, 4.24e-02, 1.44e-01, -8.65e-02, -4.42e-02, 5.09e-02, 1.85e-01, 1.19e-01]
12600 [6.20e-01, -2.98e-01, 1.56e-01, -4.68e-01, 4.55e-02, 1.45e-01, -8.65e-02, -4.40e-02, 5.02e-02, 1.84e-01, 1.19e-01]
12700 [6.20e-01, -2.91e-01, 1.70e-01, -4.69e-01, 4.76e-02, 1.45e-01, -8.65e-02, -4.39e-02, 4.98e-02, 1.83e-01, 1.19e-01]
12800 [6.20e-01, -2.82e-01, 1.83e-01, -4.70e-01, 4.92e-02, 1.45e-01, -8.65e-02, -4.38e-02, 4.95e-02, 1.82e-01, 1.19e-01]
12900 [6.20e-01, -2.72e-01, 1.96e-01, -4.70e-01, 5.04e-02, 1.45e-01, -8.65e-02, -4.37e-02, 4.93e-02, 1.81e-01, 1.19e-01]
13000 [6.21e-01, -2.61e-01, 2.07e-01, -4.70e-01, 5.12e-02, 1.45e-01, -8.65e-02, -4.36e-02, 4.92e-02, 1.80e-01, 1.19e-01]
13100 [6.21e-01, -2.48e-01, 2.17e-01, -4.70e-01, 4.95e-02, 1.46e-01, -8.65e-02, -4.35e-02, 4.91e-02, 1.78e-01, 1.19e-01]
13200 [6.21e-01, -2.35e-01, 2.26e-01, -4.70e-01, 4.98e-02, 1.46e-01, -8.65e-02, -4.35e-02, 4.91e-02, 1.77e-01, 1.19e-01]
13300 [6.21e-01, -2.21e-01, 2.26e-01, -4.70e-01, 4.38e-02, 1.46e-01, -8.65e-02, -4.34e-02, 4.90e-02, 1.71e-01, 1.19e-01]
13400 [6.22e-01, -2.04e-01, 2.26e-01, -4.70e-01, 3.69e-02, 1.46e-01, -8.65e-02, -4.33e-02, 4.90e-02, 1.63e-01, 1.19e-01]
13500 [6.22e-01, -1.87e-01, 2.26e-01, -4.70e-01, 2.65e-02, 1.46e-01, -8.65e-02, -4.33e-02, 4.89e-02, 1.56e-01, 1.19e-01]
13600 [6.22e-01, -1.68e-01, 2.24e-01, -4.70e-01, 1.56e-02, 1.46e-01, -8.65e-02, -4.32e-02, 4.89e-02, 1.36e-01, 1.19e-01]
13700 [6.22e-01, -1.49e-01, 2.22e-01, -4.70e-01, 8.09e-03, 1.46e-01, -8.65e-02, -4.32e-02, 4.88e-02, 1.28e-01, 1.19e-01]
13800 [6.23e-01, -1.28e-01, 2.18e-01, -4.70e-01, -1.36e-04, 1.47e-01, -8.65e-02, -4.32e-02, 4.88e-02, 9.86e-02, 1.19e-01]
13900 [6.23e-01, -1.06e-01, 2.15e-01, -4.69e-01, -5.38e-03, 1.47e-01, -8.65e-02, -4.31e-02, 4.87e-02, 9.29e-02, 1.19e-01]
14000 [6.23e-01, -8.39e-02, 2.11e-01, -4.69e-01, -7.40e-03, 1.47e-01, -8.65e-02, -4.31e-02, 4.88e-02, 8.92e-02, 1.19e-01]
14100 [6.23e-01, -6.27e-02, 2.04e-01, -4.69e-01, -1.22e-02, 1.47e-01, -8.65e-02, -4.31e-02, 4.89e-02, 7.17e-02, 1.19e-01]
14200 [6.23e-01, -4.33e-02, 1.95e-01, -4.69e-01, -1.07e-02, 1.47e-01, -8.65e-02, -4.31e-02, 4.91e-02, 6.72e-02, 1.19e-01]
14300 [6.24e-01, -2.61e-02, 1.85e-01, -4.69e-01, -1.51e-02, 1.47e-01, -8.65e-02, -4.32e-02, 4.93e-02, 5.98e-02, 1.19e-01]
14400 [6.24e-01, -1.07e-02, 1.74e-01, -4.69e-01, -1.74e-02, 1.47e-01, -8.65e-02, -4.32e-02, 4.94e-02, 5.36e-02, 1.19e-01]
14500 [6.24e-01, 2.80e-03, 1.63e-01, -4.68e-01, -1.84e-02, 1.47e-01, -8.65e-02, -4.32e-02, 4.96e-02, 4.72e-02, 1.19e-01]
14600 [6.24e-01, 1.49e-02, 1.52e-01, -4.68e-01, -1.94e-02, 1.47e-01, -8.65e-02, -4.33e-02, 4.98e-02, 4.13e-02, 1.19e-01]
14700 [6.24e-01, 2.58e-02, 1.42e-01, -4.68e-01, -2.00e-02, 1.47e-01, -8.65e-02, -4.33e-02, 4.99e-02, 3.55e-02, 1.19e-01]
14800 [6.24e-01, 3.58e-02, 1.34e-01, -4.67e-01, -2.02e-02, 1.47e-01, -8.65e-02, -4.33e-02, 5.00e-02, 2.97e-02, 1.19e-01]
14900 [6.25e-01, 4.53e-02, 1.26e-01, -4.67e-01, -2.00e-02, 1.47e-01, -8.65e-02, -4.34e-02, 5.02e-02, 2.42e-02, 1.19e-01]
15000 [6.25e-01, 5.43e-02, 1.19e-01, -4.66e-01, -1.96e-02, 1.47e-01, -8.65e-02, -4.34e-02, 5.03e-02, 1.91e-02, 1.19e-01]
15100 [6.25e-01, 6.29e-02, 1.13e-01, -4.66e-01, -2.14e-02, 1.47e-01, -8.65e-02, -4.34e-02, 5.04e-02, 1.52e-02, 1.19e-01]
15200 [6.25e-01, 7.13e-02, 1.07e-01, -4.65e-01, -2.17e-02, 1.47e-01, -8.65e-02, -4.34e-02, 5.06e-02, 1.12e-02, 1.19e-01]
15300 [6.25e-01, 7.94e-02, 1.03e-01, -4.64e-01, -1.96e-02, 1.47e-01, -8.65e-02, -4.35e-02, 5.07e-02, 6.99e-03, 1.19e-01]
15400 [6.25e-01, 8.73e-02, 9.88e-02, -4.64e-01, -2.14e-02, 1.47e-01, -8.65e-02, -4.35e-02, 5.08e-02, 4.06e-03, 1.19e-01]
15500 [6.26e-01, 9.51e-02, 9.55e-02, -4.63e-01, -2.26e-02, 1.46e-01, -8.65e-02, -4.35e-02, 5.09e-02, 1.37e-03, 1.19e-01]
15600 [6.26e-01, 1.03e-01, 9.28e-02, -4.62e-01, -2.09e-02, 1.46e-01, -8.65e-02, -4.36e-02, 5.10e-02, -1.10e-03, 1.19e-01]
15700 [6.26e-01, 1.10e-01, 9.07e-02, -4.61e-01, -2.13e-02, 1.46e-01, -8.65e-02, -4.36e-02, 5.12e-02, -3.15e-03, 1.19e-01]
15800 [6.26e-01, 1.18e-01, 8.89e-02, -4.60e-01, -2.08e-02, 1.46e-01, -8.65e-02, -4.36e-02, 5.13e-02, -4.79e-03, 1.19e-01]
15900 [6.26e-01, 1.25e-01, 8.73e-02, -4.59e-01, -2.07e-02, 1.46e-01, -8.65e-02, -4.37e-02, 5.14e-02, -6.10e-03, 1.19e-01]
16000 [6.27e-01, 1.32e-01, 8.60e-02, -4.58e-01, -2.18e-02, 1.46e-01, -8.65e-02, -4.37e-02, 5.15e-02, -7.12e-03, 1.19e-01]
16100 [6.27e-01, 1.39e-01, 8.49e-02, -4.57e-01, -2.03e-02, 1.46e-01, -8.65e-02, -4.37e-02, 5.16e-02, -7.76e-03, 1.19e-01]
16200 [6.27e-01, 1.45e-01, 8.38e-02, -4.56e-01, -2.04e-02, 1.46e-01, -8.65e-02, -4.38e-02, 5.18e-02, -8.16e-03, 1.19e-01]
16300 [6.27e-01, 1.51e-01, 8.30e-02, -4.55e-01, -1.90e-02, 1.46e-01, -8.65e-02, -4.38e-02, 5.19e-02, -8.26e-03, 1.19e-01]
16400 [6.28e-01, 1.56e-01, 8.22e-02, -4.54e-01, -2.03e-02, 1.46e-01, -8.65e-02, -4.38e-02, 5.20e-02, -8.59e-03, 1.19e-01]
16500 [6.28e-01, 1.61e-01, 8.16e-02, -4.53e-01, -1.31e-02, 1.46e-01, -8.65e-02, -4.39e-02, 5.21e-02, -8.26e-03, 1.19e-01]
16600 [6.28e-01, 1.66e-01, 8.08e-02, -4.51e-01, -1.68e-02, 1.46e-01, -8.65e-02, -4.39e-02, 5.22e-02, -7.97e-03, 1.19e-01]
16700 [6.28e-01, 1.72e-01, 8.01e-02, -4.50e-01, -1.87e-02, 1.46e-01, -8.65e-02, -4.40e-02, 5.23e-02, -7.87e-03, 1.19e-01]
16800 [6.29e-01, 1.76e-01, 7.93e-02, -4.48e-01, -1.09e-02, 1.46e-01, -8.65e-02, -4.40e-02, 5.24e-02, -6.14e-03, 1.19e-01]
16900 [6.29e-01, 1.81e-01, 7.90e-02, -4.47e-01, -1.13e-02, 1.46e-01, -8.65e-02, -4.40e-02, 5.25e-02, -6.79e-03, 1.19e-01]
17000 [6.29e-01, 1.86e-01, 7.85e-02, -4.45e-01, -1.63e-02, 1.46e-01, -8.65e-02, -4.41e-02, 5.27e-02, -5.35e-03, 1.19e-01]
17100 [6.30e-01, 1.90e-01, 7.81e-02, -4.43e-01, -1.16e-02, 1.46e-01, -8.65e-02, -4.41e-02, 5.28e-02, -6.44e-03, 1.19e-01]
17200 [6.30e-01, 1.94e-01, 7.77e-02, -4.41e-01, -1.56e-02, 1.46e-01, -8.65e-02, -4.41e-02, 5.29e-02, -5.51e-03, 1.19e-01]
17300 [6.30e-01, 1.98e-01, 7.73e-02, -4.39e-01, -1.77e-02, 1.46e-01, -8.65e-02, -4.42e-02, 5.30e-02, -6.25e-04, 1.19e-01]
17400 [6.30e-01, 2.01e-01, 7.68e-02, -4.37e-01, -1.43e-02, 1.46e-01, -8.65e-02, -4.42e-02, 5.31e-02, -4.55e-03, 1.19e-01]
17500 [6.31e-01, 2.03e-01, 7.63e-02, -4.35e-01, -1.70e-02, 1.46e-01, -8.65e-02, -4.43e-02, 5.32e-02, -6.02e-03, 1.19e-01]
17600 [6.30e-01, 2.05e-01, 7.59e-02, -4.33e-01, -2.16e-02, 1.46e-01, -8.65e-02, -4.43e-02, 5.33e-02, -9.99e-03, 1.19e-01]
17700 [6.30e-01, 2.06e-01, 7.55e-02, -4.30e-01, 2.90e-03, 1.46e-01, -8.65e-02, -4.43e-02, 5.34e-02, -1.74e-02, 1.19e-01]
17800 [6.28e-01, 2.04e-01, 7.44e-02, -4.27e-01, -2.40e-02, 1.46e-01, -8.65e-02, -4.44e-02, 5.34e-02, -1.15e-02, 1.19e-01]
17900 [6.25e-01, 2.04e-01, 7.40e-02, -4.23e-01, -7.82e-03, 1.46e-01, -8.65e-02, -4.44e-02, 5.36e-02, -1.17e-02, 1.19e-01]
18000 [6.22e-01, 2.05e-01, 7.43e-02, -4.18e-01, -1.50e-02, 1.46e-01, -8.65e-02, -4.44e-02, 5.37e-02, -1.58e-02, 1.19e-01]
18100 [6.20e-01, 2.07e-01, 7.49e-02, -4.14e-01, -1.11e-02, 1.46e-01, -8.65e-02, -4.44e-02, 5.38e-02, -1.25e-02, 1.19e-01]
18200 [6.17e-01, 2.08e-01, 7.45e-02, -4.10e-01, -1.56e-02, 1.46e-01, -8.65e-02, -4.45e-02, 5.40e-02, 8.88e-03, 1.19e-01]
18300 [6.14e-01, 2.09e-01, 7.41e-02, -4.05e-01, 7.50e-03, 1.46e-01, -8.65e-02, -4.45e-02, 5.42e-02, 1.18e-03, 1.19e-01]
18400 [6.10e-01, 2.10e-01, 7.36e-02, -4.01e-01, -5.05e-03, 1.45e-01, -8.65e-02, -4.45e-02, 5.44e-02, -2.76e-03, 1.19e-01]
18500 [6.06e-01, 2.10e-01, 7.27e-02, -3.96e-01, -1.81e-02, 1.45e-01, -8.65e-02, -4.45e-02, 5.46e-02, -1.44e-02, 1.19e-01]
18600 [6.03e-01, 2.13e-01, 7.44e-02, -3.92e-01, -7.10e-03, 1.45e-01, -8.65e-02, -4.46e-02, 5.48e-02, -3.81e-03, 1.19e-01]
18700 [5.98e-01, 2.09e-01, 7.05e-02, -3.87e-01, -6.11e-02, 1.45e-01, -8.65e-02, -4.46e-02, 5.53e-02, 1.63e-02, 1.19e-01]
18800 [5.92e-01, 2.08e-01, 6.65e-02, -3.83e-01, 1.35e-01, 1.43e-01, -8.65e-02, -4.46e-02, 5.55e-02, 8.04e-05, 1.19e-01]
18900 [5.91e-01, 2.19e-01, 7.57e-02, -3.79e-01, 1.92e-02, 1.43e-01, -8.65e-02, -4.46e-02, 5.55e-02, -3.10e-03, 1.19e-01]
19000 [5.88e-01, 2.20e-01, 7.82e-02, -3.76e-01, -3.47e-02, 1.42e-01, -8.65e-02, -4.46e-02, 5.48e-02, 4.29e-03, 1.19e-01]
19100 [5.82e-01, 2.17e-01, 7.68e-02, -3.73e-01, -3.80e-02, 1.39e-01, -8.65e-02, -4.47e-02, 5.38e-02, 9.89e-04, 1.19e-01]
19200 [5.78e-01, 2.13e-01, 7.29e-02, -3.69e-01, -2.69e-02, 1.36e-01, -8.65e-02, -4.47e-02, 5.30e-02, -2.57e-02, 1.19e-01]
19300 [5.74e-01, 2.14e-01, 7.37e-02, -3.65e-01, -1.16e-02, 1.34e-01, -8.65e-02, -4.48e-02, 5.24e-02, 1.50e-02, 1.19e-01]
19400 [5.69e-01, 2.13e-01, 7.65e-02, -3.61e-01, 1.30e-03, 1.31e-01, -8.65e-02, -4.48e-02, 5.16e-02, 5.98e-03, 1.19e-01]
19500 [5.64e-01, 2.09e-01, 7.56e-02, -3.57e-01, -1.84e-02, 1.28e-01, -8.65e-02, -4.48e-02, 5.09e-02, 3.96e-03, 1.19e-01]
19600 [5.60e-01, 2.09e-01, 7.52e-02, -3.53e-01, -4.13e-02, 1.26e-01, -8.65e-02, -4.49e-02, 5.02e-02, 8.71e-03, 1.19e-01]
19700 [5.53e-01, 1.99e-01, 6.65e-02, -3.48e-01, -4.32e-02, 1.22e-01, -8.65e-02, -4.49e-02, 4.91e-02, 4.58e-03, 1.19e-01]
19800 [5.48e-01, 1.96e-01, 7.07e-02, -3.43e-01, -5.34e-02, 1.19e-01, -8.65e-02, -4.50e-02, 4.84e-02, 9.47e-03, 1.19e-01]
19900 [5.47e-01, 2.02e-01, 8.80e-02, -3.37e-01, -7.91e-03, 1.18e-01, -8.65e-02, -4.51e-02, 4.80e-02, -1.07e-03, 1.19e-01]
20000 [5.38e-01, 1.98e-01, 8.69e-02, -3.33e-01, 1.56e-02, 1.12e-01, -8.65e-02, -4.51e-02, 4.62e-02, 1.87e-02, 1.19e-01]
20000 [5.38e-01, 1.98e-01, 8.69e-02, -3.33e-01, 1.56e-02, 1.12e-01, -8.65e-02, -4.51e-02, 4.62e-02, 1.87e-02, 1.19e-01]
20100 [2.93e-01, 1.32e-01, 5.88e-02, -1.47e-01, 5.77e-02, -1.65e-01, -6.56e-02, -1.24e-01, 1.03e-01, 2.46e-01, -9.78e-02]
20200 [2.93e-01, 1.32e-01, 5.69e-02, -1.49e-01, 5.50e-02, -1.66e-01, -6.55e-02, -1.24e-01, 1.01e-01, 2.46e-01, -9.78e-02]
20300 [2.94e-01, 1.32e-01, 6.62e-02, -1.51e-01, 6.48e-02, -1.66e-01, -6.55e-02, -1.23e-01, 9.98e-02, 2.46e-01, -9.78e-02]
20400 [2.97e-01, 1.32e-01, 7.43e-02, -1.44e-01, 6.13e-02, -1.68e-01, -6.55e-02, -1.28e-01, 9.66e-02, 2.40e-01, -9.77e-02]
20500 [3.00e-01, 1.32e-01, 8.20e-02, -1.41e-01, 4.25e-02, -1.51e-01, -6.55e-02, -1.28e-01, 7.71e-02, 2.03e-01, -9.66e-02]
20600 [3.02e-01, 1.32e-01, 8.99e-02, -1.48e-01, 3.62e-02, -1.52e-01, -6.55e-02, -1.25e-01, 7.76e-02, 1.99e-01, -9.65e-02]
20700 [3.04e-01, 1.31e-01, 9.39e-02, -1.50e-01, 5.34e-02, -1.48e-01, -6.55e-02, -1.29e-01, 6.44e-02, 2.00e-01, -9.64e-02]
20800 [3.05e-01, 1.31e-01, 9.65e-02, -1.44e-01, 7.43e-02, -1.43e-01, -6.55e-02, -1.39e-01, 5.41e-02, 1.98e-01, -9.62e-02]
20900 [3.07e-01, 1.31e-01, 9.86e-02, -1.35e-01, 9.20e-02, -1.39e-01, -6.55e-02, -1.48e-01, 4.93e-02, 1.95e-01, -9.61e-02]
21000 [3.09e-01, 1.31e-01, 1.01e-01, -1.26e-01, 1.04e-01, -1.36e-01, -6.55e-02, -1.56e-01, 4.74e-02, 1.92e-01, -9.60e-02]
21100 [3.10e-01, 1.31e-01, 1.04e-01, -1.18e-01, 1.11e-01, -1.33e-01, -6.55e-02, -1.63e-01, 4.71e-02, 1.88e-01, -9.60e-02]
21200 [3.12e-01, 1.31e-01, 1.07e-01, -1.11e-01, 1.19e-01, -1.32e-01, -6.55e-02, -1.68e-01, 4.76e-02, 1.85e-01, -9.60e-02]
21300 [3.13e-01, 1.31e-01, 1.10e-01, -1.06e-01, 1.21e-01, -1.29e-01, -6.55e-02, -1.72e-01, 4.87e-02, 1.81e-01, -9.60e-02]
21400 [3.15e-01, 1.31e-01, 1.13e-01, -1.02e-01, 1.14e-01, -1.25e-01, -6.55e-02, -1.75e-01, 5.01e-02, 1.75e-01, -9.59e-02]
21500 [3.16e-01, 1.31e-01, 1.17e-01, -9.92e-02, 1.19e-01, -1.26e-01, -6.55e-02, -1.77e-01, 5.13e-02, 1.73e-01, -9.59e-02]
21600 [3.18e-01, 1.31e-01, 1.21e-01, -9.76e-02, 1.03e-01, -1.22e-01, -6.55e-02, -1.78e-01, 5.24e-02, 1.65e-01, -9.59e-02]
21700 [3.20e-01, 1.31e-01, 1.24e-01, -9.69e-02, 8.22e-02, -1.19e-01, -6.55e-02, -1.79e-01, 5.26e-02, 1.52e-01, -9.59e-02]
21800 [3.21e-01, 1.31e-01, 1.28e-01, -9.70e-02, 7.84e-02, -1.20e-01, -6.55e-02, -1.79e-01, 5.30e-02, 1.48e-01, -9.59e-02]
21900 [3.23e-01, 1.31e-01, 1.31e-01, -9.79e-02, 5.16e-02, -1.17e-01, -6.55e-02, -1.79e-01, 5.11e-02, 1.28e-01, -9.58e-02]
22000 [3.25e-01, 1.31e-01, 1.35e-01, -9.92e-02, 2.15e-02, -1.11e-01, -6.55e-02, -1.78e-01, 4.65e-02, 9.76e-02, -9.58e-02]
22100 [3.27e-01, 1.31e-01, 1.39e-01, -1.01e-01, 1.32e-02, -1.14e-01, -6.55e-02, -1.77e-01, 4.51e-02, 9.18e-02, -9.58e-02]
22200 [3.29e-01, 1.31e-01, 1.43e-01, -1.03e-01, 3.97e-03, -1.10e-01, -6.55e-02, -1.76e-01, 4.02e-02, 7.49e-02, -9.57e-02]
22300 [3.31e-01, 1.31e-01, 1.47e-01, -1.06e-01, -7.25e-03, -1.09e-01, -6.55e-02, -1.75e-01, 3.51e-02, 5.91e-02, -9.56e-02]
22400 [3.33e-01, 1.31e-01, 1.51e-01, -1.09e-01, -1.51e-02, -1.14e-01, -6.55e-02, -1.73e-01, 3.25e-02, 5.67e-02, -9.54e-02]
22500 [3.35e-01, 1.31e-01, 1.56e-01, -1.11e-01, -8.79e-03, -9.77e-02, -6.55e-02, -1.72e-01, 2.23e-02, 3.33e-02, -9.52e-02]
22600 [3.37e-01, 1.31e-01, 1.61e-01, -1.14e-01, -1.67e-02, -1.05e-01, -6.55e-02, -1.70e-01, 1.89e-02, 3.16e-02, -9.49e-02]
22700 [3.40e-01, 1.31e-01, 1.67e-01, -1.16e-01, -9.04e-03, -8.78e-02, -6.55e-02, -1.68e-01, 1.40e-02, 2.95e-02, -9.43e-02]
22800 [3.42e-01, 1.31e-01, 1.71e-01, -1.18e-01, -6.70e-03, -8.15e-02, -6.55e-02, -1.67e-01, 8.09e-03, 1.45e-02, -9.38e-02]
22900 [3.44e-01, 1.31e-01, 1.76e-01, -1.20e-01, -1.39e-02, -9.39e-02, -6.55e-02, -1.65e-01, 4.32e-03, 1.39e-02, -9.32e-02]
23000 [3.47e-01, 1.31e-01, 1.82e-01, -1.21e-01, -2.16e-02, -1.07e-01, -6.55e-02, -1.64e-01, 1.02e-03, 1.37e-02, -9.24e-02]
23100 [3.49e-01, 1.31e-01, 1.86e-01, -1.25e-01, 6.50e-03, 1.15e-03, -6.55e-02, -1.63e-01, 1.26e-02, 7.48e-03, -8.99e-02]
23200 [3.52e-01, 1.31e-01, 1.85e-01, -1.29e-01, 1.98e-03, -2.35e-02, -6.55e-02, -1.61e-01, 5.14e-03, 6.35e-03, -8.93e-02]
23300 [3.55e-01, 1.32e-01, 1.87e-01, -1.30e-01, -2.61e-03, -4.84e-02, -6.55e-02, -1.60e-01, 5.84e-04, 5.50e-03, -8.83e-02]
23400 [3.58e-01, 1.32e-01, 1.91e-01, -1.31e-01, -8.42e-03, -7.21e-02, -6.55e-02, -1.59e-01, -2.11e-03, 4.95e-03, -8.71e-02]
23500 [3.61e-01, 1.32e-01, 1.98e-01, -1.30e-01, -1.55e-02, -9.39e-02, -6.55e-02, -1.58e-01, -3.62e-03, 4.74e-03, -8.55e-02]
23600 [3.63e-01, 1.32e-01, 2.06e-01, -1.32e-01, 7.35e-03, 6.18e-02, -6.55e-02, -1.57e-01, 2.26e-02, -1.57e-03, -7.67e-02]
23700 [3.67e-01, 1.32e-01, 1.95e-01, -1.40e-01, -4.69e-05, 2.80e-02, -6.55e-02, -1.55e-01, 8.73e-03, -3.21e-03, -7.62e-02]
23800 [3.70e-01, 1.32e-01, 1.90e-01, -1.43e-01, -2.37e-03, -7.87e-03, -6.55e-02, -1.55e-01, 1.77e-03, -4.52e-03, -7.54e-02]
23900 [3.74e-01, 1.32e-01, 1.91e-01, -1.43e-01, -6.68e-03, -4.34e-02, -6.55e-02, -1.55e-01, -1.04e-03, -5.80e-03, -7.39e-02]
24000 [3.78e-01, 1.32e-01, 1.97e-01, -1.42e-01, -1.37e-02, -7.53e-02, -6.55e-02, -1.54e-01, -1.13e-03, -6.36e-03, -7.18e-02]
24100 [3.81e-01, 1.32e-01, 2.07e-01, -1.39e-01, -2.33e-02, -1.03e-01, -6.55e-02, -1.53e-01, -5.21e-05, -6.09e-03, -6.93e-02]
24200 [3.81e-01, 1.32e-01, 2.10e-01, -1.46e-01, -3.25e-03, 3.13e-02, -6.55e-02, -1.52e-01, -2.39e-02, 1.86e-02, -6.03e-02]
24300 [3.85e-01, 1.33e-01, 2.00e-01, -1.48e-01, -6.62e-03, -9.22e-03, -6.55e-02, -1.53e-01, -2.52e-02, 1.34e-02, -5.90e-02]
24400 [3.89e-01, 1.33e-01, 2.01e-01, -1.44e-01, -1.17e-02, -5.01e-02, -6.55e-02, -1.53e-01, -2.04e-02, 9.93e-03, -5.65e-02]
24500 [3.94e-01, 1.33e-01, 2.09e-01, -1.39e-01, -2.09e-02, -8.46e-02, -6.55e-02, -1.53e-01, -1.44e-02, 8.06e-03, -5.32e-02]
24600 [3.98e-01, 1.33e-01, 2.22e-01, -1.34e-01, -3.05e-02, -1.12e-01, -6.55e-02, -1.52e-01, -9.01e-03, -2.29e-03, -4.95e-02]
24700 [3.98e-01, 1.33e-01, 2.24e-01, -1.40e-01, 6.39e-03, -8.64e-03, -6.55e-02, -1.51e-01, 2.50e-02, 3.91e-03, -4.45e-02]
24800 [4.03e-01, 1.34e-01, 2.24e-01, -1.41e-01, 2.38e-03, -6.68e-02, -6.55e-02, -1.51e-01, 1.80e-02, 2.31e-03, -4.11e-02]
24900 [4.08e-01, 1.34e-01, 2.36e-01, -1.38e-01, -6.66e-03, -1.07e-01, -6.55e-02, -1.50e-01, 1.91e-02, 1.64e-03, -3.64e-02]
25000 [3.89e-01, 1.34e-01, 2.30e-01, -1.41e-01, 1.36e-02, 4.79e-03, -6.55e-02, -1.50e-01, 1.56e-02, -1.93e-02, -3.14e-02]
25100 [3.95e-01, 1.34e-01, 2.29e-01, -1.39e-01, 1.47e-02, -6.38e-02, -6.55e-02, -1.51e-01, 1.50e-02, -1.85e-02, -2.72e-02]
25200 [4.00e-01, 1.34e-01, 2.44e-01, -1.34e-01, 5.80e-03, -1.10e-01, -6.55e-02, -1.51e-01, 2.00e-02, -1.63e-02, -2.13e-02]
25300 [3.48e-01, 1.34e-01, 2.35e-01, -1.66e-01, -1.93e-02, 1.11e-02, -6.55e-02, -1.49e-01, 6.65e-03, -2.27e-02, -1.60e-02]
25400 [3.56e-01, 1.34e-01, 2.37e-01, -1.54e-01, -1.87e-02, -6.89e-02, -6.55e-02, -1.54e-01, 2.68e-02, -2.21e-02, -1.01e-02]
25500 [3.63e-01, 1.34e-01, 2.60e-01, -1.44e-01, -3.22e-02, -1.19e-01, -6.55e-02, -1.54e-01, 3.98e-02, 7.14e-03, -2.35e-03]
25600 [3.62e-01, 1.35e-01, 2.56e-01, -1.48e-01, 1.10e-02, -5.08e-02, -6.55e-02, -1.54e-01, 3.42e-02, 6.81e-03, 4.33e-03]
25700 [3.69e-01, 1.35e-01, 2.75e-01, -1.40e-01, -3.05e-03, -1.01e-01, -6.55e-02, -1.55e-01, 4.69e-02, 4.36e-03, 1.35e-02]
25800 [3.55e-01, 1.35e-01, 2.75e-01, -1.43e-01, -8.58e-02, -8.18e-02, -6.55e-02, -1.56e-01, 4.88e-02, 1.09e-02, 2.13e-02]
25900 [3.30e-01, 1.36e-01, 2.83e-01, -1.38e-01, -6.07e-02, 3.71e-02, -6.55e-02, -1.57e-01, 4.77e-03, -2.86e-03, 3.17e-02]
26000 [3.39e-01, 1.36e-01, 2.72e-01, -1.23e-01, -5.24e-02, -8.36e-02, -6.55e-02, -1.66e-01, 2.61e-02, -6.84e-03, 3.87e-02]
26100 [3.40e-01, 1.37e-01, 2.97e-01, -1.22e-01, -5.19e-03, -6.23e-02, -6.55e-02, -1.66e-01, 5.00e-02, 4.11e-03, 5.00e-02]
26200 [3.17e-01, 1.37e-01, 3.08e-01, -1.34e-01, -5.33e-02, 1.03e-02, -6.55e-02, -1.65e-01, 4.36e-02, 1.12e-04, 6.08e-02]
26300 [3.24e-01, 1.38e-01, 3.15e-01, -1.25e-01, -5.04e-02, -1.18e-01, -6.55e-02, -1.71e-01, 5.57e-02, -2.19e-03, 7.16e-02]
26400 [3.19e-01, 1.38e-01, 3.05e-01, -1.26e-01, -4.35e-02, -7.89e-02, -6.55e-02, -1.76e-01, 3.41e-02, 1.10e-03, 8.12e-02]
26500 [2.87e-01, 1.38e-01, 3.11e-01, -1.31e-01, -8.56e-02, 4.58e-02, -6.55e-02, -1.77e-01, -8.73e-03, 5.77e-03, 8.73e-02]
26600 [3.01e-01, 1.39e-01, 3.03e-01, -1.05e-01, -6.68e-02, -1.01e-01, -6.55e-02, -1.91e-01, 2.92e-02, -2.46e-03, 9.69e-02]
26700 [3.12e-01, 1.40e-01, 3.46e-01, -1.00e-01, -2.33e-03, -1.25e-01, -6.55e-02, -1.91e-01, 3.62e-02, 8.97e-03, 1.13e-01]
26800 [2.88e-01, 1.40e-01, 3.28e-01, -1.16e-01, -7.73e-02, -8.99e-02, -6.55e-02, -1.96e-01, 4.19e-02, -1.43e-03, 1.22e-01]
26900 [2.92e-01, 1.41e-01, 3.56e-01, -1.11e-01, 8.52e-02, -8.63e-02, -6.55e-02, -2.00e-01, 3.71e-02, 5.53e-03, 1.38e-01]
27000 [2.63e-01, 1.42e-01, 3.40e-01, -1.37e-01, -1.30e-02, -1.35e-02, -6.55e-02, -2.03e-01, 1.52e-02, 4.40e-03, 1.47e-01]
27100 [2.81e-01, 1.43e-01, 3.73e-01, -1.10e-01, -2.60e-02, -1.43e-01, -6.55e-02, -2.14e-01, 5.95e-02, -3.75e-03, 1.64e-01]
27200 [2.66e-01, 1.43e-01, 2.93e-01, -1.02e-01, 6.83e-02, -3.31e-02, -6.55e-02, -2.24e-01, -4.26e-03, -1.97e-03, 1.57e-01]
27300 [2.87e-01, 1.45e-01, 3.47e-01, -8.01e-02, -4.04e-02, -1.28e-01, -6.55e-02, -2.32e-01, 2.47e-02, 8.82e-03, 1.76e-01]
27400 [2.43e-01, 1.46e-01, 3.80e-01, -1.28e-01, -8.36e-02, -4.53e-02, -6.55e-02, -2.28e-01, 5.22e-02, -1.22e-02, 1.90e-01]
27500 [2.38e-01, 1.47e-01, 4.05e-01, -1.30e-01, 2.28e-03, 4.31e-02, -6.55e-02, -2.32e-01, 3.69e-03, 8.93e-03, 1.97e-01]
27600 [2.56e-01, 1.48e-01, 4.00e-01, -9.79e-02, -1.03e-02, -1.44e-01, -6.55e-02, -2.47e-01, 4.64e-02, -6.38e-03, 2.15e-01]
27700 [2.35e-01, 1.49e-01, 3.45e-01, -1.02e-01, 4.17e-02, -8.08e-02, -6.55e-02, -2.61e-01, 3.76e-02, 9.40e-03, 2.14e-01]
27800 [2.44e-01, 1.51e-01, 4.11e-01, -1.08e-01, -2.99e-03, -7.52e-02, -6.55e-02, -2.66e-01, 4.06e-02, -7.59e-03, 2.32e-01]
27900 [2.16e-01, 1.52e-01, 4.17e-01, -1.28e-01, -3.03e-02, -4.16e-02, -6.55e-02, -2.68e-01, 1.52e-02, 1.22e-02, 2.40e-01]
28000 [2.08e-01, 1.53e-01, 4.39e-01, -1.17e-01, -2.45e-02, 3.31e-02, -6.55e-02, -2.78e-01, -1.07e-02, -1.77e-03, 2.43e-01]
28100 [2.31e-01, 1.55e-01, 4.49e-01, -8.34e-02, -4.58e-02, -1.60e-01, -6.55e-02, -2.92e-01, 2.93e-02, -1.49e-02, 2.64e-01]
28200 [2.06e-01, 1.56e-01, 3.92e-01, -9.52e-02, -5.64e-02, -1.13e-01, -6.55e-02, -2.96e-01, 4.18e-02, 4.79e-03, 2.49e-01]
28300 [1.84e-01, 1.58e-01, 4.20e-01, -1.18e-01, 5.04e-02, -2.22e-02, -6.55e-02, -3.00e-01, -6.99e-03, -7.16e-05, 2.53e-01]
28400 [2.13e-01, 1.60e-01, 4.90e-01, -8.42e-02, 1.39e-03, -1.49e-01, -6.55e-02, -3.09e-01, 3.59e-02, 3.43e-02, 2.84e-01]
28500 [1.90e-01, 1.62e-01, 4.11e-01, -9.42e-02, 1.08e-02, -1.22e-01, -6.55e-02, -3.21e-01, 3.25e-02, -3.45e-02, 2.58e-01]
28600 [1.38e-01, 1.63e-01, 4.29e-01, -1.61e-01, 6.36e-04, 4.55e-02, -6.55e-02, -3.15e-01, -1.05e-02, 4.31e-02, 2.29e-01]
28700 [1.82e-01, 1.66e-01, 4.43e-01, -1.02e-01, -7.97e-03, -1.46e-01, -6.55e-02, -3.28e-01, 2.43e-02, 2.76e-03, 2.50e-01]
28800 [1.72e-01, 1.67e-01, 4.99e-01, -1.10e-01, -1.90e-02, -1.19e-01, -6.55e-02, -3.30e-01, 2.66e-02, 2.21e-03, 2.62e-01]
28900 [1.37e-01, 1.69e-01, 5.07e-01, -1.23e-01, 5.62e-03, -4.73e-02, -6.55e-02, -3.34e-01, 1.61e-02, 3.78e-02, 2.45e-01]
29000 [1.59e-01, 1.71e-01, 5.97e-01, -9.48e-02, -2.50e-02, -4.45e-02, -6.55e-02, -3.39e-01, 9.85e-02, 1.68e-02, 2.56e-01]
29100 [1.26e-01, 1.73e-01, 4.94e-01, -9.21e-02, 1.63e-02, -1.47e-01, -6.55e-02, -3.37e-01, 3.99e-02, -8.60e-03, 2.04e-01]
29200 [1.07e-01, 1.75e-01, 5.41e-01, -1.01e-01, -3.06e-03, -6.75e-02, -6.55e-02, -3.34e-01, 2.16e-02, 4.66e-02, 2.10e-01]
29300 [1.32e-01, 1.77e-01, 6.51e-01, -7.01e-02, 3.07e-03, -1.66e-01, -6.55e-02, -3.36e-01, 5.77e-02, -1.81e-02, 2.52e-01]
29400 [8.79e-02, 1.79e-01, 6.10e-01, -8.62e-02, 2.51e-03, -1.73e-01, -6.55e-02, -3.32e-01, 4.24e-02, 4.13e-03, 1.89e-01]
29500 [8.15e-02, 1.81e-01, 6.40e-01, -6.56e-02, 1.16e-02, -1.40e-01, -6.55e-02, -3.32e-01, 7.48e-02, 3.82e-02, 2.04e-01]
29600 [8.18e-02, 1.83e-01, 6.88e-01, -6.31e-02, -4.36e-03, -1.09e-01, -6.55e-02, -3.32e-01, 2.21e-02, 4.30e-02, 2.16e-01]
29700 [5.94e-02, 1.84e-01, 7.15e-01, -7.03e-02, -9.54e-03, -7.24e-03, -6.55e-02, -3.28e-01, 2.11e-02, -9.50e-02, 1.97e-01]
29800 [4.11e-02, 1.86e-01, 7.23e-01, -4.98e-02, 8.00e-03, -1.99e-01, -6.55e-02, -3.28e-01, 6.10e-02, -2.38e-02, 1.86e-01]
29900 [2.85e-02, 1.88e-01, 7.05e-01, -3.63e-02, 2.21e-02, -1.69e-01, -6.55e-02, -3.27e-01, 6.90e-02, 1.32e-03, 1.67e-01]
30000 [1.97e-02, 1.90e-01, 6.97e-01, -2.93e-02, 1.76e-02, -1.03e-01, -6.55e-02, -3.27e-01, 4.17e-02, 2.10e-02, 1.94e-01]
30000 [1.97e-02, 1.90e-01, 6.97e-01, -2.93e-02, 1.76e-02, -1.03e-01, -6.55e-02, -3.27e-01, 4.17e-02, 2.10e-02, 1.94e-01]
30100 [-1.13e-01, 1.31e-01, 3.33e-01, 1.96e-02, -1.04e-02, -2.47e-02, -1.20e-01, -2.17e-01, 2.94e-02, 1.72e-02, 6.84e-02]
30200 [-1.22e-01, 1.25e-01, 2.85e-01, 1.64e-02, -9.56e-03, -4.02e-02, -1.20e-01, -2.17e-01, 3.35e-02, 1.96e-02, 6.80e-02]
30300 [-1.36e-01, 1.19e-01, 2.89e-01, 1.58e-02, -4.41e-03, -5.35e-02, -1.20e-01, -2.16e-01, 3.15e-02, 2.19e-02, 6.89e-02]
30400 [-1.55e-01, 1.20e-01, 3.14e-01, 1.50e-02, 2.99e-03, -6.86e-02, -1.20e-01, -2.15e-01, 2.82e-02, 2.55e-02, 7.13e-02]
30500 [-1.76e-01, 1.23e-01, 3.41e-01, 1.41e-02, 1.26e-02, -8.40e-02, -1.20e-01, -2.13e-01, 2.45e-02, 3.03e-02, 7.59e-02]
30600 [-1.49e-01, 1.26e-01, 3.69e-01, 2.63e-02, 2.35e-02, -9.96e-02, -1.20e-01, -2.08e-01, 2.29e-02, 3.54e-02, 8.25e-02]
30700 [-1.69e-01, 1.30e-01, 4.01e-01, 2.29e-02, 3.48e-02, -1.16e-01, -1.20e-01, -2.06e-01, 2.67e-02, 4.02e-02, 9.16e-02]
30800 [-1.29e-01, 1.35e-01, 4.30e-01, 3.64e-02, 4.61e-02, -1.29e-01, -1.20e-01, -2.01e-01, 3.09e-02, 4.44e-02, 1.03e-01]
30900 [-1.28e-01, 1.39e-01, 4.69e-01, 3.78e-02, 5.48e-02, -1.41e-01, -1.20e-01, -1.99e-01, 4.32e-02, 4.66e-02, 1.17e-01]
31000 [-1.48e-01, 1.44e-01, 5.14e-01, 3.49e-02, 5.74e-02, -1.59e-01, -1.20e-01, -1.97e-01, 5.18e-02, 4.75e-02, 1.36e-01]
31100 [-1.65e-01, 1.48e-01, 5.54e-01, 3.32e-02, 5.84e-02, -1.76e-01, -1.20e-01, -1.96e-01, 5.79e-02, 4.83e-02, 1.59e-01]
31200 [-2.98e-02, 1.54e-01, 5.61e-01, 6.37e-02, 5.23e-02, -9.98e-02, -1.20e-01, -1.90e-01, 4.75e-02, 4.85e-02, 1.58e-01]
31300 [-4.67e-02, 1.59e-01, 5.98e-01, 5.88e-02, 4.83e-02, -1.48e-01, -1.20e-01, -1.89e-01, 5.04e-02, 4.69e-02, 1.80e-01]
31400 [-6.09e-02, 1.65e-01, 6.42e-01, 5.27e-02, 4.59e-02, -1.81e-01, -1.20e-01, -1.89e-01, 6.22e-02, 4.52e-02, 2.09e-01]
31500 [-2.51e-02, 1.71e-01, 6.24e-01, 4.90e-02, 4.24e-02, -6.67e-02, -1.20e-01, -1.89e-01, 2.72e-02, 4.55e-02, 1.83e-01]
31600 [-3.97e-02, 1.78e-01, 6.42e-01, 4.28e-02, 3.92e-02, -1.46e-01, -1.20e-01, -1.89e-01, 3.82e-02, 4.31e-02, 2.02e-01]
31700 [-5.21e-02, 1.85e-01, 6.84e-01, 3.58e-02, 3.79e-02, -1.86e-01, -1.20e-01, -1.88e-01, 5.98e-02, 4.08e-02, 2.36e-01]
31800 [3.95e-02, 1.90e-01, 6.38e-01, 9.26e-03, 3.72e-02, -1.75e-03, -1.20e-01, -1.83e-01, 3.44e-02, 4.53e-02, 1.94e-01]
31900 [4.32e-02, 1.98e-01, 6.22e-01, 2.46e-03, 3.59e-02, -1.29e-01, -1.20e-01, -1.83e-01, 2.40e-02, 4.29e-02, 1.90e-01]
32000 [4.66e-02, 2.05e-01, 6.77e-01, 1.17e-03, 8.12e-03, -1.78e-01, -1.20e-01, -1.83e-01, 5.15e-02, -4.97e-03, 2.24e-01]
32100 [4.22e-02, 2.11e-01, 7.22e-01, -1.51e-03, 7.85e-03, -1.25e-01, -1.20e-01, -1.83e-01, 7.91e-02, -2.40e-03, 2.50e-01]
32200 [-2.37e-04, 2.17e-01, 7.01e-01, -6.24e-03, 7.56e-03, -1.45e-01, -1.20e-01, -1.82e-01, 3.16e-02, 1.82e-03, 2.07e-01]
32300 [-4.56e-03, 2.23e-01, 7.42e-01, -8.96e-03, 5.12e-03, -1.99e-01, -1.20e-01, -1.82e-01, 6.45e-02, -2.14e-06, 2.52e-01]
32400 [4.23e-03, 2.25e-01, 6.89e-01, -9.79e-03, 6.74e-03, -8.22e-02, -1.20e-01, -1.82e-01, -3.56e-03, 7.43e-03, 1.88e-01]
32500 [-5.30e-04, 2.33e-01, 7.12e-01, -1.30e-02, 6.75e-03, -1.75e-01, -1.20e-01, -1.82e-01, 5.21e-02, 4.99e-03, 2.28e-01]
32600 [-5.55e-03, 2.39e-01, 7.56e-01, -1.54e-02, 3.16e-03, -1.63e-01, -1.20e-01, -1.82e-01, 7.93e-02, 5.59e-03, 2.75e-01]
32700 [-1.06e-02, 2.45e-01, 7.76e-01, -1.66e-02, 3.18e-03, -1.97e-01, -1.20e-01, -1.82e-01, 5.63e-02, 5.52e-03, 2.89e-01]
32800 [2.17e-02, 2.42e-01, 7.03e-01, -1.49e-02, 3.90e-03, -1.05e-01, -1.20e-01, -1.82e-01, -5.08e-03, 1.21e-02, 2.06e-01]
32900 [2.09e-02, 2.50e-01, 7.39e-01, -1.68e-02, 1.34e-03, -1.93e-01, -1.20e-01, -1.82e-01, 6.05e-02, -4.28e-03, 2.59e-01]
33000 [-3.80e-02, 2.45e-01, 7.03e-01, -8.93e-03, 2.04e-03, -9.11e-02, -1.20e-01, -1.81e-01, -1.27e-03, 4.98e-03, 2.16e-01]
33100 [-5.52e-02, 2.54e-01, 7.29e-01, -1.42e-02, 1.36e-03, -1.91e-01, -1.20e-01, -1.81e-01, 6.16e-02, 2.14e-03, 2.70e-01]
33200 [5.50e-02, 2.45e-01, 6.75e-01, -2.52e-02, 9.79e-04, -1.09e-01, -1.20e-01, -1.70e-01, -3.09e-03, 1.24e-02, 2.13e-01]
33300 [6.42e-02, 2.55e-01, 7.30e-01, -2.42e-02, 4.89e-05, -1.98e-01, -1.20e-01, -1.70e-01, 6.41e-02, -6.61e-03, 2.75e-01]
33400 [-2.68e-02, 2.46e-01, 6.71e-01, 1.98e-02, -1.02e-03, -1.37e-01, -1.20e-01, -1.60e-01, 2.67e-02, 3.65e-04, 2.31e-01]
33500 [-4.22e-02, 2.57e-01, 7.43e-01, 1.45e-02, 1.37e-03, -2.13e-01, -1.20e-01, -1.60e-01, 7.83e-02, 1.04e-04, 3.04e-01]
33600 [7.87e-02, 2.35e-01, 6.50e-01, -1.89e-02, 5.35e-03, -1.45e-01, -1.20e-01, -1.58e-01, 3.00e-02, -2.40e-03, 2.33e-01]
33700 [-8.06e-03, 2.39e-01, 7.22e-01, -3.41e-02, 1.34e-03, -1.92e-01, -1.20e-01, -1.57e-01, 6.56e-02, -2.23e-03, 2.89e-01]
33800 [5.80e-04, 2.25e-01, 7.15e-01, -3.20e-02, 4.18e-03, -1.44e-01, -1.20e-01, -1.57e-01, 2.23e-02, 6.10e-03, 2.80e-01]
33900 [-2.70e-04, 2.26e-01, 7.40e-01, -3.29e-02, 1.06e-03, -1.07e-01, -1.20e-01, -1.57e-01, 5.97e-02, -1.10e-02, 3.23e-01]
34000 [-6.00e-03, 2.33e-01, 7.68e-01, -3.55e-02, 5.50e-04, -2.09e-01, -1.20e-01, -1.57e-01, 6.69e-02, 4.45e-03, 3.35e-01]
34100 [-1.32e-02, 2.12e-01, 7.28e-01, -2.88e-02, -1.97e-03, -1.85e-01, -1.20e-01, -1.56e-01, 5.46e-02, 1.98e-03, 3.06e-01]
34200 [6.07e-02, 1.88e-01, 6.34e-01, -2.74e-02, 2.04e-03, -1.25e-01, -1.20e-01, -1.54e-01, 1.03e-02, 1.73e-02, 2.19e-01]
34300 [-1.68e-02, 1.92e-01, 7.11e-01, -1.55e-02, 1.59e-03, -1.67e-01, -1.20e-01, -1.51e-01, 5.81e-02, -3.42e-03, 2.87e-01]
34400 [1.44e-02, 1.88e-01, 7.07e-01, -9.12e-03, 4.37e-04, -1.20e-01, -1.20e-01, -1.50e-01, -3.83e-03, 8.64e-03, 2.58e-01]
34500 [-3.98e-02, 1.80e-01, 6.83e-01, -2.45e-03, 4.05e-03, -3.05e-02, -1.20e-01, -1.49e-01, 1.38e-02, -5.08e-02, 2.70e-01]
34600 [8.07e-03, 1.73e-01, 7.06e-01, 2.35e-02, 7.66e-04, -1.97e-01, -1.20e-01, -1.42e-01, 6.72e-02, -1.95e-02, 2.89e-01]
34700 [-7.20e-02, 1.59e-01, 6.46e-01, 8.93e-03, -1.40e-03, -1.48e-01, -1.20e-01, -1.41e-01, 5.03e-02, -1.25e-02, 2.36e-01]
34800 [-3.72e-02, 1.65e-01, 7.23e-01, -4.33e-02, -1.82e-02, -1.93e-01, -1.20e-01, -1.18e-01, 5.94e-02, 5.20e-03, 3.17e-01]
34900 [5.30e-02, 1.42e-01, 6.26e-01, -3.00e-02, -5.45e-04, -1.45e-01, -1.20e-01, -1.14e-01, 4.80e-02, -6.32e-03, 2.21e-01]
35000 [1.43e-02, 1.11e-01, 6.20e-01, 9.41e-02, -7.29e-03, -4.44e-02, -1.20e-01, -8.34e-02, -2.42e-02, 2.37e-02, 2.07e-01]
35100 [2.33e-02, 1.44e-01, 7.32e-01, 6.79e-02, 8.26e-04, -2.13e-01, -1.20e-01, -7.93e-02, 7.80e-02, -6.75e-03, 2.88e-01]
35200 [-8.08e-02, 1.00e-01, 5.35e-01, -9.01e-03, 1.27e-02, -1.30e-01, -1.20e-01, -5.73e-02, 5.07e-02, 2.50e-02, 1.86e-01]
35300 [-5.03e-02, 1.13e-01, 6.32e-01, -1.11e-01, -2.56e-02, -1.49e-01, -1.20e-01, 3.97e-02, 3.20e-02, 1.66e-02, 2.37e-01]
35400 [4.81e-02, 5.81e-02, 5.95e-01, -1.63e-02, -1.35e-02, 2.43e-02, -1.20e-01, 4.25e-02, 2.04e-02, 1.70e-02, 2.16e-01]
35500 [-1.66e-02, 9.52e-02, 6.54e-01, -2.48e-02, 1.34e-02, -1.77e-01, -1.20e-01, 3.31e-02, 6.37e-02, -3.30e-03, 2.42e-01]
35600 [2.42e-02, 3.19e-02, 4.78e-01, -3.06e-02, 4.20e-05, 6.73e-02, -1.20e-01, 2.23e-02, -4.64e-02, 3.54e-02, 2.06e-01]
35700 [4.79e-02, 1.34e-01, 5.40e-01, -1.12e-02, -1.71e-03, -1.30e-01, -1.20e-01, 1.52e-02, 3.89e-02, -1.62e-02, 2.17e-01]
35800 [4.26e-02, 1.65e-01, 7.05e-01, -2.17e-02, -8.84e-04, -1.87e-01, -1.20e-01, 1.56e-02, 6.91e-02, -5.68e-03, 3.32e-01]
35900 [1.97e-02, 1.62e-01, 7.72e-01, -3.11e-02, 1.49e-03, -2.04e-01, -1.20e-01, 1.59e-02, 5.45e-02, -7.43e-03, 3.93e-01]
36000 [-2.29e-03, 1.22e-01, 7.30e-01, -3.68e-02, 3.59e-03, -6.90e-02, -1.20e-01, 1.60e-02, 5.32e-02, 1.46e-02, 3.54e-01]
36100 [-8.32e-03, 1.38e-01, 7.39e-01, -4.00e-02, -9.12e-04, -2.07e-01, -1.20e-01, 1.61e-02, 7.13e-02, -7.06e-03, 3.20e-01]
36200 [2.74e-02, 1.16e-01, 6.21e-01, -5.84e-03, 2.09e-03, -1.53e-01, -1.20e-01, 1.28e-02, 5.61e-02, -6.76e-03, 2.06e-01]
36300 [-1.04e-02, 9.60e-02, 6.64e-01, -6.45e-03, 8.00e-03, -9.35e-02, -1.20e-01, 1.41e-02, -4.17e-03, 3.74e-02, 2.50e-01]
36400 [1.52e-04, 1.30e-01, 7.27e-01, -2.99e-03, 1.25e-02, -1.19e-01, -1.20e-01, 1.46e-02, 8.47e-02, 1.69e-02, 3.57e-01]
36500 [-4.83e-02, 1.44e-01, 7.42e-01, -1.02e-02, -1.07e-03, -2.08e-01, -1.20e-01, 1.60e-02, 7.03e-02, 1.60e-03, 3.52e-01]
36600 [-7.58e-02, 1.32e-01, 6.71e-01, 1.31e-02, 7.10e-03, -1.77e-01, -1.20e-01, 2.57e-02, 6.18e-02, -3.90e-03, 2.85e-01]
36700 [2.18e-02, 1.36e-01, 7.38e-01, -1.56e-02, -9.79e-03, -1.98e-01, -1.20e-01, 3.65e-02, 6.03e-02, -1.90e-03, 3.72e-01]
36800 [8.39e-03, 1.18e-01, 6.81e-01, -5.24e-03, -7.32e-03, -1.72e-01, -1.20e-01, 3.78e-02, 5.86e-02, -1.41e-03, 2.59e-01]
36900 [3.64e-03, 8.50e-02, 6.41e-01, -1.00e-02, 1.17e-02, -1.35e-01, -1.20e-01, 3.79e-02, 4.79e-02, -2.52e-02, 2.28e-01]
37000 [2.04e-02, 5.75e-02, 6.25e-01, -8.40e-03, -1.03e-02, -6.62e-02, -1.20e-01, 3.74e-02, -2.47e-02, 4.06e-03, 1.96e-01]
37100 [-6.54e-03, 1.22e-01, 7.19e-01, -2.66e-02, 1.59e-03, -1.34e-01, -1.20e-01, 3.64e-02, 8.54e-02, 6.59e-03, 3.51e-01]
37200 [-2.89e-02, 1.32e-01, 7.25e-01, -4.85e-03, 1.43e-03, -2.04e-01, -1.20e-01, 3.89e-02, 7.23e-02, 3.05e-04, 3.34e-01]
37300 [-5.14e-02, 1.04e-01, 6.97e-01, 4.28e-03, 2.07e-02, -1.83e-01, -1.20e-01, 3.65e-02, 6.64e-02, 3.24e-03, 2.81e-01]
37400 [-1.77e-02, 7.59e-02, 6.61e-01, 5.65e-02, 4.44e-03, -1.60e-01, -1.20e-01, 2.66e-02, 6.30e-02, 7.69e-03, 2.27e-01]
37500 [8.38e-04, 7.58e-02, 6.23e-01, -6.81e-02, -3.30e-03, -1.01e-01, -1.20e-01, 2.14e-02, 1.55e-02, 3.40e-02, 1.99e-01]
37600 [1.48e-03, 7.87e-02, 7.01e-01, -5.51e-02, 2.92e-03, -1.33e-01, -1.20e-01, 2.17e-02, 3.33e-02, 5.02e-03, 3.48e-01]
37700 [2.49e-02, 4.03e-02, 6.86e-01, -2.28e-02, 2.07e-02, -3.11e-02, -1.20e-01, 2.26e-02, 3.58e-02, 3.74e-02, 2.91e-01]
37800 [2.41e-02, 1.34e-01, 7.13e-01, -1.68e-02, 2.86e-02, -2.03e-01, -1.20e-01, 5.22e-03, 7.08e-02, -7.51e-03, 3.22e-01]
37900 [1.40e-03, 1.02e-01, 6.91e-01, 5.47e-03, 5.36e-03, -1.79e-01, -1.20e-01, 1.09e-02, 6.18e-02, 1.69e-03, 2.73e-01]
38000 [-1.28e-02, 1.06e-01, 7.02e-01, -1.56e-03, 1.11e-02, -1.62e-01, -1.20e-01, 1.08e-02, 5.81e-02, -6.13e-03, 2.73e-01]
38100 [-7.97e-02, 7.99e-02, 7.11e-01, -4.22e-03, 7.00e-03, -1.61e-01, -1.20e-01, 1.59e-02, 5.20e-02, -5.31e-03, 3.01e-01]
38200 [1.12e-02, 7.53e-02, 7.26e-01, -4.34e-02, 4.85e-03, -7.40e-02, -1.20e-01, 4.05e-02, 4.66e-02, -6.33e-03, 3.52e-01]
38300 [3.94e-02, 9.64e-02, 7.09e-01, 3.15e-02, 1.50e-02, -9.80e-02, -1.20e-01, 4.10e-02, 8.51e-02, 3.45e-02, 3.46e-01]
38400 [3.53e-02, 8.41e-02, 6.77e-01, 3.79e-03, 1.68e-02, -1.35e-01, -1.20e-01, 4.10e-02, 6.35e-02, 6.81e-03, 3.61e-01]
38500 [6.28e-03, 5.85e-02, 6.87e-01, -9.75e-03, 2.34e-03, -9.46e-02, -1.20e-01, 4.32e-02, -1.62e-02, -1.13e-02, 2.58e-01]
38600 [-5.53e-02, 6.47e-02, 6.72e-01, -1.32e-02, -2.29e-04, -9.81e-02, -1.20e-01, 4.57e-02, -9.01e-03, 1.92e-02, 2.15e-01]
38700 [-2.04e-02, 9.58e-02, 7.21e-01, -3.10e-02, -7.66e-03, -1.23e-01, -1.20e-01, 7.88e-02, 7.96e-02, 1.24e-03, 3.90e-01]
38800 [-1.83e-02, 4.10e-02, 6.72e-01, 7.76e-02, -3.43e-03, -6.10e-02, -1.20e-01, 5.64e-02, 2.94e-02, 1.03e-01, 2.90e-01]
38900 [-2.18e-02, 1.28e-01, 7.48e-01, -6.76e-02, 6.45e-03, -2.18e-01, -1.20e-01, 1.90e-02, 6.94e-02, 2.17e-03, 3.93e-01]
39000 [3.08e-03, 1.30e-01, 6.62e-01, 3.16e-03, 9.56e-03, -1.83e-01, -1.20e-01, -5.54e-04, 7.04e-02, -3.31e-03, 2.73e-01]
39100 [-1.64e-02, 1.31e-01, 7.67e-01, -1.87e-03, 1.98e-02, -2.13e-01, -1.20e-01, -2.05e-04, 6.57e-02, -5.01e-03, 4.19e-01]
39200 [-7.12e-02, 1.28e-01, 7.34e-01, -3.44e-03, 2.64e-02, -2.08e-01, -1.20e-01, 6.93e-03, 6.96e-02, 5.66e-03, 3.80e-01]
39300 [-3.49e-02, 1.18e-01, 6.45e-01, 7.30e-02, 6.24e-03, -1.75e-01, -1.20e-01, 4.27e-02, 7.60e-02, -3.72e-03, 2.66e-01]
39400 [-2.34e-03, 6.56e-02, 7.09e-01, -4.22e-03, -2.21e-03, -1.68e-01, -1.20e-01, 4.23e-02, 5.57e-02, -1.01e-02, 2.91e-01]
39500 [3.79e-02, 5.91e-02, 5.04e-01, -2.70e-02, -2.09e-02, -9.49e-02, -1.21e-01, -2.74e-04, 4.83e-02, 2.01e-03, 1.06e-01]
39600 [-8.17e-03, 3.10e-02, 6.47e-01, -2.86e-02, -1.79e-02, -1.04e-01, -1.21e-01, 3.55e-03, 2.80e-02, -7.37e-03, 2.93e-01]
39700 [-2.62e-02, 1.19e-01, 7.68e-01, -1.14e-02, 2.83e-02, -1.91e-01, -1.21e-01, 8.17e-03, 8.50e-02, 8.88e-03, 4.23e-01]
39800 [-1.13e-01, 1.33e-01, 5.02e-01, 2.10e-02, 6.73e-02, -1.24e-01, -1.21e-01, -3.13e-02, 5.66e-02, 3.21e-02, 1.37e-01]
39900 [-5.91e-02, 9.67e-02, 6.65e-01, -1.82e-01, -1.70e-02, -1.76e-01, -1.21e-01, 1.98e-01, 2.84e-02, 3.37e-02, 3.26e-01]
40000 [1.50e-02, 4.69e-02, 5.37e-01, -1.87e-03, 4.62e-02, -9.72e-02, -1.21e-01, 2.00e-01, 2.26e-02, -1.80e-03, 1.14e-01]
40000 [1.50e-02, 4.69e-02, 5.37e-01, -1.87e-03, 4.62e-02, -9.72e-02, -1.21e-01, 2.00e-01, 2.26e-02, -1.80e-03, 1.14e-01]
40100 [1.38e-01, 2.37e-02, 3.65e-01, -2.93e-02, 3.43e-02, 9.53e-03, -1.74e-01, 1.12e-01, 1.51e-02, 5.17e-03, 3.17e-03]
40200 [1.60e-01, 6.34e-02, 3.72e-01, -4.39e-02, 3.53e-02, -9.61e-03, -1.74e-01, 1.12e-01, -6.05e-03, 5.14e-03, 2.17e-03]
40300 [1.85e-01, 9.73e-02, 3.84e-01, -5.00e-02, 3.68e-02, -3.19e-02, -1.74e-01, 1.11e-01, -1.63e-02, 1.26e-03, 6.89e-03]
40400 [1.00e-01, 1.11e-01, 4.03e-01, -6.87e-02, 3.83e-02, -5.43e-02, -1.74e-01, 1.09e-01, 5.85e-04, -5.26e-03, 2.02e-02]
40500 [1.26e-01, 1.42e-01, 4.62e-01, -5.84e-02, 3.93e-02, -7.81e-02, -1.74e-01, 1.09e-01, 2.53e-02, -1.06e-02, 3.58e-02]
40600 [1.48e-01, 1.66e-01, 5.06e-01, -5.62e-02, 3.88e-02, -1.02e-01, -1.74e-01, 1.09e-01, 1.91e-02, -1.53e-02, 5.48e-02]
40700 [1.50e-01, 1.58e-01, 5.40e-01, -5.24e-02, 3.77e-02, -1.24e-01, -1.74e-01, 1.09e-01, 2.25e-02, -2.02e-02, 8.17e-02]
40800 [1.44e-01, 1.50e-01, 5.75e-01, -4.98e-02, 3.64e-02, -1.43e-01, -1.74e-01, 1.09e-01, 2.93e-02, -2.45e-02, 1.12e-01]
40900 [1.33e-01, 1.42e-01, 6.11e-01, -4.98e-02, 3.49e-02, -1.58e-01, -1.74e-01, 1.09e-01, 3.79e-02, -2.79e-02, 1.44e-01]
41000 [1.20e-01, 1.34e-01, 6.43e-01, -5.25e-02, 3.36e-02, -1.63e-01, -1.74e-01, 1.09e-01, 4.45e-02, -3.01e-02, 1.77e-01]
41100 [1.07e-01, 1.28e-01, 6.69e-01, -5.59e-02, 3.24e-02, -1.63e-01, -1.74e-01, 1.10e-01, 4.60e-02, -3.12e-02, 2.08e-01]
41200 [9.47e-02, 1.23e-01, 6.90e-01, -5.91e-02, 3.15e-02, -1.60e-01, -1.74e-01, 1.10e-01, 4.48e-02, -3.15e-02, 2.36e-01]
41300 [8.59e-02, 1.22e-01, 7.12e-01, -6.05e-02, 3.08e-02, -1.63e-01, -1.74e-01, 1.10e-01, 4.26e-02, -3.12e-02, 2.60e-01]
41400 [7.54e-02, 1.20e-01, 7.28e-01, -6.21e-02, 3.03e-02, -1.64e-01, -1.74e-01, 1.10e-01, 4.05e-02, -3.03e-02, 2.80e-01]
41500 [6.06e-02, 1.15e-01, 7.33e-01, -6.49e-02, 3.00e-02, -1.57e-01, -1.74e-01, 1.10e-01, 3.67e-02, -2.82e-02, 2.91e-01]
41600 [4.89e-02, 1.12e-01, 7.39e-01, -6.63e-02, 2.98e-02, -1.56e-01, -1.74e-01, 1.10e-01, 4.07e-02, -2.57e-02, 3.02e-01]
41700 [4.14e-02, 1.19e-01, 7.57e-01, -6.67e-02, 2.96e-02, -1.66e-01, -1.74e-01, 1.10e-01, 3.76e-02, -2.29e-02, 3.10e-01]
41800 [9.40e-03, 1.02e-01, 7.13e-01, -6.70e-02, 2.96e-02, -1.42e-01, -1.74e-01, 1.10e-01, 3.08e-02, -1.63e-02, 2.76e-01]
41900 [2.05e-03, 7.73e-02, 7.03e-01, -6.54e-02, 2.97e-02, -1.26e-01, -1.74e-01, 1.10e-01, 2.07e-02, -1.07e-02, 2.70e-01]
42000 [-1.33e-03, 7.22e-02, 6.93e-01, -6.30e-02, 2.28e-02, -9.94e-02, -1.74e-01, 1.10e-01, 3.81e-02, -1.41e-03, 2.76e-01]
42100 [-8.66e-03, 1.27e-01, 7.48e-01, -6.36e-02, 1.28e-02, -1.71e-01, -1.74e-01, 1.10e-01, 4.88e-02, 1.48e-03, 2.77e-01]
42200 [-6.49e-03, 1.04e-01, 7.22e-01, -5.97e-02, 5.70e-03, -1.53e-01, -1.74e-01, 1.10e-01, 3.96e-02, 1.50e-02, 2.68e-01]
42300 [-3.23e-03, 9.74e-02, 7.03e-01, -5.51e-02, 2.41e-03, -1.34e-01, -1.74e-01, 1.10e-01, 2.43e-02, 7.19e-03, 2.57e-01]
42400 [-4.31e-03, 8.94e-02, 7.18e-01, -5.23e-02, 1.26e-03, -1.43e-01, -1.74e-01, 1.10e-01, 2.91e-02, 1.08e-04, 2.77e-01]
42500 [-1.31e-03, 8.52e-02, 7.12e-01, -4.73e-02, 8.98e-04, -1.34e-01, -1.74e-01, 1.10e-01, 1.82e-02, 2.76e-04, 2.73e-01]
42600 [-1.53e-03, 7.72e-02, 6.95e-01, -4.39e-02, -1.46e-03, -1.23e-01, -1.74e-01, 1.10e-01, 1.29e-02, 3.11e-03, 2.68e-01]
42700 [-7.46e-04, 6.69e-02, 6.93e-01, -3.86e-02, -6.19e-04, -1.16e-01, -1.74e-01, 1.10e-01, 1.14e-02, 5.86e-03, 2.72e-01]
42800 [3.37e-02, 4.06e-02, 6.49e-01, -1.71e-02, -3.29e-04, -7.00e-02, -1.74e-01, 1.11e-01, 5.75e-03, 7.17e-03, 2.56e-01]
42900 [5.47e-03, 5.18e-02, 6.53e-01, 5.96e-02, -3.73e-03, -1.13e-01, -1.74e-01, 1.04e-01, 5.68e-02, 1.25e-03, 2.46e-01]
43000 [-2.95e-03, 9.25e-02, 7.06e-01, 6.50e-02, -2.32e-03, -1.04e-01, -1.74e-01, 1.03e-01, 7.87e-02, -1.26e-03, 2.74e-01]
43100 [-4.68e-02, 1.30e-01, 7.05e-01, 1.55e-03, 4.69e-04, -1.74e-01, -1.74e-01, 1.03e-01, 6.07e-02, 8.82e-04, 2.56e-01]
43200 [-3.89e-02, 1.17e-01, 7.15e-01, -1.46e-02, 5.14e-04, -1.72e-01, -1.74e-01, 1.04e-01, 5.51e-02, 1.56e-03, 2.75e-01]
43300 [-4.34e-02, 1.10e-01, 6.50e-01, -2.21e-02, 3.09e-03, -1.46e-01, -1.74e-01, 1.02e-01, 5.02e-02, 9.86e-03, 2.19e-01]
43400 [3.70e-03, 1.15e-01, 7.26e-01, 1.48e-02, 3.92e-03, -1.77e-01, -1.74e-01, 1.03e-01, 5.68e-02, -1.91e-03, 2.95e-01]
43500 [-6.22e-03, 1.03e-01, 7.12e-01, 8.30e-03, -5.25e-04, -1.65e-01, -1.74e-01, 1.03e-01, 5.19e-02, -2.91e-03, 2.72e-01]
43600 [1.57e-02, 9.49e-02, 6.87e-01, -7.31e-03, -2.32e-05, -1.51e-01, -1.74e-01, 1.03e-01, 4.97e-02, -2.89e-03, 2.48e-01]
43700 [-3.47e-02, 8.20e-02, 6.65e-01, -2.00e-04, 3.29e-03, -1.37e-01, -1.74e-01, 1.04e-01, 4.58e-02, 7.41e-04, 2.42e-01]
43800 [-5.92e-02, 7.04e-02, 6.46e-01, 2.38e-02, -1.76e-03, -1.27e-01, -1.74e-01, 9.35e-02, 4.73e-02, 4.54e-03, 2.30e-01]
43900 [-3.44e-02, 8.76e-02, 6.56e-01, -3.39e-02, 7.86e-04, -1.40e-01, -1.74e-01, 9.42e-02, 4.03e-02, 1.36e-02, 2.50e-01]
44000 [1.03e-03, 7.80e-02, 6.77e-01, 7.18e-03, 1.04e-03, -1.40e-01, -1.74e-01, 9.60e-02, 3.84e-02, -2.81e-02, 2.69e-01]
44100 [-1.29e-03, 8.55e-02, 6.53e-01, 1.56e-03, 4.42e-03, -1.26e-01, -1.74e-01, 9.60e-02, 4.01e-02, 6.06e-03, 2.24e-01]
44200 [-1.17e-02, 5.73e-02, 6.65e-01, -4.32e-03, 4.95e-03, -1.22e-01, -1.74e-01, 9.62e-02, 2.29e-02, 1.30e-02, 2.48e-01]
44300 [3.72e-02, 4.59e-02, 4.73e-01, -2.14e-02, 2.22e-03, 1.28e-03, -1.74e-01, 8.16e-02, -6.20e-02, -2.01e-02, 1.23e-01]
44400 [-2.01e-03, 8.01e-02, 5.52e-01, 6.61e-02, 1.30e-02, -1.27e-01, -1.74e-01, 8.79e-02, 6.62e-02, -5.77e-03, 2.00e-01]
44500 [-1.09e-02, 8.44e-02, 6.85e-01, 3.83e-02, 1.51e-02, -1.39e-01, -1.74e-01, 8.96e-02, 2.87e-02, -2.94e-03, 2.95e-01]
44600 [1.03e-02, 5.18e-02, 6.15e-01, -1.35e-02, -1.85e-03, -9.21e-02, -1.74e-01, 8.81e-02, -1.01e-03, -5.13e-04, 1.97e-01]
44700 [-5.12e-03, 9.38e-02, 7.02e-01, -2.29e-02, 1.81e-03, -1.38e-01, -1.74e-01, 8.78e-02, 2.87e-02, 2.97e-02, 2.92e-01]
44800 [-3.31e-03, 9.01e-02, 7.23e-01, -2.27e-02, 8.33e-04, -1.56e-01, -1.74e-01, 8.78e-02, 4.12e-02, -5.94e-03, 3.07e-01]
44900 [1.98e-02, 9.12e-02, 6.19e-01, -5.83e-03, -7.72e-05, -1.38e-01, -1.74e-01, 8.55e-02, 5.97e-02, -7.07e-03, 1.82e-01]
45000 [-1.18e-02, 8.82e-02, 7.09e-01, -1.38e-02, -1.13e-04, -1.59e-01, -1.74e-01, 8.57e-02, 4.29e-02, 1.03e-03, 2.97e-01]
45100 [2.07e-02, 7.40e-02, 6.49e-01, -1.77e-02, 1.86e-03, -1.46e-01, -1.74e-01, 7.94e-02, 5.82e-02, -1.03e-02, 1.87e-01]
45200 [-1.08e-02, 6.67e-02, 6.40e-01, 4.31e-03, -1.83e-04, -1.19e-01, -1.74e-01, 8.03e-02, 4.21e-02, -4.14e-04, 1.86e-01]
45300 [2.96e-02, 1.11e-02, 4.90e-01, -2.28e-02, -1.98e-04, 2.33e-02, -1.74e-01, -1.72e-02, -4.47e-02, 2.99e-02, 1.19e-01]
45400 [-7.69e-04, 6.01e-02, 5.13e-01, 1.17e-01, 4.61e-03, -9.23e-02, -1.74e-01, -1.35e-02, 5.34e-02, 3.09e-02, 1.88e-01]
45500 [1.99e-02, 1.52e-01, 6.96e-01, 1.04e-01, -6.41e-03, -1.94e-01, -1.74e-01, -6.57e-03, 6.27e-02, -5.33e-03, 3.15e-01]
45600 [4.16e-03, 1.24e-01, 7.54e-01, 8.76e-02, 1.33e-02, -1.87e-01, -1.74e-01, -6.51e-03, 4.36e-02, -2.90e-02, 3.90e-01]
45700 [-8.29e-03, 1.24e-01, 7.85e-01, 7.42e-02, 1.61e-02, -2.03e-01, -1.74e-01, -6.56e-03, 6.70e-02, 3.18e-04, 3.80e-01]
45800 [-1.59e-02, 1.18e-01, 7.38e-01, 5.80e-02, -3.47e-03, -2.02e-01, -1.74e-01, -6.70e-03, 7.65e-02, -1.87e-02, 3.12e-01]
45900 [5.56e-02, 1.18e-01, 5.55e-01, -2.89e-02, 2.64e-05, -1.38e-01, -1.74e-01, -2.74e-02, 5.33e-02, -5.36e-03, 1.63e-01]
46000 [6.25e-03, 1.39e-01, 7.08e-01, -3.82e-02, -2.24e-03, -1.94e-01, -1.74e-01, -2.60e-02, 5.77e-02, 1.24e-02, 3.63e-01]
46100 [-4.50e-03, 1.04e-01, 7.40e-01, -3.49e-02, 5.38e-03, -1.26e-01, -1.74e-01, -2.60e-02, 8.35e-02, 1.30e-02, 3.73e-01]
46200 [-1.64e-02, 1.34e-01, 7.49e-01, -2.73e-02, 1.34e-02, -2.11e-01, -1.74e-01, -2.56e-02, 7.12e-02, 1.56e-03, 3.48e-01]
46300 [2.48e-02, 1.27e-01, 6.86e-01, -1.07e-02, -7.90e-03, -1.86e-01, -1.74e-01, -3.05e-02, 7.01e-02, -6.79e-03, 2.68e-01]
46400 [-2.75e-03, 1.13e-01, 7.22e-01, -8.14e-03, 2.42e-03, -1.84e-01, -1.74e-01, -2.91e-02, 5.74e-02, -1.34e-02, 3.09e-01]
46500 [-1.14e-02, 9.46e-02, 4.15e-01, 7.87e-03, 2.66e-02, -8.20e-02, -1.74e-01, -6.20e-02, 3.82e-02, -7.71e-03, 6.39e-02]
46600 [-1.06e-02, 6.06e-02, 5.89e-01, 1.68e-02, 5.43e-03, -1.14e-01, -1.74e-01, -4.53e-02, 3.37e-02, -8.87e-03, 2.71e-01]
46700 [3.70e-02, 1.00e-01, 6.83e-01, 6.58e-02, 1.47e-02, -8.60e-02, -1.74e-01, -4.04e-02, 6.47e-02, -2.81e-02, 3.62e-01]
46800 [9.12e-03, 1.12e-01, 7.01e-01, 1.72e-02, 8.45e-03, -1.45e-01, -1.74e-01, -2.85e-02, 8.03e-02, 7.63e-03, 3.63e-01]
46900 [1.17e-02, 1.04e-01, 7.21e-01, 2.87e-02, 8.56e-03, -1.07e-01, -1.74e-01, -2.66e-02, 8.13e-02, 1.70e-02, 3.64e-01]
47000 [2.36e-02, 1.18e-01, 6.92e-01, 4.75e-02, 6.78e-03, -1.53e-01, -1.74e-01, -1.56e-02, 8.30e-02, 9.63e-03, 3.60e-01]
47100 [2.96e-02, 8.10e-02, 6.70e-01, -1.15e-02, 5.95e-03, -1.25e-01, -1.74e-01, 2.81e-02, 4.80e-02, 3.12e-02, 3.42e-01]
47200 [-1.27e-03, 5.19e-02, 6.46e-01, -1.28e-02, -1.80e-03, -7.32e-02, -1.74e-01, 3.22e-02, -2.49e-02, -8.55e-03, 1.81e-01]
47300 [-5.51e-02, 2.26e-02, 6.12e-01, 2.72e-02, -2.00e-02, -5.12e-02, -1.74e-01, 7.26e-02, -4.01e-02, 2.83e-02, 1.56e-01]
47400 [-1.35e-02, 6.14e-02, 6.26e-01, -9.56e-02, -1.23e-03, -9.63e-02, -1.74e-01, 7.19e-02, -1.29e-02, 1.60e-02, 2.55e-01]
47500 [8.34e-03, 5.07e-02, 6.50e-01, 8.03e-03, -3.78e-04, -8.02e-02, -1.74e-01, 7.94e-02, -2.49e-02, 5.73e-02, 2.28e-01]
47600 [4.04e-02, 1.65e-02, 6.05e-01, 5.17e-02, 2.21e-03, 4.95e-02, -1.74e-01, 7.54e-02, 7.46e-02, 1.25e-01, 2.06e-01]
47700 [1.20e-01, 8.91e-02, 2.78e-01, -1.27e-01, 1.91e-02, -3.06e-02, -1.74e-01, 1.25e-01, 4.64e-03, -1.83e-03, 6.19e-02]
47800 [-3.24e-02, 1.45e-01, 5.52e-01, -3.08e-02, 4.84e-03, -1.44e-01, -1.74e-01, 2.11e-01, 5.40e-02, -9.97e-04, 1.58e-01]
47900 [-3.91e-02, 9.24e-02, 6.69e-01, -6.24e-03, -6.36e-03, -1.66e-01, -1.74e-01, 2.20e-01, 4.75e-02, 1.58e-03, 3.06e-01]
48000 [3.05e-02, 5.49e-02, 4.96e-01, -2.09e-02, -2.66e-03, -7.94e-02, -1.74e-01, 1.83e-01, 7.24e-03, 2.47e-02, 1.77e-01]
48100 [4.00e-02, 1.49e-01, 7.00e-01, -2.27e-02, -7.41e-03, -2.02e-01, -1.74e-01, 1.80e-01, 7.09e-02, -4.90e-03, 3.21e-01]
48200 [1.67e-02, 1.26e-01, 7.56e-01, -2.72e-02, -1.11e-03, -1.92e-01, -1.74e-01, 1.81e-01, 5.65e-02, -5.80e-03, 3.73e-01]
48300 [-1.82e-02, 1.11e-01, 7.07e-01, -2.12e-02, 2.98e-03, -1.95e-01, -1.74e-01, 1.83e-01, 6.79e-02, 2.03e-04, 2.97e-01]
48400 [3.99e-02, 8.70e-02, 5.72e-01, -1.14e-02, -1.55e-03, -1.40e-01, -1.74e-01, 1.56e-01, 5.66e-02, 5.01e-03, 1.75e-01]
48500 [5.15e-03, 8.73e-02, 6.75e-01, -2.59e-02, 4.17e-03, -1.08e-01, -1.74e-01, 1.57e-01, 8.40e-03, 7.00e-03, 2.60e-01]
48600 [1.39e-02, 4.11e-03, 6.16e-01, -2.51e-02, 6.60e-03, -1.73e-02, -1.74e-01, 1.58e-01, -3.52e-02, -2.26e-03, 2.25e-01]
48700 [-3.04e-02, 1.31e-01, 7.11e-01, -9.34e-03, 1.91e-02, -2.06e-01, -1.74e-01, 1.56e-01, 7.16e-02, 4.71e-03, 3.34e-01]
48800 [6.37e-02, 1.01e-01, 6.11e-01, -2.52e-02, 1.10e-02, -1.59e-01, -1.74e-01, 1.17e-01, 5.93e-02, -3.62e-03, 2.03e-01]
48900 [1.07e-02, 7.75e-02, 5.99e-01, 4.87e-02, -1.67e-03, -1.17e-01, -1.74e-01, 1.13e-01, 4.21e-02, -5.89e-03, 1.76e-01]
49000 [-1.91e-03, 5.45e-02, 6.65e-01, 4.11e-02, 8.37e-03, -8.61e-02, -1.74e-01, 1.14e-01, 2.33e-03, -4.06e-03, 2.84e-01]
49100 [-1.61e-02, 1.37e-01, 7.66e-01, 3.19e-02, 1.04e-02, -2.19e-01, -1.74e-01, 1.14e-01, 7.59e-02, -1.79e-02, 4.02e-01]
49200 [-1.05e-01, 6.34e-02, 4.25e-01, 1.76e-01, -1.27e-02, -6.34e-02, -1.74e-01, -4.59e-02, 4.53e-02, -7.81e-02, 1.05e-01]
49300 [-8.13e-02, 1.56e-01, 5.84e-01, 4.48e-03, 2.38e-02, -1.62e-01, -1.74e-01, -1.59e-02, 5.04e-02, 1.24e-02, 2.75e-01]
49400 [-7.14e-02, 1.31e-01, 6.79e-01, 3.58e-02, 5.77e-02, -1.79e-01, -1.74e-01, -1.21e-03, 5.63e-02, 4.37e-03, 4.68e-01]
49500 [-5.07e-02, 1.21e-01, 7.23e-01, 4.65e-02, -1.95e-02, -1.83e-01, -1.74e-01, 3.87e-03, 4.71e-02, -4.34e-03, 4.25e-01]
49600 [-9.23e-03, 1.05e-01, 7.05e-01, 3.77e-02, 1.03e-06, -1.81e-01, -1.74e-01, 5.40e-03, 5.82e-02, -2.18e-02, 2.93e-01]
49700 [-9.08e-04, 8.61e-02, 6.40e-01, 3.36e-02, 8.55e-03, -1.58e-01, -1.74e-01, 5.11e-03, 6.34e-02, -1.98e-02, 2.01e-01]
49800 [1.05e-02, 4.27e-02, 5.10e-01, -5.87e-03, 5.80e-02, -6.30e-02, -1.74e-01, 3.59e-04, 3.33e-03, -2.28e-02, 1.07e-01]
49900 [-8.98e-03, 1.49e-01, 6.94e-01, -1.50e-02, 2.06e-02, -1.81e-01, -1.74e-01, 9.66e-05, 7.70e-02, -4.22e-04, 3.59e-01]
50000 [-1.56e-02, 1.15e-01, 7.48e-01, -1.11e-02, 5.07e-03, -1.71e-01, -1.74e-01, 6.38e-04, 2.93e-02, 6.78e-03, 3.93e-01]
50000 [-1.56e-02, 1.15e-01, 7.48e-01, -1.11e-02, 5.07e-03, -1.71e-01, -1.74e-01, 6.38e-04, 2.93e-02, 6.78e-03, 3.93e-01]
50100 [1.08e-01, 2.98e-02, 5.54e-01, 2.55e-03, 1.77e-02, -5.62e-02, -2.29e-01, 1.65e-02, 6.45e-02, 3.03e-02, 2.96e-01]
50200 [1.16e-01, 4.13e-02, 5.61e-01, -4.71e-03, 1.68e-02, -7.33e-02, -2.29e-01, 1.72e-02, 3.81e-02, 3.09e-02, 2.89e-01]
50300 [1.26e-01, 5.54e-02, 5.77e-01, -1.01e-02, 1.71e-02, -9.07e-02, -2.29e-01, 1.65e-02, 1.90e-02, 3.10e-02, 2.84e-01]
50400 [1.37e-01, 6.93e-02, 5.97e-01, -1.17e-02, 1.79e-02, -1.08e-01, -2.29e-01, 1.38e-02, 1.36e-02, 3.06e-02, 2.82e-01]
50500 [1.48e-01, 8.27e-02, 6.19e-01, -1.13e-02, 1.63e-02, -1.24e-01, -2.29e-01, 1.13e-02, 1.47e-02, 2.98e-02, 2.81e-01]
50600 [1.58e-01, 9.56e-02, 6.41e-01, -1.11e-02, 9.34e-03, -1.41e-01, -2.29e-01, 1.15e-02, 1.17e-02, 2.88e-02, 2.83e-01]
50700 [1.53e-01, 1.08e-01, 6.64e-01, -1.45e-02, 1.22e-03, -1.56e-01, -2.29e-01, 1.25e-02, 1.52e-02, 2.74e-02, 2.86e-01]
50800 [1.49e-01, 1.20e-01, 6.88e-01, -1.63e-02, -7.01e-03, -1.71e-01, -2.29e-01, 1.38e-02, 2.08e-02, 2.59e-02, 2.91e-01]
50900 [1.06e-01, 1.30e-01, 7.13e-01, -2.94e-02, -1.35e-02, -1.86e-01, -2.29e-01, 1.48e-02, 3.23e-02, 2.42e-02, 2.97e-01]
51000 [1.12e-01, 1.41e-01, 7.43e-01, -2.64e-02, -1.77e-02, -2.01e-01, -2.29e-01, 1.58e-02, 3.72e-02, 2.25e-02, 3.04e-01]
51100 [1.19e-01, 1.52e-01, 7.70e-01, -2.30e-02, -2.22e-02, -2.16e-01, -2.29e-01, 1.69e-02, 4.28e-02, 2.07e-02, 3.13e-01]
51200 [1.24e-01, 1.62e-01, 7.95e-01, -1.96e-02, -2.76e-02, -2.30e-01, -2.29e-01, 1.83e-02, 4.99e-02, 1.87e-02, 3.22e-01]
51300 [9.03e-03, 1.52e-01, 7.69e-01, -5.99e-02, -2.74e-02, -1.60e-01, -2.29e-01, 2.27e-02, 5.14e-02, 1.85e-02, 3.16e-01]
51400 [7.99e-03, 1.65e-01, 7.95e-01, -6.04e-02, -2.65e-02, -1.88e-01, -2.29e-01, 2.27e-02, 5.28e-02, 1.77e-02, 3.20e-01]
51500 [6.71e-03, 1.77e-01, 8.23e-01, -6.12e-02, -2.70e-02, -2.11e-01, -2.29e-01, 2.27e-02, 6.54e-02, 1.69e-02, 3.28e-01]
51600 [4.68e-03, 1.80e-01, 8.35e-01, -6.18e-02, -2.68e-02, -2.03e-01, -2.29e-01, 2.28e-02, 7.58e-02, 1.62e-02, 3.37e-01]
51700 [2.61e-03, 1.82e-01, 8.40e-01, -6.22e-02, -2.67e-02, -1.98e-01, -2.29e-01, 2.29e-02, 7.27e-02, 1.55e-02, 3.43e-01]
51800 [5.52e-04, 1.83e-01, 8.42e-01, -6.25e-02, -2.57e-02, -1.99e-01, -2.29e-01, 2.31e-02, 6.80e-02, 1.47e-02, 3.48e-01]
51900 [-1.45e-03, 1.81e-01, 8.45e-01, -6.28e-02, 8.05e-04, -2.03e-01, -2.29e-01, 2.32e-02, 6.56e-02, 1.37e-02, 3.54e-01]
52000 [-2.80e-03, 1.72e-01, 8.30e-01, -6.23e-02, 1.77e-02, -1.85e-01, -2.29e-01, 2.34e-02, 6.28e-02, 6.21e-03, 3.57e-01]
52100 [-4.43e-03, 1.73e-01, 8.35e-01, -6.20e-02, -1.51e-02, -1.96e-01, -2.29e-01, 2.36e-02, 5.95e-02, 5.31e-03, 3.61e-01]
52200 [-5.02e-03, 1.67e-01, 8.31e-01, -6.11e-02, -3.94e-03, -1.94e-01, -2.29e-01, 2.38e-02, 5.99e-02, -6.55e-03, 3.65e-01]
52300 [-4.60e-03, 1.59e-01, 8.24e-01, -5.97e-02, 7.26e-03, -1.86e-01, -2.29e-01, 2.40e-02, 5.87e-02, 1.56e-03, 3.68e-01]
52400 [-4.10e-03, 1.56e-01, 8.22e-01, -5.85e-02, 2.51e-03, -1.82e-01, -2.29e-01, 2.42e-02, 5.97e-02, -2.12e-03, 3.70e-01]
52500 [-1.84e-03, 1.51e-01, 8.06e-01, -5.64e-02, -2.54e-03, -1.67e-01, -2.29e-01, 2.44e-02, 5.79e-02, -2.81e-03, 3.68e-01]
52600 [-3.51e-03, 1.43e-01, 8.04e-01, -5.56e-02, -7.44e-03, -1.86e-01, -2.29e-01, 2.45e-02, 4.31e-02, -7.12e-04, 3.58e-01]
52700 [3.72e-03, 1.31e-01, 7.58e-01, -4.17e-02, -2.96e-03, -1.48e-01, -2.29e-01, 2.91e-02, 1.91e-02, 6.12e-04, 3.37e-01]
52800 [2.05e-03, 1.29e-01, 7.43e-01, -4.23e-02, -3.98e-03, -1.01e-01, -2.29e-01, 2.92e-02, 6.68e-02, 1.46e-03, 3.41e-01]
52900 [1.64e-02, 1.26e-01, 7.11e-01, -3.94e-02, -3.08e-03, -1.57e-01, -2.29e-01, 2.95e-02, 3.68e-02, 1.01e-03, 3.06e-01]
53000 [-5.50e-02, 1.07e-01, 6.98e-01, 1.71e-02, -6.57e-03, -7.64e-02, -2.29e-01, -4.83e-03, 3.44e-02, 1.65e-03, 3.12e-01]
53100 [-1.78e-02, 1.25e-01, 7.11e-01, 4.20e-02, 2.66e-03, -1.64e-01, -2.29e-01, 9.12e-04, 4.68e-02, -3.44e-04, 2.95e-01]
53200 [3.50e-02, 8.22e-02, 6.66e-01, -1.96e-02, 2.02e-03, -8.08e-02, -2.29e-01, -1.32e-03, 1.39e-02, 1.38e-04, 2.93e-01]
53300 [3.81e-02, 1.29e-01, 7.47e-01, -2.91e-02, 9.33e-04, -1.83e-01, -2.29e-01, -2.24e-03, 5.73e-02, -8.22e-04, 2.91e-01]
53400 [-5.16e-03, 1.11e-01, 7.06e-01, 1.54e-02, -1.69e-02, -1.46e-01, -2.29e-01, 3.10e-02, 2.81e-02, 8.47e-04, 2.79e-01]
53500 [1.37e-02, 9.40e-02, 6.85e-01, 1.19e-02, -4.38e-03, -8.15e-02, -2.29e-01, 3.18e-02, 4.37e-02, 7.06e-04, 2.89e-01]
53600 [-8.83e-03, 1.37e-01, 7.49e-01, -8.59e-03, -3.80e-04, -1.88e-01, -2.29e-01, 3.67e-02, 6.05e-02, -9.84e-04, 2.85e-01]
53700 [4.85e-02, 1.05e-01, 6.63e-01, -9.76e-03, 9.43e-03, -1.37e-01, -2.29e-01, 3.79e-02, 2.89e-02, -6.07e-04, 2.59e-01]
53800 [6.10e-03, 9.70e-02, 6.87e-01, 2.84e-03, 1.82e-03, -1.34e-01, -2.29e-01, 6.49e-02, 3.11e-02, -1.92e-03, 2.65e-01]
53900 [2.84e-04, 8.45e-02, 6.96e-01, 1.95e-03, 6.51e-03, -8.84e-02, -2.29e-01, 6.64e-02, 4.90e-02, -6.91e-03, 2.81e-01]
54000 [-9.14e-03, 1.32e-01, 7.60e-01, -1.01e-03, 2.26e-03, -1.98e-01, -2.29e-01, 6.66e-02, 6.72e-02, -8.55e-03, 2.82e-01]
54100 [7.62e-03, 1.04e-01, 6.62e-01, -2.86e-02, 8.97e-04, -1.52e-01, -2.29e-01, 4.66e-02, 5.02e-02, -5.58e-04, 2.50e-01]
54200 [4.85e-03, 1.04e-01, 7.08e-01, -2.20e-02, 3.78e-03, -1.29e-01, -2.29e-01, 4.88e-02, 2.38e-02, 6.74e-04, 2.66e-01]
54300 [-2.06e-03, 9.31e-02, 7.16e-01, -2.09e-02, 5.37e-04, -1.28e-01, -2.29e-01, 4.96e-02, 2.48e-02, -9.79e-03, 2.79e-01]
54400 [1.55e-02, 9.27e-02, 7.14e-01, -1.34e-02, -2.43e-04, -9.95e-02, -2.29e-01, 5.19e-02, 2.64e-02, -6.91e-03, 2.85e-01]
54500 [-1.39e-02, 8.75e-02, 6.99e-01, -7.77e-04, -1.40e-02, -9.70e-02, -2.29e-01, 7.09e-02, 2.41e-02, -6.12e-04, 2.80e-01]
54600 [1.22e-02, 7.93e-02, 6.84e-01, -2.63e-02, -1.63e-02, -7.70e-02, -2.29e-01, 9.34e-02, 3.15e-02, 1.07e-02, 2.82e-01]
54700 [-8.19e-03, 1.13e-01, 7.25e-01, -3.75e-02, -3.34e-02, -1.27e-01, -2.29e-01, 8.57e-02, 7.79e-02, 4.09e-03, 2.84e-01]
54800 [7.43e-03, 1.21e-01, 7.27e-01, 1.14e-02, -2.17e-02, -1.56e-01, -2.29e-01, 1.10e-01, 8.40e-02, -2.12e-03, 2.84e-01]
54900 [2.36e-03, 1.04e-01, 7.24e-01, -3.56e-02, 9.88e-03, -1.79e-01, -2.29e-01, 1.11e-01, 5.37e-02, 4.84e-04, 2.79e-01]
55000 [3.37e-02, 6.80e-02, 4.55e-01, 8.45e-02, 1.04e-01, -8.88e-02, -2.29e-01, 6.78e-03, 5.80e-03, 4.99e-03, 2.29e-01]
55100 [-5.43e-02, 1.50e-01, 6.23e-01, -9.89e-02, 8.81e-03, -1.67e-01, -2.29e-01, 2.39e-01, 3.90e-02, 4.67e-03, 2.48e-01]
55200 [-5.88e-02, 1.31e-01, 7.16e-01, -7.39e-02, 1.81e-02, -1.80e-01, -2.29e-01, 2.44e-01, 7.20e-02, -5.74e-03, 3.10e-01]
55300 [-3.17e-02, 1.10e-01, 7.31e-01, -3.88e-02, 1.65e-02, -1.32e-01, -2.29e-01, 2.47e-01, 8.51e-02, -2.34e-03, 3.32e-01]
55400 [-5.03e-03, 1.32e-01, 7.43e-01, -2.73e-02, -5.17e-04, -2.10e-01, -2.29e-01, 2.49e-01, 7.08e-02, 1.79e-03, 3.05e-01]
55500 [-1.69e-02, 1.34e-01, 5.42e-01, -8.64e-03, 2.97e-03, -1.39e-01, -2.29e-01, 2.40e-01, 4.44e-02, 1.41e-02, 2.37e-01]
55600 [-3.94e-02, 1.37e-01, 6.99e-01, -1.15e-02, 7.88e-03, -1.91e-01, -2.29e-01, 2.42e-01, 7.10e-02, 4.65e-03, 3.04e-01]
55700 [-2.84e-02, 1.27e-01, 7.43e-01, -1.12e-03, 1.06e-02, -1.87e-01, -2.29e-01, 2.43e-01, 5.45e-02, 1.34e-03, 3.39e-01]
55800 [-1.77e-02, 1.34e-01, 7.55e-01, 2.62e-03, 8.48e-04, -1.83e-01, -2.29e-01, 2.43e-01, 7.20e-02, -2.21e-03, 3.38e-01]
55900 [-1.16e-02, 1.25e-01, 7.40e-01, 1.00e-03, -4.99e-03, -2.09e-01, -2.29e-01, 2.43e-01, 7.31e-02, -7.12e-03, 3.04e-01]
56000 [5.80e-02, 1.18e-01, 6.57e-01, -1.11e-02, -8.84e-04, -1.82e-01, -2.29e-01, 2.30e-01, 6.81e-02, -4.44e-03, 2.39e-01]
56100 [-3.24e-02, 1.04e-01, 6.38e-01, 2.04e-02, 1.40e-03, -1.65e-01, -2.29e-01, 2.24e-01, 6.21e-02, 7.51e-04, 2.28e-01]
56200 [8.71e-03, 1.04e-01, 6.76e-01, 1.69e-02, -2.12e-03, -1.58e-01, -2.29e-01, 2.25e-01, 5.68e-02, 5.32e-04, 2.63e-01]
56300 [-3.44e-03, 8.68e-02, 6.75e-01, 1.17e-02, 2.96e-03, -1.54e-01, -2.29e-01, 2.25e-01, 5.43e-02, -3.44e-03, 2.59e-01]
56400 [3.85e-02, 7.39e-02, 6.17e-01, -1.38e-02, -2.11e-03, -1.33e-01, -2.29e-01, 2.15e-01, 4.99e-02, 2.50e-02, 2.27e-01]
56500 [-2.42e-02, 9.30e-02, 6.57e-01, 7.62e-03, 1.52e-02, -1.25e-01, -2.29e-01, 2.17e-01, 1.83e-02, -4.31e-03, 2.37e-01]
56600 [5.49e-04, 9.75e-02, 6.93e-01, 1.02e-02, -1.61e-03, -1.49e-01, -2.29e-01, 2.17e-01, 3.80e-02, -2.06e-04, 2.85e-01]
56700 [-6.39e-03, 8.56e-02, 6.96e-01, 5.20e-04, -4.42e-06, -1.58e-01, -2.29e-01, 2.17e-01, 5.35e-02, -1.50e-03, 2.75e-01]
56800 [4.71e-02, 9.68e-02, 6.31e-01, -2.26e-02, -3.63e-02, -1.47e-01, -2.29e-01, 1.98e-01, 6.55e-02, -2.03e-03, 2.17e-01]
56900 [-1.04e-03, 1.14e-01, 7.02e-01, 2.23e-02, 1.39e-02, -1.73e-01, -2.29e-01, 1.94e-01, 6.37e-02, 2.33e-03, 2.74e-01]
57000 [2.80e-02, 9.83e-02, 6.83e-01, -2.36e-03, -5.88e-03, -1.75e-01, -2.29e-01, 1.92e-01, 6.12e-02, -5.52e-03, 2.51e-01]
57100 [-9.84e-02, 7.80e-02, 5.31e-01, 1.18e-02, 2.26e-02, -1.28e-01, -2.29e-01, 1.33e-01, 3.88e-02, -4.49e-03, 1.91e-01]
57200 [1.28e-02, 1.20e-01, 6.95e-01, -6.95e-02, -5.79e-03, -1.69e-01, -2.29e-01, 1.46e-01, 6.50e-02, -2.81e-04, 3.09e-01]
57300 [1.52e-02, 5.32e-02, 6.80e-01, -4.46e-02, -2.13e-02, -5.26e-02, -2.29e-01, 1.47e-01, -2.78e-02, -5.36e-04, 2.90e-01]
57400 [4.81e-02, 1.16e-01, 6.95e-01, 3.12e-02, -7.04e-03, -8.46e-02, -2.29e-01, 1.25e-01, 9.86e-02, 2.75e-02, 2.63e-01]
57500 [-6.71e-02, 1.71e-01, 3.21e-01, 5.40e-02, 4.79e-04, -1.59e-02, -2.29e-01, -9.97e-02, 6.45e-03, 3.84e-02, 7.70e-02]
57600 [-1.02e-01, 1.19e-01, 5.50e-01, -3.94e-02, 2.19e-02, -1.36e-01, -2.29e-01, -3.33e-02, 3.27e-02, 3.26e-03, 1.65e-01]
57700 [-6.68e-02, 9.87e-02, 6.25e-01, -9.23e-02, 5.12e-03, -1.54e-01, -2.29e-01, 4.21e-02, 3.00e-02, 1.26e-02, 2.52e-01]
57800 [9.47e-03, 7.16e-02, 6.43e-01, 2.12e-02, -3.50e-03, -1.23e-01, -2.29e-01, 5.68e-02, 1.17e-02, -5.88e-03, 2.83e-01]
57900 [-3.04e-03, 6.54e-02, 6.92e-01, 1.43e-02, 8.92e-03, -9.76e-02, -2.29e-01, 5.68e-02, 6.72e-03, 8.67e-03, 3.18e-01]
58000 [-7.27e-03, 9.23e-02, 7.20e-01, 8.03e-03, -5.38e-03, -1.01e-01, -2.29e-01, 5.65e-02, 7.73e-02, -2.04e-02, 3.41e-01]
58100 [-2.73e-02, 1.28e-01, 7.23e-01, -8.53e-03, 1.31e-03, -2.00e-01, -2.29e-01, 5.60e-02, 6.99e-02, -1.78e-02, 2.94e-01]
58200 [6.32e-02, 1.02e-01, 5.80e-01, -3.08e-02, 3.19e-02, -1.38e-01, -2.29e-01, 4.54e-02, 5.55e-02, -7.56e-03, 1.75e-01]
58300 [-2.31e-02, 8.22e-02, 6.52e-01, 1.38e-02, -4.47e-03, -1.38e-01, -2.29e-01, 5.26e-02, 3.24e-02, -8.64e-03, 2.57e-01]
58400 [-1.65e-02, 3.75e-02, 6.31e-01, -7.96e-03, 7.20e-03, -7.77e-02, -2.29e-01, 5.40e-02, -2.16e-02, 1.27e-02, 2.37e-01]
58500 [2.97e-02, 7.07e-02, 6.74e-01, 3.45e-02, 2.26e-02, -8.04e-02, -2.29e-01, 5.94e-02, 7.41e-02, -2.49e-03, 3.26e-01]
58600 [-6.68e-02, 1.34e-01, 7.13e-01, -2.39e-02, -1.51e-02, -2.00e-01, -2.29e-01, 4.88e-02, 6.18e-02, -1.00e-05, 3.22e-01]
58700 [-2.36e-02, 1.17e-01, 6.85e-01, -3.89e-02, 5.73e-04, -1.80e-01, -2.29e-01, 4.89e-02, 5.78e-02, -1.69e-02, 2.67e-01]
58800 [-3.48e-02, 9.73e-02, 6.58e-01, -8.40e-03, -5.28e-03, -1.56e-01, -2.29e-01, 5.06e-02, 5.41e-02, -1.58e-03, 2.42e-01]
58900 [1.49e-02, 1.07e-01, 7.00e-01, 2.43e-02, 1.82e-03, -1.55e-01, -2.29e-01, 5.43e-02, 4.72e-02, -2.88e-04, 2.98e-01]
59000 [-1.06e-02, 1.14e-01, 7.60e-01, 1.13e-02, 2.71e-03, -1.88e-01, -2.29e-01, 5.45e-02, 5.49e-02, -9.29e-04, 3.65e-01]
59100 [-2.49e-02, 9.87e-02, 6.98e-01, -1.36e-02, -8.62e-04, -1.83e-01, -2.29e-01, 5.08e-02, 6.25e-02, -3.40e-03, 2.47e-01]
59200 [-3.71e-02, 1.08e-01, 4.46e-01, 1.07e-03, 9.54e-04, -7.46e-02, -2.29e-01, 2.26e-02, 2.54e-02, 2.61e-02, 8.92e-02]
59300 [-4.32e-02, 9.45e-02, 6.13e-01, -3.50e-02, 1.05e-02, -1.55e-01, -2.29e-01, 6.24e-02, 4.09e-02, 3.93e-03, 2.70e-01]
59400 [-2.09e-03, 8.06e-02, 6.65e-01, 3.51e-02, 9.96e-03, -1.38e-01, -2.29e-01, 7.46e-02, 3.33e-02, 3.36e-03, 2.94e-01]
59500 [-2.10e-03, 6.89e-02, 6.83e-01, 2.51e-02, -4.64e-02, -1.22e-01, -2.29e-01, 7.41e-02, 1.15e-02, 1.90e-02, 2.65e-01]
59600 [-6.23e-03, 3.64e-02, 6.53e-01, -4.89e-03, -1.49e-02, -8.89e-02, -2.29e-01, 7.10e-02, -5.03e-03, -2.55e-04, 1.96e-01]
59700 [-1.96e-02, -7.89e-03, 5.83e-01, -2.67e-02, -5.02e-02, 1.64e-02, -2.29e-01, 5.89e-02, -7.76e-02, 6.48e-02, 1.44e-01]
59800 [-2.14e-02, 1.53e-01, 6.69e-01, 3.76e-02, -3.64e-03, -1.90e-01, -2.29e-01, 1.94e-02, 7.11e-02, -1.07e-02, 2.84e-01]
59900 [-2.44e-02, 1.26e-01, 7.47e-01, 2.41e-02, 6.23e-04, -2.00e-01, -2.29e-01, 2.06e-02, 5.88e-02, -1.27e-02, 3.84e-01]
60000 [5.82e-02, 1.34e-01, 4.98e-01, -3.43e-02, 7.91e-03, -1.11e-01, -2.29e-01, 2.49e-02, 4.86e-02, 6.89e-03, 1.40e-01]
60000 [5.82e-02, 1.34e-01, 4.98e-01, -3.43e-02, 7.91e-03, -1.11e-01, -2.29e-01, 2.49e-02, 4.86e-02, 6.89e-03, 1.40e-01]
60100 [-9.83e-02, 9.65e-02, 3.84e-01, 5.88e-02, 8.44e-03, 7.21e-02, -1.25e-01, -7.88e-02, -1.91e-02, -2.90e-03, 3.07e-02]
60200 [-1.00e-01, 9.65e-02, 3.41e-01, 5.62e-02, 8.26e-03, 7.84e-02, -1.25e-01, -7.89e-02, -2.61e-02, -3.00e-03, 3.08e-02]
60300 [-1.11e-01, 9.79e-02, 3.12e-01, 4.19e-02, 6.92e-03, 7.84e-02, -1.25e-01, -7.97e-02, -4.29e-02, -3.20e-03, 3.08e-02]
60400 [-1.34e-01, 1.01e-01, 3.01e-01, 1.19e-02, 4.90e-03, 6.95e-02, -1.25e-01, -8.15e-02, -5.85e-02, -3.38e-03, 3.08e-02]
60500 [-1.63e-01, 1.05e-01, 2.93e-01, -2.57e-02, 3.35e-03, 5.63e-02, -1.25e-01, -8.31e-02, -7.53e-02, -3.45e-03, 3.06e-02]
60600 [-1.92e-01, 1.10e-01, 2.85e-01, -5.85e-02, 1.76e-03, 3.95e-02, -1.25e-01, -8.31e-02, -1.02e-01, -4.35e-03, 2.99e-02]
60700 [-2.05e-01, 1.14e-01, 2.82e-01, -7.31e-02, -5.89e-05, 2.06e-02, -1.25e-01, -8.12e-02, -1.23e-01, -6.16e-03, 2.93e-02]
60800 [-1.68e-01, 1.19e-01, 3.04e-01, -3.30e-02, 8.08e-05, -6.95e-03, -1.25e-01, -8.43e-02, -7.40e-02, -6.92e-03, 3.14e-02]
60900 [-2.06e-01, 1.22e-01, 3.43e-01, -6.39e-02, 1.61e-03, -4.36e-02, -1.25e-01, -7.83e-02, -2.74e-02, -5.31e-03, 3.45e-02]
61000 [-8.39e-02, 1.26e-01, 3.93e-01, 9.14e-02, 6.56e-03, -7.30e-02, -1.25e-01, -3.26e-02, 5.78e-02, -5.23e-03, 4.72e-02]
61100 [-1.17e-01, 1.31e-01, 4.54e-01, 8.63e-02, 6.15e-03, -1.08e-01, -1.25e-01, -2.77e-02, 8.81e-02, -5.57e-03, 5.78e-02]
61200 [-1.46e-01, 1.35e-01, 5.06e-01, 8.85e-02, 6.36e-03, -1.36e-01, -1.25e-01, -1.96e-02, 9.99e-02, -5.71e-03, 7.18e-02]
61300 [-1.69e-01, 1.39e-01, 5.51e-01, 9.11e-02, 6.70e-03, -1.62e-01, -1.25e-01, -1.02e-02, 1.09e-01, -5.67e-03, 8.97e-02]
61400 [-8.80e-02, 1.43e-01, 5.54e-01, 7.36e-02, 9.25e-03, -9.36e-02, -1.25e-01, 4.47e-03, 3.19e-02, -5.11e-03, 1.06e-01]
61500 [-1.12e-01, 1.47e-01, 5.88e-01, 5.85e-02, 1.74e-02, -1.50e-01, -1.25e-01, 1.04e-02, 5.86e-02, -6.29e-03, 1.41e-01]
61600 [-8.08e-02, 1.51e-01, 6.22e-01, 5.83e-02, 2.23e-02, -3.39e-02, -1.25e-01, 2.25e-02, 6.85e-02, -5.08e-03, 1.61e-01]
61700 [-4.18e-02, 1.56e-01, 5.98e-01, 4.41e-02, 1.74e-02, -1.21e-01, -1.25e-01, 2.86e-02, 3.40e-02, -5.49e-03, 1.65e-01]
61800 [-6.13e-02, 1.61e-01, 6.49e-01, 2.80e-02, 1.58e-02, -1.75e-01, -1.25e-01, 3.03e-02, 6.05e-02, -6.51e-03, 1.99e-01]
61900 [-3.76e-03, 1.65e-01, 6.27e-01, 2.66e-02, 1.27e-02, -2.42e-02, -1.25e-01, 3.51e-02, -3.09e-02, -1.52e-03, 1.81e-01]
62000 [-1.58e-02, 1.71e-01, 6.38e-01, 6.33e-03, 9.62e-03, -1.47e-01, -1.25e-01, 3.39e-02, 4.34e-02, -6.19e-04, 1.99e-01]
62100 [-2.83e-02, 1.75e-01, 6.98e-01, -3.40e-03, -4.97e-03, -1.96e-01, -1.25e-01, 3.45e-02, 6.86e-02, -1.87e-03, 2.33e-01]
62200 [4.13e-04, 1.80e-01, 6.48e-01, -1.33e-02, -4.42e-03, -8.93e-02, -1.25e-01, 3.48e-02, 2.45e-03, 1.63e-03, 1.95e-01]
62300 [-9.47e-03, 1.85e-01, 6.91e-01, -2.23e-02, 1.82e-03, -1.74e-01, -1.25e-01, 3.49e-02, 5.79e-02, -1.82e-05, 2.23e-01]
62400 [-1.67e-02, 1.89e-01, 7.41e-01, -2.68e-02, -3.94e-02, -1.02e-01, -1.25e-01, 3.53e-02, 9.36e-02, 7.30e-04, 2.52e-01]
62500 [-6.18e-03, 1.94e-01, 7.11e-01, -3.90e-02, -3.83e-02, -1.54e-01, -1.25e-01, 3.53e-02, 4.54e-02, 1.50e-03, 2.15e-01]
62600 [-1.58e-02, 1.99e-01, 7.62e-01, -4.59e-02, 1.25e-02, -2.13e-01, -1.25e-01, 3.57e-02, 7.51e-02, -1.97e-04, 2.60e-01]
62700 [-1.76e-02, 2.03e-01, 7.66e-01, -4.92e-02, 1.52e-02, -1.67e-01, -1.25e-01, 3.58e-02, 4.58e-02, -8.70e-04, 2.61e-01]
62800 [-7.08e-03, 2.07e-01, 7.82e-01, -4.64e-02, 9.31e-03, -3.79e-02, -1.25e-01, 3.64e-02, 9.98e-02, 3.58e-03, 2.73e-01]
62900 [7.71e-02, 2.10e-01, 6.80e-01, -7.51e-03, 1.02e-04, -1.49e-01, -1.25e-01, 2.89e-02, 5.40e-02, 2.01e-04, 1.97e-01]
63000 [9.44e-02, 2.15e-01, 7.43e-01, -4.00e-03, 3.45e-04, -2.10e-01, -1.25e-01, 2.99e-02, 8.60e-02, -2.95e-03, 2.37e-01]
63100 [-4.12e-02, 2.15e-01, 6.53e-01, 5.12e-02, -2.81e-03, -1.19e-01, -1.25e-01, 5.22e-02, 3.96e-02, -7.56e-04, 1.89e-01]
63200 [-6.96e-02, 2.22e-01, 7.14e-01, 3.14e-02, 1.79e-03, -1.98e-01, -1.25e-01, 5.61e-02, 7.16e-02, -1.51e-03, 2.49e-01]
63300 [4.63e-02, 2.22e-01, 7.00e-01, -2.99e-02, 6.34e-03, -6.99e-02, -1.25e-01, 6.42e-02, -2.58e-02, -4.76e-03, 2.35e-01]
63400 [5.35e-02, 2.28e-01, 7.29e-01, -3.04e-02, -2.90e-04, -1.88e-01, -1.25e-01, 6.29e-02, 7.29e-02, 2.44e-03, 2.47e-01]
63500 [-9.66e-02, 2.28e-01, 7.28e-01, 1.10e-02, -1.86e-03, 3.49e-02, -1.25e-01, 6.39e-02, 3.58e-02, 6.55e-03, 2.23e-01]
63600 [1.36e-01, 2.21e-01, 3.99e-01, -6.22e-02, -6.61e-03, -5.48e-02, -1.25e-01, -1.08e-02, 3.18e-02, -1.24e-03, 1.69e-01]
63700 [-9.47e-02, 2.19e-01, 4.69e-01, 1.02e-01, 9.43e-03, -1.04e-01, -1.25e-01, 5.50e-02, 4.00e-02, -6.68e-03, 1.79e-01]
63800 [-1.42e-01, 2.29e-01, 5.70e-01, 1.12e-01, 1.45e-02, -1.64e-01, -1.25e-01, 8.55e-02, 6.94e-02, 2.26e-03, 2.39e-01]
63900 [2.89e-03, 2.32e-01, 6.23e-01, 7.00e-02, 2.95e-02, -9.41e-02, -1.25e-01, 9.61e-02, 5.45e-02, -6.24e-04, 3.00e-01]
64000 [6.64e-02, 2.31e-01, 6.52e-01, 2.91e-02, 2.90e-02, -1.62e-01, -1.25e-01, 9.43e-02, 5.09e-02, -2.25e-03, 2.69e-01]
64100 [8.01e-02, 2.39e-01, 7.54e-01, 3.41e-02, 3.03e-03, -2.24e-01, -1.25e-01, 9.50e-02, 8.18e-02, -5.69e-03, 3.20e-01]
64200 [-2.06e-02, 2.21e-01, 6.31e-01, -3.32e-02, 2.85e-03, -1.45e-01, -1.25e-01, 9.78e-02, 4.20e-02, -2.55e-02, 2.18e-01]
64300 [-3.53e-02, 2.32e-01, 7.44e-01, -3.47e-02, 1.08e-03, -2.18e-01, -1.25e-01, 9.93e-02, 7.33e-02, 8.28e-03, 2.99e-01]
64400 [-7.66e-03, 2.11e-01, 6.52e-01, -2.82e-02, 1.22e-03, -1.42e-01, -1.25e-01, 9.94e-02, 3.80e-02, 2.61e-02, 2.34e-01]
64500 [-1.97e-02, 2.23e-01, 7.62e-01, -3.84e-02, -2.05e-04, -2.22e-01, -1.25e-01, 1.00e-01, 7.49e-02, -3.43e-03, 3.18e-01]
64600 [-1.48e-02, 2.13e-01, 7.02e-01, -4.02e-02, -2.59e-02, -1.67e-01, -1.25e-01, 9.94e-02, 4.81e-02, -1.39e-02, 2.63e-01]
64700 [5.27e-03, 2.08e-01, 6.93e-01, -2.91e-02, -8.04e-03, 4.07e-02, -1.25e-01, 1.00e-01, 1.71e-02, 1.43e-02, 2.60e-01]
64800 [9.33e-03, 1.83e-01, 4.03e-01, 1.17e-03, -2.23e-03, -5.96e-02, -1.25e-01, 9.26e-02, 9.43e-03, -1.54e-03, 2.02e-01]
64900 [-8.52e-03, 2.06e-01, 6.37e-01, -8.64e-03, -1.93e-04, -1.65e-01, -1.25e-01, 9.28e-02, 5.44e-02, -4.30e-03, 2.46e-01]
65000 [-1.17e-02, 2.13e-01, 7.21e-01, -7.36e-03, 5.98e-04, -8.96e-02, -1.25e-01, 9.32e-02, 9.60e-02, 5.21e-03, 3.13e-01]
65100 [-9.85e-03, 1.89e-01, 5.96e-01, -2.28e-02, 7.14e-03, -1.43e-01, -1.25e-01, 7.44e-02, 4.35e-02, -2.71e-03, 2.26e-01]
65200 [-3.26e-02, 2.08e-01, 7.52e-01, -3.37e-02, 6.37e-04, -2.17e-01, -1.25e-01, 7.58e-02, 6.82e-02, -4.87e-03, 3.37e-01]
65300 [4.02e-03, 1.89e-01, 6.88e-01, -9.58e-03, -7.71e-03, -1.63e-01, -1.25e-01, 7.68e-02, 4.83e-02, -7.77e-03, 2.66e-01]
65400 [2.01e-03, 1.73e-01, 6.83e-01, -1.74e-02, -1.05e-02, -7.83e-02, -1.25e-01, 7.66e-02, -1.53e-02, 3.96e-02, 2.99e-01]
65500 [-1.75e-02, 1.83e-01, 7.45e-01, -4.73e-02, -2.91e-04, -2.02e-01, -1.25e-01, 7.64e-02, 6.01e-02, 1.34e-02, 3.26e-01]
65600 [-1.77e-02, 1.55e-01, 6.40e-01, -4.50e-03, 1.41e-03, -1.39e-01, -1.25e-01, 4.54e-02, 3.94e-02, 1.27e-02, 2.19e-01]
65700 [1.02e-03, 1.74e-01, 7.41e-01, 2.95e-02, 6.82e-02, -1.30e-01, -1.25e-01, 5.07e-02, 1.19e-01, 6.08e-03, 3.42e-01]
65800 [9.57e-03, 1.50e-01, 6.81e-01, -2.71e-02, 5.69e-03, -1.74e-01, -1.25e-01, 2.16e-02, 5.95e-02, -5.00e-03, 2.45e-01]
65900 [-4.48e-02, -2.35e-03, 4.76e-01, 2.04e-02, -7.57e-03, 6.83e-02, -1.24e-01, 1.75e-02, -9.71e-02, -2.08e-02, 1.02e-01]
66000 [-7.54e-02, 9.22e-02, 4.70e-01, 2.58e-02, 2.10e-02, -9.62e-02, -1.24e-01, 6.08e-02, 3.11e-02, 1.19e-02, 9.36e-02]
66100 [-1.32e-01, 1.43e-01, 6.56e-01, 1.75e-02, -1.11e-02, -1.82e-01, -1.24e-01, 7.87e-02, 4.63e-02, 1.10e-03, 2.96e-01]
66200 [3.41e-02, 1.44e-01, 7.12e-01, 6.85e-02, -4.86e-02, -1.80e-01, -1.24e-01, 1.01e-01, 5.16e-02, -3.83e-03, 3.53e-01]
66300 [-9.93e-03, 1.09e-01, 6.18e-01, 2.85e-02, 4.05e-02, -5.22e-02, -1.24e-01, 1.02e-01, -3.28e-02, -5.60e-03, 2.03e-01]
66400 [-3.14e-02, 1.45e-01, 7.18e-01, 1.18e-03, -1.59e-02, -1.95e-01, -1.24e-01, 1.03e-01, 6.17e-02, -1.16e-02, 3.06e-01]
66500 [2.35e-02, 7.95e-02, 5.55e-01, -2.52e-02, 2.35e-02, -7.69e-02, -1.24e-01, 9.77e-02, 5.37e-03, -1.83e-02, 1.74e-01]
66600 [2.42e-02, 1.36e-01, 7.32e-01, -3.44e-02, 3.11e-03, -2.01e-01, -1.24e-01, 9.69e-02, 6.93e-02, -1.54e-02, 3.08e-01]
66700 [-3.97e-02, 7.86e-02, 4.33e-01, 8.31e-03, -7.09e-03, -3.64e-02, -1.24e-01, 7.20e-02, -1.28e-02, -2.65e-02, 1.32e-01]
66800 [-1.18e-01, 1.54e-01, 6.24e-01, -3.45e-03, 7.24e-04, -1.67e-01, -1.24e-01, 8.60e-02, 3.58e-02, -1.47e-02, 2.87e-01]
66900 [1.88e-02, 1.08e-01, 6.75e-01, -1.29e-01, -7.58e-02, -1.66e-01, -1.24e-01, 8.70e-02, 4.73e-02, 3.04e-03, 2.82e-01]
67000 [-3.54e-02, 4.79e-02, 5.69e-01, -5.41e-02, -2.53e-02, 4.18e-02, -1.24e-01, 8.74e-02, -5.35e-02, -3.80e-03, 2.05e-01]
67100 [-6.96e-02, 1.36e-01, 5.35e-01, -3.01e-02, 8.66e-03, -1.28e-01, -1.24e-01, 3.10e-02, 2.61e-02, -2.81e-03, 1.94e-01]
67200 [3.88e-02, 1.15e-01, 6.20e-01, 1.34e-01, -2.04e-03, -1.30e-01, -1.24e-01, 1.08e-01, 4.66e-02, 4.48e-03, 3.32e-01]
67300 [3.37e-02, 1.55e-01, 7.62e-01, 9.11e-02, -2.77e-04, -2.17e-01, -1.24e-01, 1.10e-01, 6.93e-02, -1.34e-02, 3.99e-01]
67400 [-2.08e-02, 1.07e-01, 7.01e-01, 3.48e-02, 1.08e-03, -1.80e-01, -1.24e-01, 1.12e-01, 5.90e-02, -8.51e-03, 2.80e-01]
67500 [2.17e-02, 4.83e-02, 4.52e-01, -6.51e-03, -1.84e-03, -1.61e-02, -1.24e-01, -3.67e-02, -3.75e-02, 9.25e-03, 1.67e-01]
67600 [4.82e-02, 1.57e-01, 6.48e-01, -3.79e-03, -1.83e-03, -1.74e-01, -1.24e-01, -5.50e-02, 6.27e-02, 1.07e-03, 2.62e-01]
67700 [-2.34e-03, 1.18e-01, 7.18e-01, -2.00e-02, 2.34e-03, -1.69e-01, -1.24e-01, -5.09e-02, 3.99e-02, -8.86e-03, 3.29e-01]
67800 [5.25e-04, 1.02e-01, 6.84e-01, -2.34e-02, 6.04e-03, -1.22e-01, -1.24e-01, -5.12e-02, 2.52e-02, 1.98e-02, 2.25e-01]
67900 [9.49e-03, 8.77e-02, 6.83e-01, -2.07e-02, -7.03e-04, -6.98e-02, -1.24e-01, -5.10e-02, 1.73e-03, 2.00e-02, 2.73e-01]
68000 [-3.87e-02, 1.39e-01, 7.50e-01, -3.12e-02, -2.99e-03, -2.10e-01, -1.24e-01, -4.92e-02, 5.79e-02, -5.02e-03, 3.68e-01]
68100 [-3.74e-03, 1.16e-01, 6.50e-01, -4.77e-02, -1.19e-02, -1.65e-01, -1.24e-01, -3.84e-02, 5.05e-02, -8.75e-03, 2.36e-01]
68200 [-5.30e-03, 8.37e-02, 6.65e-01, -2.04e-02, 1.53e-02, -1.17e-01, -1.24e-01, -3.70e-02, 8.64e-03, 2.02e-02, 2.35e-01]
68300 [5.33e-02, 7.79e-02, 6.59e-01, 6.62e-03, 7.20e-03, -2.36e-03, -1.24e-01, -3.07e-02, 3.63e-02, 2.77e-02, 2.49e-01]
68400 [-3.47e-03, 7.51e-02, 5.84e-01, 1.51e-01, -4.75e-02, -1.18e-01, -1.24e-01, 4.58e-02, 1.00e-01, -2.00e-02, 2.31e-01]
68500 [2.16e-02, 1.25e-01, 7.13e-01, -9.68e-03, 5.82e-03, -1.92e-01, -1.24e-01, 7.17e-02, 6.30e-02, -1.21e-02, 3.13e-01]
68600 [-7.39e-03, 9.05e-02, 6.41e-01, -6.56e-03, 6.98e-03, -1.44e-01, -1.24e-01, 7.43e-02, 4.77e-02, -2.81e-03, 2.06e-01]
68700 [1.24e-02, 5.98e-02, 6.45e-01, 5.33e-06, -1.48e-02, -6.83e-02, -1.24e-01, 7.69e-02, -2.60e-02, 1.16e-02, 2.11e-01]
68800 [-1.23e-02, 1.51e-01, 7.55e-01, -1.98e-02, 7.45e-03, -2.16e-01, -1.24e-01, 7.68e-02, 6.17e-02, -1.93e-03, 3.93e-01]
68900 [-1.97e-02, 1.23e-01, 6.98e-01, -1.24e-02, -1.69e-03, -1.85e-01, -1.24e-01, 7.60e-02, 5.62e-02, -9.39e-03, 3.05e-01]
69000 [4.66e-02, 7.63e-02, 6.35e-01, -2.59e-02, 6.48e-03, -1.40e-01, -1.24e-01, 6.10e-02, 5.89e-02, 3.98e-03, 1.95e-01]
69100 [2.44e-03, 3.89e-02, 6.33e-01, 5.45e-02, 5.58e-03, -7.49e-02, -1.24e-01, 7.61e-02, -1.41e-02, 8.09e-03, 1.84e-01]
69200 [-4.11e-04, 1.47e-01, 7.68e-01, 3.16e-03, 6.86e-03, -2.23e-01, -1.24e-01, 7.60e-02, 6.76e-02, 1.16e-03, 4.06e-01]
69300 [2.27e-02, 1.28e-01, 6.56e-01, -7.58e-03, -1.55e-03, -1.73e-01, -1.24e-01, 7.53e-02, 6.15e-02, 5.39e-03, 2.59e-01]
69400 [-1.10e-02, 1.04e-01, 7.13e-01, -2.26e-02, -1.68e-02, -1.64e-01, -1.24e-01, 7.76e-02, 4.21e-02, -1.61e-03, 3.17e-01]
69500 [8.87e-02, 5.01e-02, 4.96e-01, -6.39e-03, -8.56e-04, -7.15e-02, -1.24e-01, -6.82e-02, 2.54e-02, 3.79e-02, 1.09e-01]
69600 [-4.81e-02, 1.51e-01, 6.81e-01, -1.54e-02, 8.31e-03, -1.90e-01, -1.24e-01, -5.08e-02, 5.84e-02, 3.92e-04, 3.46e-01]
69700 [-6.11e-03, 1.37e-01, 7.71e-01, 3.88e-02, 2.42e-04, -2.11e-01, -1.24e-01, -3.80e-02, 6.30e-02, -1.87e-02, 4.36e-01]
69800 [-1.93e-02, 1.31e-01, 7.59e-01, 1.78e-02, 4.23e-04, -2.08e-01, -1.24e-01, -3.83e-02, 6.24e-02, -5.51e-03, 3.68e-01]
69900 [-3.04e-02, 1.35e-01, 7.12e-01, -3.60e-03, 1.37e-02, -1.89e-01, -1.24e-01, -3.76e-02, 5.56e-02, -3.99e-03, 3.15e-01]
70000 [6.55e-02, 9.42e-02, 6.57e-01, 5.61e-02, -1.66e-02, -1.55e-01, -1.24e-01, 2.34e-02, 6.01e-02, 3.15e-03, 2.95e-01]
