0 [3.62e-01, 3.78e-01, 2.08e-01, -1.05e-01, 4.93e-01, 1.30e-01, -1.68e-03, -8.98e-03, 1.93e-02, -3.98e-02, 3.21e-01]
50 [3.59e-01, 2.91e-01, 2.34e-01, -1.53e-02, 4.14e-01, 1.53e-01, 4.69e-02, -7.46e-02, 1.02e-01, 1.86e-02, 2.32e-01]
100 [3.51e-01, 2.90e-01, 2.36e-01, -2.91e-02, 4.14e-01, 1.52e-01, 4.74e-02, -6.81e-02, 1.02e-01, 1.91e-02, 2.30e-01]
150 [3.43e-01, 2.90e-01, 2.37e-01, -3.88e-02, 4.12e-01, 1.52e-01, 4.74e-02, -7.03e-02, 1.02e-01, 1.92e-02, 2.30e-01]
200 [3.35e-01, 2.90e-01, 2.39e-01, -4.45e-02, 4.11e-01, 1.52e-01, 4.74e-02, -7.38e-02, 1.02e-01, 1.92e-02, 2.30e-01]
250 [3.29e-01, 2.90e-01, 2.40e-01, -4.76e-02, 4.10e-01, 1.52e-01, 4.74e-02, -7.87e-02, 1.02e-01, 1.93e-02, 2.30e-01]
300 [3.23e-01, 2.90e-01, 2.42e-01, -4.91e-02, 4.09e-01, 1.52e-01, 4.74e-02, -8.47e-02, 1.02e-01, 1.94e-02, 2.30e-01]
350 [3.19e-01, 2.90e-01, 2.43e-01, -4.98e-02, 4.09e-01, 1.52e-01, 4.74e-02, -9.15e-02, 1.01e-01, 1.95e-02, 2.30e-01]
400 [3.15e-01, 2.90e-01, 2.44e-01, -5.01e-02, 4.08e-01, 1.52e-01, 4.74e-02, -9.90e-02, 1.01e-01, 1.96e-02, 2.30e-01]
450 [3.12e-01, 2.90e-01, 2.45e-01, -5.01e-02, 4.07e-01, 1.52e-01, 4.74e-02, -1.07e-01, 1.01e-01, 1.98e-02, 2.30e-01]
500 [3.10e-01, 2.90e-01, 2.45e-01, -5.02e-02, 4.07e-01, 1.52e-01, 4.74e-02, -1.15e-01, 1.01e-01, 1.99e-02, 2.30e-01]
550 [3.09e-01, 2.90e-01, 2.46e-01, -5.01e-02, 4.07e-01, 1.52e-01, 4.74e-02, -1.23e-01, 1.01e-01, 2.00e-02, 2.30e-01]
600 [3.07e-01, 2.90e-01, 2.46e-01, -5.01e-02, 4.06e-01, 1.52e-01, 4.74e-02, -1.31e-01, 1.01e-01, 2.02e-02, 2.30e-01]
650 [3.06e-01, 2.90e-01, 2.47e-01, -5.01e-02, 4.06e-01, 1.52e-01, 4.74e-02, -1.39e-01, 1.00e-01, 2.03e-02, 2.30e-01]
700 [3.06e-01, 2.90e-01, 2.47e-01, -5.01e-02, 4.06e-01, 1.52e-01, 4.74e-02, -1.47e-01, 1.00e-01, 2.04e-02, 2.30e-01]
750 [3.05e-01, 2.90e-01, 2.47e-01, -5.00e-02, 4.06e-01, 1.52e-01, 4.74e-02, -1.54e-01, 1.00e-01, 2.06e-02, 2.30e-01]
800 [3.05e-01, 2.90e-01, 2.47e-01, -4.99e-02, 4.06e-01, 1.52e-01, 4.74e-02, -1.60e-01, 1.00e-01, 2.07e-02, 2.30e-01]
850 [3.05e-01, 2.90e-01, 2.47e-01, -4.99e-02, 4.06e-01, 1.52e-01, 4.74e-02, -1.66e-01, 9.98e-02, 2.08e-02, 2.29e-01]
900 [3.04e-01, 2.90e-01, 2.47e-01, -4.97e-02, 4.06e-01, 1.52e-01, 4.74e-02, -1.72e-01, 9.96e-02, 2.10e-02, 2.29e-01]
950 [3.04e-01, 2.90e-01, 2.47e-01, -4.96e-02, 4.06e-01, 1.52e-01, 4.74e-02, -1.77e-01, 9.94e-02, 2.11e-02, 2.29e-01]
1000 [3.04e-01, 2.90e-01, 2.47e-01, -4.94e-02, 4.06e-01, 1.52e-01, 4.74e-02, -1.82e-01, 9.92e-02, 2.12e-02, 2.29e-01]
1050 [3.04e-01, 2.90e-01, 2.47e-01, -4.92e-02, 4.06e-01, 1.52e-01, 4.74e-02, -1.86e-01, 9.91e-02, 2.13e-02, 2.29e-01]
1100 [3.04e-01, 2.90e-01, 2.47e-01, -4.90e-02, 4.06e-01, 1.52e-01, 4.74e-02, -1.90e-01, 9.89e-02, 2.15e-02, 2.29e-01]
1150 [3.04e-01, 2.90e-01, 2.46e-01, -4.87e-02, 4.07e-01, 1.52e-01, 4.74e-02, -1.93e-01, 9.87e-02, 2.16e-02, 2.29e-01]
1200 [3.04e-01, 2.90e-01, 2.46e-01, -4.85e-02, 4.07e-01, 1.52e-01, 4.74e-02, -1.97e-01, 9.85e-02, 2.17e-02, 2.29e-01]
1250 [3.04e-01, 2.90e-01, 2.46e-01, -4.82e-02, 4.07e-01, 1.52e-01, 4.74e-02, -2.00e-01, 9.83e-02, 2.19e-02, 2.29e-01]
1300 [3.05e-01, 2.90e-01, 2.46e-01, -4.80e-02, 4.07e-01, 1.52e-01, 4.74e-02, -2.03e-01, 9.81e-02, 2.20e-02, 2.29e-01]
1350 [3.05e-01, 2.90e-01, 2.46e-01, -4.77e-02, 4.07e-01, 1.52e-01, 4.74e-02, -2.06e-01, 9.79e-02, 2.21e-02, 2.29e-01]
1400 [3.05e-01, 2.90e-01, 2.45e-01, -4.74e-02, 4.08e-01, 1.52e-01, 4.74e-02, -2.08e-01, 9.77e-02, 2.23e-02, 2.29e-01]
1450 [3.05e-01, 2.90e-01, 2.45e-01, -4.72e-02, 4.08e-01, 1.52e-01, 4.74e-02, -2.11e-01, 9.75e-02, 2.24e-02, 2.29e-01]
1500 [3.05e-01, 2.90e-01, 2.45e-01, -4.69e-02, 4.08e-01, 1.52e-01, 4.74e-02, -2.13e-01, 9.73e-02, 2.25e-02, 2.29e-01]
1550 [3.05e-01, 2.90e-01, 2.45e-01, -4.67e-02, 4.09e-01, 1.52e-01, 4.74e-02, -2.16e-01, 9.71e-02, 2.27e-02, 2.29e-01]
1600 [3.05e-01, 2.90e-01, 2.44e-01, -4.65e-02, 4.09e-01, 1.52e-01, 4.74e-02, -2.18e-01, 9.69e-02, 2.28e-02, 2.29e-01]
1650 [3.05e-01, 2.90e-01, 2.44e-01, -4.63e-02, 4.09e-01, 1.52e-01, 4.74e-02, -2.20e-01, 9.67e-02, 2.30e-02, 2.29e-01]
1700 [3.06e-01, 2.90e-01, 2.44e-01, -4.61e-02, 4.09e-01, 1.52e-01, 4.74e-02, -2.22e-01, 9.65e-02, 2.31e-02, 2.29e-01]
1750 [3.06e-01, 2.90e-01, 2.43e-01, -4.59e-02, 4.10e-01, 1.52e-01, 4.74e-02, -2.24e-01, 9.63e-02, 2.32e-02, 2.29e-01]
1800 [3.06e-01, 2.90e-01, 2.43e-01, -4.58e-02, 4.10e-01, 1.52e-01, 4.74e-02, -2.27e-01, 9.61e-02, 2.34e-02, 2.29e-01]
1850 [3.06e-01, 2.90e-01, 2.43e-01, -4.56e-02, 4.10e-01, 1.52e-01, 4.74e-02, -2.29e-01, 9.59e-02, 2.35e-02, 2.29e-01]
1900 [3.06e-01, 2.90e-01, 2.43e-01, -4.55e-02, 4.11e-01, 1.52e-01, 4.74e-02, -2.31e-01, 9.57e-02, 2.37e-02, 2.29e-01]
1950 [3.06e-01, 2.90e-01, 2.42e-01, -4.53e-02, 4.11e-01, 1.52e-01, 4.74e-02, -2.33e-01, 9.55e-02, 2.38e-02, 2.29e-01]
2000 [3.07e-01, 2.90e-01, 2.42e-01, -4.52e-02, 4.12e-01, 1.52e-01, 4.74e-02, -2.35e-01, 9.53e-02, 2.40e-02, 2.29e-01]
2050 [3.07e-01, 2.90e-01, 2.42e-01, -4.51e-02, 4.12e-01, 1.52e-01, 4.74e-02, -2.37e-01, 9.51e-02, 2.41e-02, 2.29e-01]
2100 [3.07e-01, 2.90e-01, 2.41e-01, -4.50e-02, 4.12e-01, 1.52e-01, 4.74e-02, -2.39e-01, 9.49e-02, 2.43e-02, 2.29e-01]
2150 [3.07e-01, 2.90e-01, 2.41e-01, -4.49e-02, 4.13e-01, 1.51e-01, 4.74e-02, -2.41e-01, 9.47e-02, 2.44e-02, 2.29e-01]
2200 [3.07e-01, 2.90e-01, 2.41e-01, -4.48e-02, 4.13e-01, 1.51e-01, 4.74e-02, -2.43e-01, 9.45e-02, 2.46e-02, 2.29e-01]
2250 [3.08e-01, 2.90e-01, 2.40e-01, -4.47e-02, 4.14e-01, 1.51e-01, 4.74e-02, -2.45e-01, 9.43e-02, 2.47e-02, 2.29e-01]
2300 [3.08e-01, 2.90e-01, 2.40e-01, -4.46e-02, 4.14e-01, 1.51e-01, 4.74e-02, -2.47e-01, 9.41e-02, 2.49e-02, 2.29e-01]
2350 [3.08e-01, 2.90e-01, 2.40e-01, -4.46e-02, 4.15e-01, 1.51e-01, 4.74e-02, -2.49e-01, 9.39e-02, 2.51e-02, 2.29e-01]
2400 [3.08e-01, 2.90e-01, 2.39e-01, -4.45e-02, 4.15e-01, 1.51e-01, 4.74e-02, -2.51e-01, 9.38e-02, 2.52e-02, 2.29e-01]
2450 [3.09e-01, 2.90e-01, 2.39e-01, -4.44e-02, 4.16e-01, 1.51e-01, 4.74e-02, -2.53e-01, 9.36e-02, 2.54e-02, 2.29e-01]
2500 [3.09e-01, 2.90e-01, 2.39e-01, -4.44e-02, 4.16e-01, 1.51e-01, 4.74e-02, -2.56e-01, 9.34e-02, 2.56e-02, 2.29e-01]
2550 [3.09e-01, 2.90e-01, 2.38e-01, -4.43e-02, 4.17e-01, 1.51e-01, 4.74e-02, -2.58e-01, 9.32e-02, 2.57e-02, 2.29e-01]
2600 [3.09e-01, 2.90e-01, 2.38e-01, -4.43e-02, 4.17e-01, 1.51e-01, 4.74e-02, -2.60e-01, 9.30e-02, 2.59e-02, 2.29e-01]
2650 [3.10e-01, 2.90e-01, 2.38e-01, -4.42e-02, 4.18e-01, 1.51e-01, 4.74e-02, -2.62e-01, 9.28e-02, 2.61e-02, 2.29e-01]
2700 [3.10e-01, 2.90e-01, 2.37e-01, -4.42e-02, 4.18e-01, 1.51e-01, 4.74e-02, -2.64e-01, 9.27e-02, 2.63e-02, 2.29e-01]
2750 [3.10e-01, 2.90e-01, 2.37e-01, -4.41e-02, 4.19e-01, 1.51e-01, 4.74e-02, -2.66e-01, 9.25e-02, 2.65e-02, 2.29e-01]
2800 [3.10e-01, 2.90e-01, 2.37e-01, -4.41e-02, 4.20e-01, 1.51e-01, 4.74e-02, -2.68e-01, 9.23e-02, 2.67e-02, 2.29e-01]
2850 [3.11e-01, 2.90e-01, 2.36e-01, -4.40e-02, 4.20e-01, 1.51e-01, 4.74e-02, -2.70e-01, 9.21e-02, 2.69e-02, 2.29e-01]
2900 [3.11e-01, 2.90e-01, 2.36e-01, -4.40e-02, 4.21e-01, 1.51e-01, 4.74e-02, -2.72e-01, 9.20e-02, 2.71e-02, 2.29e-01]
2950 [3.11e-01, 2.90e-01, 2.35e-01, -4.40e-02, 4.22e-01, 1.51e-01, 4.74e-02, -2.74e-01, 9.18e-02, 2.73e-02, 2.29e-01]
3000 [3.12e-01, 2.90e-01, 2.35e-01, -4.40e-02, 4.22e-01, 1.51e-01, 4.74e-02, -2.77e-01, 9.16e-02, 2.75e-02, 2.29e-01]
3050 [3.12e-01, 2.90e-01, 2.34e-01, -4.39e-02, 4.23e-01, 1.51e-01, 4.74e-02, -2.79e-01, 9.14e-02, 2.77e-02, 2.29e-01]
3100 [3.12e-01, 2.90e-01, 2.34e-01, -4.39e-02, 4.24e-01, 1.51e-01, 4.74e-02, -2.81e-01, 9.13e-02, 2.79e-02, 2.29e-01]
3150 [3.12e-01, 2.90e-01, 2.34e-01, -4.39e-02, 4.25e-01, 1.51e-01, 4.74e-02, -2.83e-01, 9.11e-02, 2.82e-02, 2.29e-01]
3200 [3.13e-01, 2.90e-01, 2.33e-01, -4.39e-02, 4.25e-01, 1.51e-01, 4.74e-02, -2.85e-01, 9.09e-02, 2.84e-02, 2.29e-01]
3250 [3.13e-01, 2.90e-01, 2.33e-01, -4.39e-02, 4.26e-01, 1.51e-01, 4.74e-02, -2.88e-01, 9.08e-02, 2.86e-02, 2.29e-01]
3300 [3.13e-01, 2.90e-01, 2.32e-01, -4.39e-02, 3.86e-01, 1.51e-01, 4.74e-02, -2.90e-01, 9.06e-02, 2.89e-02, 2.29e-01]
3350 [3.14e-01, 2.90e-01, 2.32e-01, -4.39e-02, 3.82e-01, 1.52e-01, 4.74e-02, -2.93e-01, 9.05e-02, 2.91e-02, 2.29e-01]
3400 [3.14e-01, 2.90e-01, 2.31e-01, -4.40e-02, 3.83e-01, 1.52e-01, 4.74e-02, -2.95e-01, 9.03e-02, 2.93e-02, 2.29e-01]
3450 [3.15e-01, 2.90e-01, 2.31e-01, -4.40e-02, 3.84e-01, 1.52e-01, 4.74e-02, -2.98e-01, 9.02e-02, 2.96e-02, 2.29e-01]
3500 [3.15e-01, 2.90e-01, 2.30e-01, -4.40e-02, 3.84e-01, 1.52e-01, 4.74e-02, -3.00e-01, 9.00e-02, 2.99e-02, 2.29e-01]
3550 [3.15e-01, 2.90e-01, 2.30e-01, -4.40e-02, 3.85e-01, 1.52e-01, 4.74e-02, -3.02e-01, 8.99e-02, 3.01e-02, 2.29e-01]
3600 [3.16e-01, 2.90e-01, 2.30e-01, -4.40e-02, 3.86e-01, 1.52e-01, 4.74e-02, -3.05e-01, 8.97e-02, 3.04e-02, 2.29e-01]
3650 [3.16e-01, 2.90e-01, 2.29e-01, -4.40e-02, 3.87e-01, 1.52e-01, 4.74e-02, -3.07e-01, 8.96e-02, 3.07e-02, 2.29e-01]
3700 [3.16e-01, 2.90e-01, 2.29e-01, -4.40e-02, 3.88e-01, 1.52e-01, 4.74e-02, -3.10e-01, 8.94e-02, 3.10e-02, 2.29e-01]
3750 [3.17e-01, 2.90e-01, 2.28e-01, -4.40e-02, 3.89e-01, 1.52e-01, 4.74e-02, -3.12e-01, 8.93e-02, 3.13e-02, 2.29e-01]
3800 [3.17e-01, 2.90e-01, 2.27e-01, -4.41e-02, 3.90e-01, 1.52e-01, 4.74e-02, -3.15e-01, 8.91e-02, 3.16e-02, 2.29e-01]
3850 [3.18e-01, 2.90e-01, 2.27e-01, -4.41e-02, 3.92e-01, 1.52e-01, 4.74e-02, -3.18e-01, 8.90e-02, 3.19e-02, 2.29e-01]
3900 [3.18e-01, 2.90e-01, 2.26e-01, -4.41e-02, 3.93e-01, 1.52e-01, 4.74e-02, -3.20e-01, 8.89e-02, 3.22e-02, 2.29e-01]
3950 [3.19e-01, 2.90e-01, 2.26e-01, -4.42e-02, 3.94e-01, 1.52e-01, 4.74e-02, -3.23e-01, 8.87e-02, 3.25e-02, 2.29e-01]
4000 [3.19e-01, 2.90e-01, 2.25e-01, -4.42e-02, 3.77e-01, 1.52e-01, 4.74e-02, -3.26e-01, 8.86e-02, 3.28e-02, 2.29e-01]
4050 [3.19e-01, 2.90e-01, 2.25e-01, -4.44e-02, 3.28e-01, 1.52e-01, 4.74e-02, -3.29e-01, 8.85e-02, 3.32e-02, 2.29e-01]
4100 [3.20e-01, 2.90e-01, 2.24e-01, -4.45e-02, 3.28e-01, 1.52e-01, 4.74e-02, -3.32e-01, 8.83e-02, 3.35e-02, 2.29e-01]
4150 [3.20e-01, 2.90e-01, 2.24e-01, -4.46e-02, 3.29e-01, 1.52e-01, 4.74e-02, -3.35e-01, 8.82e-02, 3.39e-02, 2.29e-01]
4200 [3.21e-01, 2.90e-01, 2.23e-01, -4.46e-02, 3.30e-01, 1.52e-01, 4.74e-02, -3.38e-01, 8.81e-02, 3.42e-02, 2.29e-01]
4250 [3.21e-01, 2.90e-01, 2.22e-01, -4.47e-02, 3.32e-01, 1.52e-01, 4.74e-02, -3.41e-01, 8.80e-02, 3.46e-02, 2.29e-01]
4300 [3.22e-01, 2.90e-01, 2.22e-01, -4.48e-02, 3.33e-01, 1.52e-01, 4.74e-02, -3.44e-01, 8.79e-02, 3.49e-02, 2.29e-01]
4350 [3.22e-01, 2.90e-01, 2.21e-01, -4.48e-02, 3.34e-01, 1.52e-01, 4.74e-02, -3.47e-01, 8.77e-02, 3.53e-02, 2.29e-01]
4400 [3.23e-01, 2.90e-01, 2.21e-01, -4.49e-02, 3.35e-01, 1.52e-01, 4.74e-02, -3.50e-01, 8.76e-02, 3.57e-02, 2.29e-01]
4450 [3.23e-01, 2.90e-01, 2.20e-01, -4.50e-02, 3.37e-01, 1.52e-01, 4.74e-02, -3.53e-01, 8.75e-02, 3.61e-02, 2.29e-01]
4500 [3.24e-01, 2.90e-01, 2.19e-01, -4.51e-02, 3.38e-01, 1.52e-01, 4.74e-02, -3.56e-01, 8.74e-02, 3.65e-02, 2.29e-01]
4550 [3.24e-01, 2.90e-01, 2.19e-01, -4.52e-02, 3.39e-01, 1.52e-01, 4.74e-02, -3.59e-01, 8.73e-02, 3.69e-02, 2.29e-01]
4600 [3.25e-01, 2.90e-01, 2.18e-01, -4.53e-02, 3.41e-01, 1.52e-01, 4.74e-02, -3.62e-01, 8.72e-02, 3.74e-02, 2.29e-01]
4650 [3.26e-01, 2.89e-01, 2.17e-01, -4.54e-02, 3.42e-01, 1.52e-01, 4.74e-02, -3.65e-01, 8.71e-02, 3.78e-02, 2.29e-01]
4700 [3.26e-01, 2.89e-01, 2.17e-01, -4.56e-02, 3.43e-01, 1.52e-01, 4.74e-02, -3.69e-01, 8.70e-02, 3.83e-02, 2.29e-01]
4750 [3.27e-01, 2.89e-01, 2.16e-01, -4.57e-02, 3.45e-01, 1.52e-01, 4.74e-02, -3.72e-01, 8.68e-02, 3.87e-02, 2.29e-01]
4800 [3.27e-01, 2.89e-01, 2.15e-01, -4.58e-02, 3.46e-01, 1.52e-01, 4.74e-02, -3.75e-01, 8.67e-02, 3.92e-02, 2.29e-01]
4850 [3.28e-01, 2.89e-01, 2.15e-01, -4.61e-02, 2.54e-01, 1.52e-01, 4.74e-02, -3.79e-01, 8.66e-02, 3.97e-02, 2.29e-01]
4900 [3.29e-01, 2.89e-01, 2.14e-01, -4.64e-02, 2.53e-01, 1.52e-01, 4.74e-02, -3.83e-01, 8.65e-02, 4.01e-02, 2.29e-01]
4950 [3.29e-01, 2.89e-01, 2.13e-01, -4.66e-02, 2.54e-01, 1.52e-01, 4.74e-02, -3.87e-01, 8.64e-02, 4.06e-02, 2.29e-01]
5000 [3.30e-01, 2.89e-01, 2.12e-01, -4.68e-02, 2.56e-01, 1.52e-01, 4.74e-02, -3.91e-01, 8.63e-02, 4.12e-02, 2.29e-01]
5000 [3.30e-01, 2.89e-01, 2.12e-01, -4.68e-02, 2.56e-01, 1.52e-01, 4.74e-02, -3.91e-01, 8.63e-02, 4.12e-02, 2.29e-01]
5050 [2.30e-01, 1.72e-01, 1.98e-01, -3.48e-02, 1.63e-01, -3.99e-03, -2.29e-03, -3.19e-01, -2.54e-02, -3.87e-02, 1.06e-01]
5100 [2.29e-01, 1.34e-01, 1.96e-01, -3.48e-02, 1.53e-01, -6.02e-03, -3.08e-03, -3.18e-01, -2.62e-02, -3.87e-02, 1.05e-01]
5150 [2.30e-01, 1.02e-01, 1.98e-01, -3.47e-02, 1.52e-01, -6.13e-03, -3.09e-03, -3.18e-01, -2.59e-02, -3.82e-02, 1.05e-01]
5200 [2.31e-01, 7.59e-02, 2.02e-01, -3.49e-02, 1.51e-01, -6.32e-03, -3.09e-03, -3.18e-01, -2.57e-02, -3.77e-02, 1.05e-01]
5250 [2.33e-01, 6.14e-02, 2.07e-01, -3.53e-02, 1.49e-01, -6.61e-03, -3.09e-03, -3.18e-01, -2.55e-02, -3.72e-02, 1.05e-01]
5300 [2.34e-01, 5.49e-02, 2.12e-01, -3.57e-02, 1.48e-01, -6.98e-03, -3.09e-03, -3.18e-01, -2.54e-02, -3.68e-02, 1.05e-01]
5350 [2.35e-01, 5.17e-02, 2.18e-01, -3.63e-02, 1.47e-01, -7.43e-03, -3.09e-03, -3.18e-01, -2.54e-02, -3.64e-02, 1.05e-01]
5400 [2.37e-01, 5.00e-02, 2.25e-01, -3.69e-02, 1.46e-01, -7.97e-03, -3.09e-03, -3.18e-01, -2.54e-02, -3.61e-02, 1.05e-01]
5450 [2.38e-01, 4.89e-02, 2.32e-01, -3.76e-02, 1.44e-01, -8.58e-03, -3.09e-03, -3.18e-01, -2.54e-02, -3.58e-02, 1.05e-01]
5500 [2.40e-01, 4.82e-02, 2.39e-01, -3.84e-02, 1.43e-01, -9.28e-03, -3.09e-03, -3.18e-01, -2.56e-02, -3.56e-02, 1.05e-01]
5550 [2.42e-01, 4.77e-02, 2.46e-01, -3.92e-02, 1.41e-01, -1.01e-02, -3.09e-03, -3.18e-01, -2.58e-02, -3.54e-02, 1.05e-01]
5600 [2.43e-01, 4.73e-02, 2.53e-01, -4.01e-02, 1.40e-01, -1.09e-02, -3.09e-03, -3.18e-01, -2.60e-02, -3.50e-02, 1.05e-01]
5650 [2.45e-01, 4.70e-02, 2.60e-01, -4.08e-02, 1.37e-01, -1.19e-02, -3.09e-03, -3.18e-01, -2.62e-02, -3.06e-02, 1.05e-01]
5700 [2.47e-01, 4.76e-02, 2.69e-01, -4.12e-02, 1.34e-01, -1.30e-02, -3.09e-03, -3.18e-01, -2.62e-02, -2.96e-02, 1.05e-01]
5750 [2.49e-01, 4.70e-02, 2.76e-01, -4.16e-02, 1.32e-01, -1.41e-02, -3.09e-03, -3.18e-01, -2.61e-02, -2.91e-02, 1.05e-01]
5800 [2.51e-01, 4.65e-02, 2.84e-01, -4.21e-02, 1.32e-01, -1.54e-02, -3.09e-03, -3.18e-01, -2.61e-02, -2.87e-02, 1.05e-01]
5850 [2.52e-01, 4.57e-02, 2.92e-01, -4.29e-02, 1.32e-01, -1.68e-02, -3.09e-03, -3.18e-01, -2.64e-02, -2.83e-02, 1.05e-01]
5900 [2.54e-01, 4.43e-02, 3.00e-01, -4.33e-02, 1.28e-01, -1.82e-02, -3.09e-03, -3.18e-01, -2.62e-02, -2.71e-02, 1.05e-01]
5950 [2.56e-01, 4.37e-02, 3.08e-01, -4.38e-02, 1.27e-01, -1.98e-02, -3.09e-03, -3.18e-01, -2.63e-02, -2.36e-02, 1.05e-01]
6000 [2.58e-01, 4.36e-02, 3.16e-01, -4.43e-02, 1.26e-01, -2.17e-02, -3.09e-03, -3.18e-01, -2.63e-02, -2.26e-02, 1.05e-01]
6050 [2.60e-01, 4.33e-02, 3.24e-01, -4.48e-02, 1.26e-01, -2.38e-02, -3.09e-03, -3.18e-01, -2.62e-02, -2.22e-02, 1.05e-01]
6100 [2.63e-01, 4.32e-02, 3.33e-01, -4.52e-02, 1.26e-01, -2.61e-02, -3.09e-03, -3.18e-01, -2.60e-02, -1.72e-02, 1.05e-01]
6150 [2.65e-01, 4.35e-02, 3.41e-01, -4.57e-02, 1.26e-01, -2.86e-02, -3.09e-03, -3.18e-01, -2.58e-02, -1.69e-02, 1.05e-01]
6200 [2.67e-01, 4.37e-02, 3.50e-01, -4.61e-02, 1.25e-01, -3.13e-02, -3.09e-03, -3.18e-01, -2.55e-02, -1.58e-02, 1.05e-01]
6250 [2.69e-01, 4.28e-02, 3.58e-01, -4.61e-02, 1.11e-01, -3.40e-02, -3.09e-03, -3.18e-01, -2.54e-02, -1.19e-02, 1.05e-01]
6300 [2.71e-01, 4.28e-02, 3.67e-01, -4.63e-02, 1.10e-01, -3.69e-02, -3.09e-03, -3.18e-01, -2.50e-02, -1.17e-02, 1.05e-01]
6350 [2.58e-01, 4.54e-02, 3.72e-01, -4.37e-02, 6.73e-02, -3.87e-02, -3.09e-03, -3.18e-01, -2.48e-02, -7.27e-03, 1.06e-01]
6400 [2.58e-01, 4.27e-02, 3.80e-01, -4.41e-02, 5.72e-02, -4.13e-02, -3.09e-03, -3.18e-01, -2.45e-02, -2.17e-03, 1.06e-01]
6450 [2.60e-01, 4.03e-02, 3.88e-01, -4.50e-02, 5.18e-02, -4.44e-02, -3.09e-03, -3.18e-01, -2.45e-02, -1.83e-03, 1.06e-01]
6500 [2.60e-01, 4.17e-02, 3.96e-01, -4.58e-02, 4.31e-02, -4.77e-02, -3.09e-03, -3.18e-01, -2.39e-02, -1.74e-03, 1.06e-01]
6550 [2.63e-01, 4.02e-02, 4.05e-01, -4.64e-02, 3.91e-02, -5.13e-02, -3.09e-03, -3.18e-01, -2.34e-02, -1.44e-03, 1.06e-01]
6600 [2.65e-01, 4.03e-02, 4.13e-01, -4.70e-02, 3.63e-02, -5.50e-02, -3.09e-03, -3.18e-01, -2.29e-02, -1.11e-03, 1.06e-01]
6650 [2.68e-01, 4.05e-02, 4.22e-01, -4.75e-02, 3.31e-02, -5.90e-02, -3.09e-03, -3.18e-01, -2.22e-02, -7.87e-04, 1.06e-01]
6700 [2.70e-01, 4.08e-02, 4.31e-01, -4.79e-02, 2.98e-02, -6.31e-02, -3.09e-03, -3.18e-01, -2.12e-02, -4.28e-04, 1.06e-01]
6750 [2.28e-01, 4.12e-02, 4.19e-01, -6.06e-02, -2.74e-02, -6.42e-02, -3.09e-03, -3.17e-01, -1.82e-02, -3.11e-03, 1.06e-01]
6800 [2.26e-01, 3.90e-02, 4.28e-01, -6.16e-02, -3.31e-02, -6.75e-02, -3.09e-03, -3.17e-01, -1.62e-02, -2.32e-03, 1.07e-01]
6850 [2.26e-01, 3.98e-02, 4.38e-01, -6.13e-02, 5.35e-03, -6.78e-02, -3.09e-03, -3.17e-01, -1.35e-02, 1.11e-04, 1.07e-01]
6900 [2.27e-01, 3.84e-02, 4.47e-01, -6.08e-02, 1.54e-02, -6.93e-02, -3.09e-03, -3.17e-01, -1.07e-02, 9.79e-04, 1.07e-01]
6950 [2.30e-01, 3.91e-02, 4.60e-01, -6.05e-02, 1.22e-02, -7.39e-02, -3.09e-03, -3.17e-01, -9.00e-03, 9.78e-04, 1.08e-01]
7000 [2.32e-01, 3.86e-02, 4.70e-01, -6.06e-02, 9.51e-03, -7.83e-02, -3.09e-03, -3.17e-01, -7.88e-03, 1.37e-03, 1.08e-01]
7050 [2.35e-01, 3.82e-02, 4.80e-01, -6.09e-02, 6.31e-03, -8.29e-02, -3.09e-03, -3.17e-01, -6.98e-03, 1.71e-03, 1.08e-01]
7100 [2.38e-01, 3.93e-02, 4.91e-01, -6.09e-02, 3.20e-03, -8.77e-02, -3.09e-03, -3.18e-01, -5.85e-03, 2.40e-03, 1.08e-01]
7150 [2.15e-01, 3.80e-02, 4.70e-01, -6.60e-02, 5.76e-03, -7.51e-02, -3.09e-03, -3.17e-01, 2.09e-03, 4.32e-03, 1.09e-01]
7200 [2.15e-01, 3.75e-02, 4.82e-01, -6.61e-02, 2.54e-03, -7.80e-02, -3.09e-03, -3.18e-01, 4.11e-03, 4.00e-03, 1.09e-01]
7250 [2.19e-01, 3.39e-02, 4.95e-01, -6.65e-02, -1.36e-03, -8.27e-02, -3.09e-03, -3.18e-01, 4.79e-03, 4.28e-03, 1.09e-01]
7300 [2.22e-01, 3.53e-02, 5.07e-01, -6.65e-02, -4.21e-03, -8.79e-02, -3.09e-03, -3.18e-01, 5.83e-03, 4.83e-03, 1.10e-01]
7350 [2.25e-01, 3.79e-02, 5.19e-01, -6.71e-02, -7.77e-03, -9.32e-02, -3.09e-03, -3.18e-01, 6.18e-03, 5.49e-03, 1.10e-01]
7400 [1.82e-01, 3.76e-02, 4.67e-01, -7.62e-02, -8.65e-03, -6.32e-02, -3.09e-03, -3.17e-01, 1.73e-02, 5.59e-03, 1.10e-01]
7450 [1.84e-01, 4.09e-02, 4.81e-01, -7.59e-02, -8.29e-03, -6.90e-02, -3.09e-03, -3.17e-01, 1.91e-02, 5.05e-03, 1.11e-01]
7500 [1.89e-01, 4.17e-02, 4.96e-01, -7.54e-02, -9.38e-03, -7.60e-02, -3.09e-03, -3.17e-01, 2.04e-02, 4.52e-03, 1.12e-01]
7550 [1.92e-01, 4.47e-02, 5.10e-01, -7.56e-02, -1.10e-02, -8.24e-02, -3.09e-03, -3.17e-01, 2.11e-02, 4.16e-03, 1.12e-01]
7600 [1.95e-01, 4.48e-02, 5.22e-01, -7.61e-02, -1.32e-02, -8.89e-02, -3.09e-03, -3.17e-01, 2.15e-02, 3.74e-03, 1.12e-01]
7650 [1.98e-01, 4.74e-02, 5.35e-01, -7.55e-02, -1.50e-02, -9.36e-02, -3.09e-03, -3.18e-01, 2.41e-02, 2.43e-03, 1.13e-01]
7700 [1.96e-01, 4.47e-02, 5.29e-01, -7.67e-02, -1.69e-02, -8.44e-02, -3.09e-03, -3.18e-01, 2.72e-02, -1.29e-03, 1.13e-01]
7750 [1.70e-01, 5.18e-02, 5.06e-01, -7.99e-02, -6.20e-03, -6.46e-02, -3.09e-03, -3.18e-01, 3.34e-02, -1.04e-03, 1.13e-01]
7800 [1.73e-01, 5.33e-02, 5.19e-01, -8.00e-02, -8.67e-03, -7.35e-02, -3.09e-03, -3.18e-01, 3.40e-02, -1.63e-03, 1.13e-01]
7850 [1.64e-01, 4.90e-02, 5.27e-01, -8.05e-02, -1.69e-03, -7.47e-02, -3.09e-03, -3.17e-01, 3.45e-02, -1.85e-03, 1.14e-01]
7900 [1.66e-01, 5.53e-02, 5.41e-01, -8.10e-02, -2.39e-03, -8.19e-02, -3.09e-03, -3.17e-01, 3.46e-02, -1.73e-03, 1.14e-01]
7950 [1.70e-01, 5.84e-02, 5.56e-01, -8.11e-02, -5.62e-03, -9.13e-02, -3.09e-03, -3.18e-01, 3.51e-02, -1.71e-03, 1.14e-01]
8000 [1.74e-01, 6.02e-02, 5.70e-01, -8.11e-02, -9.00e-03, -1.00e-01, -3.09e-03, -3.18e-01, 3.58e-02, -1.64e-03, 1.14e-01]
8050 [1.12e-01, 6.36e-02, 4.54e-01, -8.52e-02, 6.62e-03, -3.35e-03, -3.10e-03, -3.17e-01, 4.48e-02, -9.15e-03, 1.13e-01]
8100 [1.15e-01, 6.78e-02, 4.59e-01, -8.51e-02, 4.03e-03, -1.53e-02, -3.10e-03, -3.18e-01, 4.50e-02, -8.65e-03, 1.13e-01]
8150 [1.22e-01, 7.31e-02, 4.71e-01, -8.55e-02, 2.34e-03, -2.83e-02, -3.10e-03, -3.18e-01, 4.43e-02, -8.78e-03, 1.13e-01]
8200 [1.29e-01, 7.62e-02, 4.84e-01, -8.62e-02, 5.58e-04, -4.12e-02, -3.10e-03, -3.18e-01, 4.32e-02, -9.42e-03, 1.13e-01]
8250 [1.35e-01, 7.83e-02, 4.99e-01, -8.67e-02, -1.54e-03, -5.40e-02, -3.10e-03, -3.19e-01, 4.21e-02, -9.75e-03, 1.13e-01]
8300 [1.40e-01, 7.94e-02, 5.13e-01, -8.57e-02, 3.93e-04, -6.63e-02, -3.10e-03, -3.19e-01, 4.17e-02, 1.59e-03, 1.13e-01]
8350 [1.46e-01, 8.02e-02, 5.30e-01, -8.59e-02, -4.87e-04, -7.83e-02, -3.10e-03, -3.19e-01, 4.07e-02, 9.69e-04, 1.13e-01]
8400 [1.51e-01, 8.13e-02, 5.47e-01, -8.61e-02, -1.99e-03, -8.98e-02, -3.10e-03, -3.19e-01, 4.00e-02, 3.52e-04, 1.13e-01]
8450 [1.55e-01, 7.93e-02, 5.63e-01, -8.60e-02, -3.62e-03, -9.88e-02, -3.10e-03, -3.19e-01, 3.98e-02, -2.74e-04, 1.14e-01]
8500 [1.19e-01, 8.06e-02, 4.94e-01, -8.59e-02, -3.71e-03, -4.86e-02, -3.10e-03, -3.19e-01, 4.33e-02, -3.60e-03, 1.14e-01]
8550 [1.16e-01, 8.86e-02, 5.02e-01, -8.49e-02, -2.42e-03, -5.61e-02, -3.10e-03, -3.19e-01, 4.35e-02, -5.85e-03, 1.14e-01]
8600 [1.23e-01, 9.17e-02, 5.22e-01, -8.56e-02, -3.36e-03, -7.03e-02, -3.10e-03, -3.19e-01, 4.14e-02, -6.36e-03, 1.14e-01]
8650 [1.30e-01, 9.37e-02, 5.43e-01, -8.61e-02, -4.78e-03, -8.41e-02, -3.10e-03, -3.19e-01, 3.98e-02, -6.76e-03, 1.14e-01]
8700 [1.35e-01, 9.13e-02, 5.64e-01, -8.56e-02, 2.40e-03, -9.61e-02, -3.10e-03, -3.19e-01, 3.95e-02, -5.92e-03, 1.14e-01]
8750 [1.39e-01, 9.58e-02, 5.82e-01, -8.49e-02, 3.18e-03, -1.07e-01, -3.10e-03, -3.20e-01, 3.96e-02, -5.08e-03, 1.15e-01]
8800 [1.17e-01, 1.01e-01, 5.17e-01, -8.43e-02, -4.07e-04, -5.37e-02, -3.10e-03, -3.19e-01, 4.22e-02, 1.35e-05, 1.14e-01]
8850 [1.24e-01, 1.02e-01, 5.35e-01, -8.46e-02, -5.58e-04, -7.01e-02, -3.10e-03, -3.20e-01, 4.13e-02, -7.80e-04, 1.14e-01]
8900 [1.30e-01, 1.02e-01, 5.56e-01, -8.34e-02, 1.58e-03, -8.58e-02, -3.10e-03, -3.20e-01, 4.20e-02, -3.71e-04, 1.15e-01]
8950 [1.37e-01, 1.06e-01, 5.77e-01, -8.32e-02, 1.86e-03, -1.00e-01, -3.10e-03, -3.20e-01, 4.16e-02, -6.59e-04, 1.15e-01]
9000 [8.98e-02, 9.29e-02, 5.05e-01, -8.34e-02, -5.28e-03, -3.35e-02, -3.10e-03, -3.19e-01, 4.61e-02, 2.91e-03, 1.15e-01]
9050 [6.69e-02, 1.14e-01, 4.83e-01, -8.30e-02, -8.23e-03, -2.96e-02, -3.10e-03, -3.19e-01, 4.49e-02, 7.79e-04, 1.15e-01]
9100 [7.41e-02, 1.18e-01, 5.07e-01, -8.31e-02, -7.02e-03, -5.01e-02, -3.10e-03, -3.19e-01, 4.31e-02, -1.23e-04, 1.15e-01]
9150 [8.09e-02, 1.20e-01, 5.35e-01, -8.29e-02, -5.97e-03, -6.96e-02, -3.10e-03, -3.19e-01, 4.16e-02, -6.61e-04, 1.15e-01]
9200 [8.71e-02, 1.23e-01, 5.65e-01, -8.24e-02, -3.89e-03, -8.75e-02, -3.10e-03, -3.19e-01, 4.04e-02, -9.68e-04, 1.15e-01]
9250 [9.32e-02, 1.24e-01, 5.89e-01, -8.23e-02, -2.70e-03, -1.03e-01, -3.10e-03, -3.19e-01, 3.85e-02, -3.47e-03, 1.15e-01]
9300 [9.91e-02, 1.27e-01, 5.84e-01, -8.14e-02, -3.06e-03, -9.65e-02, -3.10e-03, -3.19e-01, 3.94e-02, -5.11e-03, 1.16e-01]
9350 [1.03e-01, 1.22e-01, 6.03e-01, -8.01e-02, 2.63e-03, -1.01e-01, -3.10e-03, -3.19e-01, 4.14e-02, -5.50e-03, 1.16e-01]
9400 [8.92e-02, 1.13e-01, 5.58e-01, -7.98e-02, 5.79e-03, -6.07e-02, -3.10e-03, -3.19e-01, 4.37e-02, -6.58e-03, 1.16e-01]
9450 [9.60e-02, 1.27e-01, 5.80e-01, -7.95e-02, 7.70e-03, -8.33e-02, -3.10e-03, -3.19e-01, 4.37e-02, -6.78e-03, 1.17e-01]
9500 [1.03e-01, 1.29e-01, 6.05e-01, -7.90e-02, 9.32e-03, -1.04e-01, -3.10e-03, -3.19e-01, 4.39e-02, -6.79e-03, 1.17e-01]
9550 [1.03e-01, 1.32e-01, 6.01e-01, -7.77e-02, 1.02e-02, -9.30e-02, -3.10e-03, -3.19e-01, 4.63e-02, -1.03e-02, 1.18e-01]
9600 [1.09e-01, 1.38e-01, 6.24e-01, -7.74e-02, 8.92e-03, -1.12e-01, -3.10e-03, -3.19e-01, 4.63e-02, -9.63e-03, 1.19e-01]
9650 [4.96e-02, 3.93e-02, 4.88e-01, -7.14e-02, 3.40e-02, -2.01e-02, -3.10e-03, -3.19e-01, 4.42e-02, 9.69e-03, 1.18e-01]
9700 [5.59e-02, 1.04e-01, 5.09e-01, -6.64e-02, 8.88e-03, -5.49e-02, -3.10e-03, -3.19e-01, 4.24e-02, -6.76e-03, 1.18e-01]
9750 [6.28e-02, 1.21e-01, 5.50e-01, -6.53e-02, 1.24e-02, -8.06e-02, -3.10e-03, -3.19e-01, 4.20e-02, -7.87e-03, 1.19e-01]
9800 [6.94e-02, 1.26e-01, 5.88e-01, -6.51e-02, 1.45e-02, -1.04e-01, -3.10e-03, -3.19e-01, 3.99e-02, -7.59e-03, 1.20e-01]
9850 [2.53e-02, 1.36e-01, 3.82e-01, -6.67e-02, -1.59e-02, 6.17e-02, -3.12e-03, -3.19e-01, 4.04e-02, 8.01e-03, 1.15e-01]
9900 [2.41e-02, 1.47e-01, 3.56e-01, -6.73e-02, -1.09e-02, 4.48e-02, -3.12e-03, -3.19e-01, 3.02e-02, 2.26e-02, 1.14e-01]
9950 [3.00e-02, 1.59e-01, 3.83e-01, -6.79e-02, -1.08e-02, 2.84e-02, -3.12e-03, -3.19e-01, 2.77e-02, 2.26e-02, 1.14e-01]
10000 [3.72e-02, 1.68e-01, 4.09e-01, -6.82e-02, -1.03e-02, 6.89e-03, -3.12e-03, -3.19e-01, 2.60e-02, 2.12e-02, 1.14e-01]
10000 [3.72e-02, 1.68e-01, 4.09e-01, -6.82e-02, -1.03e-02, 6.89e-03, -3.12e-03, -3.19e-01, 2.60e-02, 2.12e-02, 1.14e-01]
10050 [9.00e-02, 1.22e-01, 2.39e-01, -9.35e-02, 3.57e-02, 1.13e-01, 5.20e-02, -2.03e-01, -8.99e-03, -1.78e-02, 7.91e-03]
10100 [1.10e-01, 1.20e-01, 2.83e-01, -9.23e-02, 3.69e-02, 1.11e-01, 5.25e-02, -2.02e-01, -6.79e-03, -1.92e-02, 7.29e-03]
10150 [1.23e-01, 1.20e-01, 3.12e-01, -9.25e-02, 3.75e-02, 1.02e-01, 5.25e-02, -2.02e-01, -6.73e-03, -1.86e-02, 6.14e-03]
10200 [1.36e-01, 1.19e-01, 3.24e-01, -9.30e-02, 3.85e-02, 9.35e-02, 5.25e-02, -2.02e-01, -9.09e-03, -1.84e-02, 4.46e-03]
10250 [1.46e-01, 1.18e-01, 3.25e-01, -9.28e-02, 4.01e-02, 8.60e-02, 5.25e-02, -2.02e-01, -1.20e-02, -1.91e-02, 3.07e-03]
10300 [7.17e-02, 1.17e-01, 3.30e-01, -9.05e-02, 4.26e-02, 5.08e-02, 5.25e-02, -2.02e-01, -1.50e-02, -1.97e-02, 1.84e-03]
10350 [8.35e-02, 1.17e-01, 3.45e-01, -8.75e-02, 4.54e-02, 4.13e-02, 5.25e-02, -2.02e-01, -1.68e-02, -2.05e-02, 4.43e-04]
10400 [9.77e-02, 1.16e-01, 3.59e-01, -8.41e-02, 4.82e-02, 3.15e-02, 5.25e-02, -2.03e-01, -1.73e-02, -2.13e-02, -5.38e-04]
10450 [1.13e-01, 1.16e-01, 3.71e-01, -8.04e-02, 5.08e-02, 1.99e-02, 5.25e-02, -2.03e-01, -1.62e-02, -2.21e-02, -9.64e-04]
10500 [1.29e-01, 1.15e-01, 3.84e-01, -7.64e-02, 5.33e-02, 6.07e-03, 5.25e-02, -2.03e-01, -1.35e-02, -2.30e-02, -7.25e-04]
10550 [-4.81e-02, 1.15e-01, 3.91e-01, -6.68e-02, 5.64e-02, -1.17e-02, 5.25e-02, -2.01e-01, -8.86e-03, -1.80e-02, 2.27e-04]
10600 [-6.59e-02, 1.15e-01, 4.22e-01, -5.84e-02, 5.82e-02, -2.26e-02, 5.25e-02, -2.00e-01, -4.66e-03, -1.14e-02, -5.42e-04]
10650 [-7.67e-02, 1.15e-01, 4.54e-01, -5.64e-02, 5.87e-02, -4.61e-02, 5.25e-02, -2.00e-01, -3.62e-03, -1.05e-02, -1.06e-04]
10700 [-8.91e-02, 1.14e-01, 4.90e-01, -5.56e-02, 5.86e-02, -7.13e-02, 5.25e-02, -2.00e-01, 1.11e-03, -9.48e-03, 2.87e-03]
10750 [-4.12e-02, 1.14e-01, 5.16e-01, -4.16e-02, 5.79e-02, -8.43e-03, 5.25e-02, -2.00e-01, 3.25e-02, -1.51e-02, 7.32e-03]
10800 [-7.68e-03, 1.14e-01, 5.17e-01, -3.33e-02, 5.75e-02, -1.99e-02, 5.25e-02, -1.99e-01, 4.18e-02, -1.26e-02, 6.84e-03]
10850 [-1.44e-02, 1.14e-01, 5.41e-01, -3.31e-02, 5.77e-02, -5.80e-02, 5.25e-02, -1.99e-01, 4.76e-02, -1.15e-02, 7.70e-03]
10900 [-2.14e-02, 1.14e-01, 5.80e-01, -3.29e-02, 5.76e-02, -9.19e-02, 5.25e-02, -1.99e-01, 5.27e-02, -1.03e-02, 1.06e-02]
10950 [4.87e-03, 1.14e-01, 5.63e-01, -2.58e-02, 5.76e-02, 4.62e-02, 5.25e-02, -1.99e-01, 2.77e-02, -1.10e-02, 1.09e-02]
11000 [6.02e-03, 1.14e-01, 5.20e-01, -2.38e-02, 5.70e-02, -8.13e-03, 5.25e-02, -1.99e-01, 2.43e-02, -8.98e-03, 9.09e-03]
11050 [2.72e-03, 1.15e-01, 5.38e-01, -2.36e-02, 5.64e-02, -4.97e-02, 5.25e-02, -1.99e-01, 3.26e-02, -7.54e-03, 9.90e-03]
11100 [-1.23e-03, 1.15e-01, 5.81e-01, -2.35e-02, 5.61e-02, -8.74e-02, 5.25e-02, -1.99e-01, 4.00e-02, -6.57e-03, 1.31e-02]
11150 [-5.54e-03, 1.15e-01, 6.31e-01, -2.35e-02, 5.57e-02, -1.19e-01, 5.25e-02, -1.99e-01, 4.44e-02, -5.35e-03, 1.90e-02]
11200 [1.16e-02, 1.15e-01, 5.30e-01, -1.93e-02, 2.62e-02, 3.31e-02, 5.25e-02, -1.99e-01, 2.66e-02, -2.43e-02, 1.19e-02]
11250 [6.91e-03, 1.16e-01, 5.11e-01, -1.87e-02, 2.49e-02, -1.37e-02, 5.25e-02, -1.99e-01, 3.42e-02, -2.00e-02, 9.86e-03]
11300 [3.93e-03, 1.17e-01, 5.39e-01, -1.81e-02, 2.50e-02, -5.53e-02, 5.25e-02, -1.99e-01, 4.18e-02, -1.82e-02, 9.99e-03]
11350 [1.62e-05, 1.17e-01, 5.90e-01, -1.79e-02, 2.51e-02, -9.35e-02, 5.25e-02, -1.99e-01, 4.67e-02, -1.66e-02, 1.33e-02]
11400 [-4.92e-03, 1.18e-01, 6.46e-01, -1.79e-02, 2.51e-02, -1.25e-01, 5.25e-02, -1.99e-01, 4.93e-02, -1.48e-02, 2.05e-02]
11450 [3.56e-02, 1.18e-01, 5.88e-01, -1.08e-02, 2.13e-02, 7.01e-02, 5.25e-02, -1.99e-01, 5.06e-02, -2.07e-02, 2.55e-02]
11500 [1.01e-02, 1.19e-01, 4.92e-01, -8.41e-03, 1.80e-02, 2.88e-02, 5.25e-02, -1.98e-01, 4.49e-02, -1.68e-02, 2.08e-02]
11550 [8.40e-03, 1.20e-01, 4.89e-01, -7.71e-03, 1.80e-02, -1.14e-02, 5.25e-02, -1.98e-01, 4.81e-02, -1.40e-02, 1.79e-02]
11600 [6.33e-03, 1.21e-01, 5.27e-01, -7.28e-03, 1.80e-02, -5.37e-02, 5.25e-02, -1.98e-01, 4.88e-02, -1.24e-02, 1.68e-02]
11650 [2.58e-03, 1.22e-01, 5.88e-01, -7.13e-03, 1.81e-02, -9.39e-02, 5.25e-02, -1.98e-01, 4.83e-02, -1.13e-02, 1.97e-02]
11700 [-2.77e-03, 1.22e-01, 6.52e-01, -7.32e-03, 1.80e-02, -1.27e-01, 5.25e-02, -1.98e-01, 4.71e-02, -9.79e-03, 2.79e-02]
11750 [3.42e-02, 1.23e-01, 5.99e-01, 2.00e-04, 1.47e-02, 8.31e-02, 5.25e-02, -1.97e-01, 5.15e-02, 2.92e-02, 2.04e-02]
11800 [6.49e-02, 1.23e-01, 4.55e-01, 1.94e-02, 1.58e-02, 3.94e-02, 5.25e-02, -1.95e-01, 1.99e-02, -3.31e-02, 6.24e-03]
11850 [9.75e-02, 1.25e-01, 4.44e-01, 1.77e-02, 1.56e-02, 7.06e-03, 5.25e-02, -1.95e-01, 1.89e-02, -2.74e-02, 2.34e-03]
11900 [9.45e-02, 1.26e-01, 4.28e-01, 5.83e-02, -1.83e-02, -1.86e-02, 5.25e-02, -1.43e-01, 1.49e-02, -1.27e-02, 1.73e-05]
11950 [3.32e-02, 1.27e-01, 4.67e-01, 2.63e-02, -2.44e-02, -4.33e-02, 5.25e-02, -1.33e-01, 1.51e-02, -4.57e-03, -4.86e-05]
12000 [3.92e-02, 1.28e-01, 5.43e-01, 2.71e-02, -2.42e-02, -8.07e-02, 5.25e-02, -1.33e-01, 1.92e-02, -4.24e-03, 5.43e-03]
12050 [4.44e-02, 1.28e-01, 6.17e-01, 2.69e-02, -1.99e-02, -1.14e-01, 5.25e-02, -1.33e-01, 2.95e-02, -2.81e-03, 1.85e-02]
12100 [4.86e-02, 1.29e-01, 6.83e-01, 2.70e-02, -1.83e-02, -1.43e-01, 5.25e-02, -1.33e-01, 4.12e-02, -1.91e-03, 3.34e-02]
12150 [1.57e-02, 1.29e-01, 6.33e-01, 2.11e-02, -1.49e-02, 1.75e-02, 5.25e-02, -1.33e-01, 7.24e-02, -1.17e-02, 4.25e-02]
12200 [-1.35e-02, 1.31e-01, 5.20e-01, 1.73e-02, -1.27e-02, 1.24e-03, 5.25e-02, -1.33e-01, 7.11e-02, -6.22e-03, 3.30e-02]
12250 [-2.15e-02, 1.32e-01, 5.37e-01, 1.83e-02, -1.25e-02, -4.91e-02, 5.25e-02, -1.33e-01, 6.66e-02, -4.32e-03, 2.76e-02]
12300 [-3.15e-02, 1.33e-01, 5.95e-01, 1.85e-02, -1.24e-02, -9.43e-02, 5.25e-02, -1.33e-01, 5.93e-02, -4.03e-03, 2.96e-02]
12350 [-4.17e-02, 1.34e-01, 6.59e-01, 1.81e-02, -1.23e-02, -1.31e-01, 5.25e-02, -1.33e-01, 5.57e-02, -3.57e-03, 4.29e-02]
12400 [-5.07e-02, 1.35e-01, 7.16e-01, 1.75e-02, -1.23e-02, -1.58e-01, 5.25e-02, -1.33e-01, 5.45e-02, -3.09e-03, 6.25e-02]
12450 [3.20e-02, 1.33e-01, 4.25e-01, -3.03e-02, 8.19e-03, 8.55e-02, 5.25e-02, -1.28e-01, 1.14e-02, -2.53e-02, 2.57e-02]
12500 [4.00e-02, 1.35e-01, 3.96e-01, -3.16e-02, 7.93e-03, 5.77e-02, 5.25e-02, -1.28e-01, 5.04e-03, -1.39e-02, 2.39e-02]
12550 [5.46e-02, 1.37e-01, 4.04e-01, -3.17e-02, 6.39e-03, 3.05e-02, 5.25e-02, -1.28e-01, 3.31e-03, -9.83e-03, 2.27e-02]
12600 [7.69e-02, 1.39e-01, 4.30e-01, -3.10e-02, 5.85e-03, -1.86e-03, 5.25e-02, -1.28e-01, 5.62e-03, -7.97e-03, 2.26e-02]
12650 [1.02e-01, 1.41e-01, 4.74e-01, -2.97e-02, 5.67e-03, -4.08e-02, 5.25e-02, -1.29e-01, 1.09e-02, -7.50e-03, 2.70e-02]
12700 [1.24e-01, 1.42e-01, 5.31e-01, -2.83e-02, 5.67e-03, -8.03e-02, 5.25e-02, -1.29e-01, 1.81e-02, -6.52e-03, 3.91e-02]
12750 [-6.65e-02, 1.43e-01, 4.76e-01, 5.56e-03, 1.85e-02, -5.06e-02, 5.25e-02, -1.15e-01, 4.94e-02, 4.00e-03, 4.48e-02]
12800 [-7.88e-02, 1.45e-01, 5.47e-01, 1.17e-02, 1.85e-02, -8.83e-02, 5.25e-02, -1.14e-01, 4.26e-02, 3.08e-04, 5.16e-02]
12850 [-9.59e-02, 1.46e-01, 6.12e-01, 1.25e-02, 1.78e-02, -1.23e-01, 5.25e-02, -1.14e-01, 4.08e-02, 1.28e-03, 6.55e-02]
12900 [-1.10e-01, 1.47e-01, 6.66e-01, 1.31e-02, 1.72e-02, -1.51e-01, 5.25e-02, -1.13e-01, 4.32e-02, 3.34e-03, 8.39e-02]
12950 [2.79e-02, 1.45e-01, 4.39e-01, -4.14e-02, -1.79e-02, 7.38e-02, 5.25e-02, -1.06e-01, 4.80e-02, -3.79e-02, 5.74e-02]
13000 [1.50e-02, 1.47e-01, 4.04e-01, -4.99e-02, -1.86e-02, 3.14e-02, 5.25e-02, -1.06e-01, 1.95e-02, -3.47e-02, 5.02e-02]
13050 [1.69e-02, 1.49e-01, 4.39e-01, -4.96e-02, -1.87e-02, -5.29e-03, 5.25e-02, -1.06e-01, 1.77e-02, -2.62e-02, 4.88e-02]
13100 [1.90e-02, 1.51e-01, 4.99e-01, -4.92e-02, -1.86e-02, -5.03e-02, 5.25e-02, -1.06e-01, 2.03e-02, -2.10e-02, 5.26e-02]
13150 [2.05e-02, 1.52e-01, 5.74e-01, -4.88e-02, -1.84e-02, -9.36e-02, 5.25e-02, -1.06e-01, 2.85e-02, -1.58e-02, 6.71e-02]
13200 [2.10e-02, 1.54e-01, 6.49e-01, -4.92e-02, -1.77e-02, -1.30e-01, 5.25e-02, -1.06e-01, 3.31e-02, -1.10e-02, 8.33e-02]
13250 [2.07e-02, 1.55e-01, 7.11e-01, -5.02e-02, -1.72e-02, -1.60e-01, 5.25e-02, -1.06e-01, 3.57e-02, -6.64e-03, 1.08e-01]
13300 [-1.46e-02, 1.51e-01, 3.91e-01, -4.14e-02, -6.10e-05, 6.15e-02, 5.25e-02, -1.06e-01, -4.75e-02, -1.07e-01, 2.70e-02]
13350 [-2.69e-02, 1.54e-01, 3.92e-01, -3.50e-02, 1.21e-03, 3.32e-02, 5.25e-02, -1.06e-01, -5.63e-02, -8.95e-02, 2.41e-02]
13400 [-4.78e-02, 1.56e-01, 4.22e-01, -3.30e-02, 1.02e-03, 4.07e-03, 5.25e-02, -1.06e-01, -5.38e-02, -1.91e-02, 2.48e-02]
13450 [-7.18e-02, 1.58e-01, 4.64e-01, -3.57e-02, 8.46e-04, -3.31e-02, 5.25e-02, -1.06e-01, -3.40e-02, 2.12e-02, 2.65e-02]
13500 [-9.91e-02, 1.60e-01, 5.19e-01, -3.99e-02, 1.12e-03, -7.35e-02, 5.25e-02, -1.06e-01, -1.01e-02, 2.06e-02, 3.94e-02]
13550 [6.29e-02, 1.61e-01, 5.05e-01, 6.35e-02, -1.22e-02, -3.75e-02, 5.25e-02, -1.03e-01, 7.98e-02, -3.73e-02, 5.39e-02]
13600 [3.34e-02, 1.63e-01, 5.30e-01, 9.92e-03, -1.60e-02, -6.22e-02, 5.25e-02, -1.01e-01, 5.16e-02, -1.56e-02, 4.40e-02]
13650 [3.90e-02, 1.64e-01, 6.01e-01, 8.52e-03, -1.59e-02, -1.05e-01, 5.25e-02, -1.01e-01, 3.83e-02, -1.21e-02, 5.34e-02]
13700 [4.40e-02, 1.65e-01, 6.68e-01, 8.23e-03, -1.55e-02, -1.39e-01, 5.25e-02, -1.01e-01, 3.71e-02, -9.24e-03, 7.79e-02]
13750 [-1.00e-01, 1.66e-01, 5.03e-01, 1.74e-02, 6.73e-03, 9.24e-02, 5.25e-02, -8.95e-02, 1.21e-02, 1.41e-02, 8.23e-02]
13800 [-9.24e-02, 1.68e-01, 3.84e-01, 4.74e-02, 2.62e-03, 4.81e-02, 5.25e-02, -8.48e-02, -4.75e-02, 2.51e-02, 7.63e-02]
13850 [-1.24e-01, 1.71e-01, 3.78e-01, 3.74e-02, -1.92e-04, 2.20e-02, 5.25e-02, -8.45e-02, -2.92e-02, 1.07e-02, 7.85e-02]
13900 [3.92e-02, 1.72e-01, 4.22e-01, 5.22e-02, -1.16e-02, -1.28e-02, 5.25e-02, -8.15e-02, -1.23e-02, -5.98e-03, 8.17e-02]
13950 [4.71e-02, 1.74e-01, 5.00e-01, 4.81e-02, -1.09e-02, -5.69e-02, 5.25e-02, -8.16e-02, 2.11e-03, -3.08e-03, 8.66e-02]
14000 [6.01e-02, 1.75e-01, 5.79e-01, 4.92e-02, -1.11e-02, -1.01e-01, 5.25e-02, -8.17e-02, 1.23e-02, 5.30e-04, 1.03e-01]
14050 [4.02e-02, 1.76e-01, 6.06e-01, 3.09e-02, -1.37e-02, -5.43e-02, 5.25e-02, -8.15e-02, 7.67e-02, -3.31e-03, 1.24e-01]
14100 [-3.10e-02, 1.77e-01, 5.18e-01, 1.26e-03, -7.92e-03, -3.24e-02, 5.25e-02, -8.14e-02, 7.36e-02, -1.61e-03, 9.18e-02]
14150 [-5.04e-02, 1.79e-01, 5.69e-01, 6.25e-03, -7.89e-03, -8.66e-02, 5.25e-02, -8.11e-02, 4.16e-02, -4.14e-04, 8.41e-02]
14200 [-4.41e-02, 1.75e-01, 6.27e-01, 9.95e-03, -9.75e-04, -1.05e-01, 5.25e-02, -8.09e-02, 4.82e-02, 4.38e-03, 8.90e-02]
14250 [-5.51e-02, 1.76e-01, 6.81e-01, 8.15e-03, -7.28e-04, -1.41e-01, 5.25e-02, -8.07e-02, 5.24e-02, 5.34e-03, 1.08e-01]
14300 [1.15e-02, 1.71e-01, 4.04e-01, -3.34e-02, -1.02e-02, 1.02e-01, 5.25e-02, -7.50e-02, 1.92e-02, -5.37e-02, 6.22e-02]
14350 [-4.02e-02, 1.69e-01, 3.49e-01, -1.33e-02, -3.78e-03, 5.61e-02, 5.25e-02, -7.30e-02, -6.12e-02, -3.63e-02, 4.04e-02]
14400 [-7.76e-02, 1.73e-01, 3.73e-01, -9.23e-03, -3.83e-03, 3.25e-02, 5.25e-02, -7.25e-02, -6.12e-02, -2.74e-02, 4.13e-02]
14450 [-1.19e-01, 1.76e-01, 3.97e-01, -1.11e-02, -4.47e-03, 7.02e-04, 5.25e-02, -7.23e-02, -4.80e-02, -2.31e-02, 4.47e-02]
14500 [7.24e-02, 1.79e-01, 4.13e-01, 1.02e-02, -2.71e-02, -3.25e-02, 5.25e-02, -6.02e-02, -1.42e-02, 1.83e-02, 5.39e-02]
14550 [8.86e-02, 1.81e-01, 5.00e-01, 6.82e-03, -2.73e-02, -7.51e-02, 5.25e-02, -6.05e-02, 1.79e-03, 1.66e-02, 7.23e-02]
14600 [1.11e-01, 1.83e-01, 5.76e-01, 9.55e-03, -2.84e-02, -1.14e-01, 5.25e-02, -6.08e-02, 1.33e-02, 1.75e-02, 1.01e-01]
14650 [-4.59e-03, 1.61e-01, 3.09e-01, 1.54e-01, 3.75e-02, 1.10e-01, 5.25e-02, 5.45e-02, -9.02e-02, 1.41e-02, -2.37e-02]
14700 [2.63e-02, 1.04e-01, 3.01e-01, -1.00e-02, -2.51e-03, -9.62e-02, 5.24e-02, 1.14e-01, 1.44e-01, -1.56e-02, -3.15e-02]
14750 [3.20e-02, 1.08e-01, 4.22e-01, -1.73e-02, 1.17e-03, -1.09e-01, 5.24e-02, 1.14e-01, 9.55e-02, -6.74e-03, -3.32e-02]
14800 [3.83e-02, 1.12e-01, 5.12e-01, -1.94e-02, 1.08e-03, -1.26e-01, 5.24e-02, 1.14e-01, 6.71e-02, -5.47e-03, -2.00e-02]
14850 [4.37e-02, 1.15e-01, 5.82e-01, -2.08e-02, 9.60e-04, -1.44e-01, 5.24e-02, 1.14e-01, 5.37e-02, -3.70e-03, 3.91e-03]
14900 [4.87e-02, 1.18e-01, 6.38e-01, -2.17e-02, 1.24e-03, -1.59e-01, 5.24e-02, 1.15e-01, 5.06e-02, -1.89e-03, 3.26e-02]
14950 [4.10e-02, 1.21e-01, 6.34e-01, -1.99e-02, 6.52e-03, -8.81e-02, 5.24e-02, 1.15e-01, 5.82e-02, -1.35e-03, 5.05e-02]
15000 [4.42e-02, 1.23e-01, 6.62e-01, -2.07e-02, 6.32e-03, -1.20e-01, 5.24e-02, 1.15e-01, 5.10e-02, -7.20e-04, 6.55e-02]
15000 [4.42e-02, 1.23e-01, 6.62e-01, -2.07e-02, 6.32e-03, -1.20e-01, 5.24e-02, 1.15e-01, 5.10e-02, -7.20e-04, 6.55e-02]
15050 [-2.40e-02, 6.99e-02, 5.78e-01, 4.62e-02, 7.80e-03, 2.42e-03, 1.02e-01, -1.08e-02, 4.82e-03, 1.63e-02, 7.78e-03]
15100 [-2.16e-02, 6.77e-02, 5.74e-01, 4.61e-02, 7.96e-03, 9.38e-04, 1.02e-01, -1.25e-02, 2.17e-02, 1.17e-02, 1.07e-02]
15150 [-2.19e-02, 6.78e-02, 5.73e-01, 4.53e-02, 8.02e-03, -3.61e-03, 1.02e-01, -1.26e-02, 3.66e-02, 1.12e-02, 1.06e-02]
15200 [-2.26e-02, 6.87e-02, 5.71e-01, 4.48e-02, 8.16e-03, -9.13e-03, 1.02e-01, -1.26e-02, 4.62e-02, 1.07e-02, 8.49e-03]
15250 [-2.33e-02, 7.02e-02, 5.71e-01, 4.46e-02, 8.34e-03, -1.55e-02, 1.02e-01, -1.26e-02, 5.22e-02, 1.01e-02, 5.09e-03]
15300 [-2.42e-02, 7.22e-02, 5.71e-01, 4.45e-02, 8.51e-03, -2.26e-02, 1.02e-01, -1.26e-02, 5.60e-02, 9.51e-03, 1.12e-03]
15350 [-2.52e-02, 7.44e-02, 5.72e-01, 4.44e-02, 8.67e-03, -3.02e-02, 1.02e-01, -1.26e-02, 5.83e-02, 9.00e-03, -2.90e-03]
15400 [-2.64e-02, 7.68e-02, 5.75e-01, 4.43e-02, 8.80e-03, -3.82e-02, 1.02e-01, -1.26e-02, 5.98e-02, 8.51e-03, -6.62e-03]
15450 [-2.76e-02, 7.93e-02, 5.78e-01, 4.40e-02, 8.90e-03, -4.65e-02, 1.02e-01, -1.27e-02, 6.07e-02, 8.00e-03, -9.81e-03]
15500 [-2.89e-02, 8.19e-02, 5.82e-01, 4.37e-02, 8.97e-03, -5.50e-02, 1.02e-01, -1.27e-02, 6.09e-02, 7.47e-03, -1.23e-02]
15550 [-3.03e-02, 8.44e-02, 5.87e-01, 4.32e-02, 9.05e-03, -6.36e-02, 1.02e-01, -1.27e-02, 6.02e-02, 6.89e-03, -1.40e-02]
15600 [-3.18e-02, 8.69e-02, 5.93e-01, 4.27e-02, 9.06e-03, -7.21e-02, 1.02e-01, -1.27e-02, 5.93e-02, 6.28e-03, -1.43e-02]
15650 [-3.33e-02, 8.92e-02, 5.99e-01, 4.19e-02, 9.06e-03, -8.06e-02, 1.02e-01, -1.26e-02, 6.06e-02, 5.64e-03, -1.28e-02]
15700 [-3.50e-02, 9.15e-02, 6.07e-01, 4.12e-02, 9.15e-03, -8.89e-02, 1.02e-01, -1.26e-02, 5.72e-02, 5.08e-03, -1.10e-02]
15750 [-3.66e-02, 9.38e-02, 6.15e-01, 4.05e-02, 9.31e-03, -9.70e-02, 1.02e-01, -1.26e-02, 5.28e-02, 4.48e-03, -7.69e-03]
15800 [-3.83e-02, 9.60e-02, 6.23e-01, 3.94e-02, 9.33e-03, -1.05e-01, 1.02e-01, -1.26e-02, 5.19e-02, 3.94e-03, -1.38e-03]
15850 [-4.00e-02, 9.83e-02, 6.32e-01, 3.79e-02, 9.33e-03, -1.13e-01, 1.02e-01, -1.25e-02, 5.29e-02, 3.55e-03, 4.65e-03]
15900 [-4.17e-02, 1.00e-01, 6.41e-01, 3.68e-02, 9.46e-03, -1.21e-01, 1.02e-01, -1.25e-02, 5.14e-02, 3.01e-03, 1.08e-02]
15950 [-4.34e-02, 1.02e-01, 6.51e-01, 3.57e-02, 9.53e-03, -1.28e-01, 1.02e-01, -1.24e-02, 5.09e-02, 2.70e-03, 1.80e-02]
16000 [-4.51e-02, 1.04e-01, 6.60e-01, 3.47e-02, 9.66e-03, -1.35e-01, 1.02e-01, -1.24e-02, 5.32e-02, 2.65e-03, 2.55e-02]
16050 [-4.69e-02, 1.06e-01, 6.70e-01, 3.37e-02, 9.69e-03, -1.42e-01, 1.02e-01, -1.23e-02, 5.23e-02, 2.70e-03, 3.40e-02]
16100 [-4.84e-02, 1.07e-01, 6.80e-01, 3.26e-02, 9.54e-03, -1.48e-01, 1.02e-01, -1.22e-02, 5.40e-02, -6.84e-04, 4.29e-02]
16150 [-4.90e-02, 1.09e-01, 6.85e-01, 3.27e-02, 8.89e-03, -1.38e-01, 1.02e-01, -1.21e-02, 5.81e-02, -1.68e-02, 5.09e-02]
16200 [-5.00e-02, 1.11e-01, 6.93e-01, 3.19e-02, 8.22e-03, -1.39e-01, 1.02e-01, -1.21e-02, 6.70e-02, -1.38e-02, 6.05e-02]
16250 [-5.19e-02, 1.13e-01, 7.02e-01, 3.15e-02, 8.29e-03, -1.48e-01, 1.02e-01, -1.20e-02, 6.04e-02, -1.35e-02, 6.88e-02]
16300 [-5.27e-02, 1.14e-01, 7.10e-01, 3.18e-02, 7.63e-03, -1.51e-01, 1.02e-01, -1.19e-02, 5.80e-02, -1.38e-02, 7.85e-02]
16350 [-5.33e-02, 1.15e-01, 7.19e-01, 3.16e-02, 7.39e-03, -1.51e-01, 1.02e-01, -1.19e-02, 6.79e-02, -1.07e-02, 8.84e-02]
16400 [2.20e-03, 1.16e-01, 6.48e-01, 1.58e-02, 1.19e-02, -3.13e-02, 1.02e-01, -1.13e-02, 5.70e-02, 6.69e-03, 8.64e-02]
16450 [1.10e-03, 1.18e-01, 6.43e-01, 1.55e-02, 1.17e-02, -5.27e-02, 1.02e-01, -1.13e-02, 5.58e-02, 5.77e-03, 7.55e-02]
16500 [1.60e-04, 1.20e-01, 6.46e-01, 1.51e-02, 9.62e-03, -7.29e-02, 1.02e-01, -1.13e-02, 4.87e-02, 2.40e-03, 7.03e-02]
16550 [-9.17e-04, 1.22e-01, 6.53e-01, 1.49e-02, 9.63e-03, -9.07e-02, 1.02e-01, -1.13e-02, 4.36e-02, 2.02e-03, 7.11e-02]
16600 [-2.10e-03, 1.24e-01, 6.63e-01, 1.44e-02, 9.21e-03, -1.06e-01, 1.02e-01, -1.13e-02, 4.09e-02, 1.95e-03, 7.69e-02]
16650 [-3.14e-03, 1.26e-01, 6.74e-01, 1.36e-02, 8.29e-03, -1.20e-01, 1.02e-01, -1.13e-02, 4.82e-02, 1.81e-03, 8.41e-02]
16700 [-4.29e-03, 1.28e-01, 6.87e-01, 1.28e-02, 8.15e-03, -1.34e-01, 1.02e-01, -1.13e-02, 4.36e-02, 2.11e-03, 9.42e-02]
16750 [-5.44e-03, 1.31e-01, 7.01e-01, 1.17e-02, 7.37e-03, -1.46e-01, 1.02e-01, -1.13e-02, 4.33e-02, 2.74e-03, 1.06e-01]
16800 [-7.33e-03, 1.33e-01, 6.85e-01, 1.00e-02, 2.48e-04, -8.12e-02, 1.02e-01, -1.13e-02, 7.48e-02, -3.21e-02, 1.15e-01]
16850 [-6.08e-03, 1.36e-01, 6.78e-01, 9.75e-03, -2.16e-03, -8.38e-02, 1.02e-01, -1.13e-02, 5.12e-02, -2.06e-02, 1.10e-01]
16900 [-7.02e-03, 1.38e-01, 6.84e-01, 9.14e-03, -7.83e-04, -1.04e-01, 1.02e-01, -1.13e-02, 5.82e-02, -1.75e-02, 1.09e-01]
16950 [-8.49e-03, 1.41e-01, 6.94e-01, 9.47e-03, -5.31e-04, -1.22e-01, 1.02e-01, -1.13e-02, 5.38e-02, -1.49e-02, 1.12e-01]
17000 [-1.01e-02, 1.44e-01, 7.07e-01, 9.27e-03, -7.71e-04, -1.38e-01, 1.02e-01, -1.13e-02, 4.72e-02, -1.28e-02, 1.20e-01]
17050 [-8.14e-03, 1.46e-01, 7.08e-01, 1.05e-02, 2.55e-03, -1.15e-01, 1.02e-01, -1.13e-02, 5.62e-02, -3.48e-02, 1.33e-01]
17100 [-7.81e-03, 1.50e-01, 6.93e-01, 1.27e-02, 4.65e-03, -9.35e-02, 1.02e-01, -1.13e-02, 4.33e-02, -2.36e-02, 1.30e-01]
17150 [-9.53e-03, 1.52e-01, 7.00e-01, 1.22e-02, 4.63e-03, -1.15e-01, 1.02e-01, -1.13e-02, 4.22e-02, -1.99e-02, 1.34e-01]
17200 [-1.13e-02, 1.54e-01, 7.11e-01, 1.13e-02, 4.43e-03, -1.34e-01, 1.02e-01, -1.13e-02, 4.31e-02, -1.68e-02, 1.44e-01]
17250 [-1.30e-02, 1.57e-01, 7.25e-01, 1.01e-02, 4.10e-03, -1.50e-01, 1.02e-01, -1.13e-02, 4.78e-02, -1.39e-02, 1.57e-01]
17300 [2.39e-02, 1.12e-01, 6.33e-01, -9.18e-03, 6.18e-04, -9.27e-03, 1.02e-01, -1.16e-02, 4.81e-02, -3.86e-03, 1.15e-01]
17350 [2.51e-02, 1.19e-01, 6.22e-01, -1.16e-02, 2.42e-03, -4.64e-02, 1.02e-01, -1.17e-02, 4.46e-02, -1.77e-03, 9.48e-02]
17400 [2.54e-02, 1.25e-01, 6.29e-01, -1.17e-02, 2.48e-03, -7.86e-02, 1.02e-01, -1.17e-02, 4.88e-02, -9.88e-04, 9.24e-02]
17450 [2.54e-02, 1.30e-01, 6.46e-01, -1.23e-02, 2.55e-03, -1.04e-01, 1.02e-01, -1.17e-02, 4.39e-02, 3.49e-04, 9.55e-02]
17500 [2.57e-02, 1.35e-01, 6.66e-01, -1.27e-02, 2.62e-03, -1.26e-01, 1.02e-01, -1.17e-02, 5.52e-02, 1.69e-03, 1.08e-01]
17550 [5.12e-03, 1.39e-01, 6.59e-01, -2.12e-02, 1.23e-03, -9.15e-02, 1.02e-01, -1.17e-02, 6.57e-02, -1.24e-03, 1.18e-01]
17600 [-3.66e-03, 1.45e-01, 6.14e-01, -1.33e-02, 9.93e-04, -5.47e-02, 1.02e-01, -1.14e-02, 5.08e-02, -5.50e-03, 1.09e-01]
17650 [-6.04e-03, 1.50e-01, 6.26e-01, -1.19e-02, 1.34e-03, -8.73e-02, 1.02e-01, -1.14e-02, 2.92e-02, -3.65e-03, 1.04e-01]
17700 [-8.79e-03, 1.54e-01, 6.46e-01, -1.27e-02, 1.45e-03, -1.14e-01, 1.02e-01, -1.14e-02, 3.15e-02, -1.32e-03, 1.15e-01]
17750 [-8.92e-03, 1.58e-01, 6.66e-01, -7.33e-03, 1.95e-03, -1.29e-01, 1.02e-01, -1.14e-02, 3.20e-02, 1.03e-02, 1.35e-01]
17800 [-7.18e-03, 1.59e-01, 6.76e-01, -3.63e-03, 3.03e-03, -1.20e-01, 1.02e-01, -1.14e-02, 4.27e-02, 1.67e-02, 1.36e-01]
17850 [-9.31e-03, 1.62e-01, 6.95e-01, -4.29e-03, 3.50e-03, -1.40e-01, 1.02e-01, -1.13e-02, 4.05e-02, 1.47e-02, 1.49e-01]
17900 [4.00e-03, 1.67e-01, 6.00e-01, 1.16e-03, 4.42e-03, -3.04e-02, 1.02e-01, -1.12e-02, 4.35e-02, 1.47e-02, 1.30e-01]
17950 [4.06e-04, 1.72e-01, 6.03e-01, 8.35e-04, 3.82e-03, -7.10e-02, 1.02e-01, -1.12e-02, 2.93e-02, 1.22e-02, 1.17e-01]
18000 [-2.05e-03, 1.76e-01, 6.23e-01, -6.80e-04, 3.35e-03, -1.04e-01, 1.02e-01, -1.12e-02, 2.66e-02, 1.05e-02, 1.23e-01]
18050 [1.14e-02, 1.79e-01, 5.78e-01, 2.71e-03, -5.79e-03, -1.61e-02, 1.02e-01, -1.15e-02, 6.90e-02, 5.71e-03, 1.26e-01]
18100 [3.08e-02, 1.78e-01, 5.02e-01, -1.78e-02, 1.91e-03, -1.39e-03, 1.02e-01, -1.19e-02, 5.21e-02, -2.38e-03, 1.04e-01]
18150 [3.40e-02, 1.86e-01, 5.12e-01, -1.83e-02, 2.28e-03, -4.21e-02, 1.02e-01, -1.19e-02, 2.68e-02, -1.51e-03, 9.26e-02]
18200 [3.71e-02, 1.94e-01, 5.42e-01, -1.87e-02, 2.81e-03, -7.82e-02, 1.02e-01, -1.19e-02, 1.66e-02, -7.71e-04, 9.51e-02]
18250 [3.99e-02, 1.99e-01, 5.80e-01, -1.95e-02, 3.39e-03, -1.08e-01, 1.02e-01, -1.19e-02, 1.96e-02, 5.76e-04, 1.09e-01]
18300 [2.44e-02, 2.05e-01, 6.14e-01, -2.54e-02, 2.86e-03, -1.29e-01, 1.02e-01, -1.19e-02, 2.77e-02, 6.71e-04, 1.33e-01]
18350 [-3.38e-02, 2.02e-01, 5.11e-01, 6.53e-02, -9.43e-04, 1.53e-02, 1.02e-01, -3.12e-03, 3.58e-02, -1.33e-02, 1.33e-01]
18400 [-3.50e-02, 2.07e-01, 4.85e-01, 5.89e-02, -2.56e-03, -1.35e-02, 1.02e-01, -1.49e-03, 6.57e-02, -5.67e-03, 1.23e-01]
18450 [-4.76e-02, 2.14e-01, 5.05e-01, 5.68e-02, -3.09e-03, -5.49e-02, 1.02e-01, -1.57e-03, 5.72e-02, -7.29e-03, 1.20e-01]
18500 [4.04e-02, 2.20e-01, 5.01e-01, -3.84e-02, -4.10e-03, -6.81e-02, 1.02e-01, -1.53e-03, 3.18e-02, -1.98e-02, 1.29e-01]
18550 [3.79e-02, 2.23e-01, 5.41e-01, -4.94e-02, -3.68e-03, -9.72e-02, 1.02e-01, -1.63e-03, 1.96e-02, -1.09e-02, 1.38e-01]
18600 [4.22e-02, 2.26e-01, 5.89e-01, -4.97e-02, -2.82e-03, -1.27e-01, 1.02e-01, -1.61e-03, 2.38e-02, -6.05e-03, 1.59e-01]
18650 [-6.24e-02, 2.19e-01, 4.71e-01, 7.36e-02, -3.30e-03, 3.22e-02, 1.02e-01, 2.53e-03, 2.57e-03, -6.68e-03, 1.58e-01]
18700 [-6.94e-02, 2.27e-01, 4.44e-01, 6.06e-02, -3.37e-03, -7.32e-04, 1.02e-01, 3.11e-03, 3.22e-02, -1.03e-02, 1.53e-01]
18750 [1.94e-03, 2.33e-01, 4.54e-01, 1.99e-02, -6.24e-03, -4.11e-02, 1.02e-01, 4.35e-03, 2.06e-02, -8.64e-03, 1.43e-01]
18800 [4.04e-03, 2.38e-01, 5.06e-01, 1.60e-02, -5.52e-03, -8.00e-02, 1.02e-01, 4.38e-03, 1.50e-02, -3.66e-03, 1.45e-01]
18850 [5.13e-04, 2.43e-01, 5.62e-01, 1.50e-02, -4.69e-03, -1.14e-01, 1.02e-01, 4.37e-03, 1.16e-02, -7.19e-04, 1.61e-01]
18900 [-2.06e-03, 2.46e-01, 5.88e-01, 1.44e-02, -7.95e-04, -8.77e-02, 1.02e-01, 4.37e-03, 6.65e-02, 1.64e-02, 1.86e-01]
18950 [-4.19e-03, 2.26e-01, 5.99e-01, 1.31e-02, 5.92e-04, -8.97e-02, 1.02e-01, 4.34e-03, 2.23e-02, 1.52e-02, 1.77e-01]
19000 [-8.73e-03, 2.32e-01, 6.36e-01, 9.80e-03, 6.56e-04, -1.29e-01, 1.02e-01, 4.33e-03, 2.50e-02, 1.26e-02, 1.95e-01]
19050 [-1.53e-01, 2.09e-02, 2.47e-01, 1.13e-01, -2.87e-03, 2.85e-02, 5.53e-02, 2.11e-02, 7.53e-03, 3.51e-02, -1.66e-01]
19100 [3.70e-02, 4.99e-02, 2.32e-01, 3.71e-02, 2.28e-02, 1.50e-02, -2.34e-01, -7.05e-02, 5.54e-02, -1.03e-02, -2.12e-01]
19150 [3.97e-02, 7.07e-02, 2.66e-01, 3.44e-02, 1.76e-02, 1.32e-02, -2.35e-01, -7.10e-02, 4.95e-02, -9.07e-03, -2.11e-01]
19200 [4.18e-02, 7.83e-02, 2.96e-01, 3.48e-02, 1.56e-02, 1.07e-02, -2.35e-01, -7.11e-02, 4.60e-02, -8.92e-03, -2.11e-01]
19250 [4.39e-02, 8.43e-02, 3.21e-01, 3.49e-02, 1.46e-02, 7.36e-03, -2.35e-01, -7.11e-02, 4.19e-02, -8.73e-03, -2.11e-01]
19300 [4.61e-02, 8.70e-02, 3.43e-01, 3.48e-02, 1.38e-02, 3.01e-03, -2.35e-01, -7.12e-02, 3.79e-02, -8.46e-03, -2.11e-01]
19350 [4.85e-02, 9.11e-02, 3.63e-01, 3.48e-02, 1.33e-02, -2.14e-03, -2.35e-01, -7.12e-02, 3.44e-02, -8.26e-03, -2.11e-01]
19400 [5.08e-02, 9.54e-02, 3.82e-01, 3.48e-02, 1.28e-02, -8.21e-03, -2.35e-01, -7.13e-02, 3.18e-02, -8.08e-03, -2.11e-01]
19450 [5.32e-02, 1.00e-01, 4.00e-01, 3.48e-02, 1.25e-02, -1.51e-02, -2.35e-01, -7.13e-02, 2.97e-02, -7.88e-03, -2.12e-01]
19500 [5.55e-02, 9.65e-02, 4.16e-01, 3.47e-02, 1.22e-02, -2.31e-02, -2.35e-01, -7.14e-02, 2.93e-02, -7.47e-03, -2.12e-01]
19550 [5.79e-02, 1.01e-01, 4.35e-01, 3.50e-02, 1.18e-02, -3.17e-02, -2.35e-01, -7.14e-02, 3.05e-02, -7.33e-03, -2.12e-01]
19600 [6.06e-02, 1.06e-01, 4.55e-01, 3.54e-02, 1.16e-02, -4.09e-02, -2.35e-01, -7.15e-02, 3.17e-02, -7.17e-03, -2.11e-01]
19650 [6.32e-02, 1.11e-01, 4.75e-01, 3.59e-02, 1.15e-02, -5.04e-02, -2.35e-01, -7.15e-02, 3.39e-02, -6.94e-03, -2.11e-01]
19700 [6.59e-02, 1.15e-01, 4.95e-01, 3.66e-02, 1.14e-02, -6.02e-02, -2.35e-01, -7.16e-02, 3.69e-02, -6.67e-03, -2.11e-01]
19750 [6.29e-02, 6.87e-02, 4.70e-01, 3.61e-02, 1.06e-02, -6.31e-02, -2.35e-01, -7.16e-02, 4.49e-02, -6.58e-03, -2.10e-01]
19800 [6.49e-02, 9.47e-02, 4.94e-01, 3.66e-02, 1.05e-02, -7.07e-02, -2.35e-01, -7.16e-02, 4.90e-02, -6.23e-03, -2.09e-01]
19850 [6.76e-02, 1.06e-01, 5.19e-01, 3.74e-02, 1.10e-02, -8.03e-02, -2.35e-01, -7.17e-02, 5.28e-02, -5.87e-03, -2.07e-01]
19900 [7.01e-02, 1.14e-01, 5.42e-01, 3.83e-02, 1.15e-02, -8.99e-02, -2.35e-01, -7.17e-02, 5.70e-02, -5.38e-03, -2.06e-01]
19950 [7.02e-02, 9.28e-02, 5.47e-01, 3.83e-02, 1.07e-02, -8.95e-02, -2.35e-01, -7.17e-02, 6.07e-02, -4.55e-03, -2.04e-01]
20000 [6.92e-02, 9.36e-02, 5.51e-01, 3.78e-02, 1.13e-02, -8.41e-02, -2.35e-01, -7.17e-02, 6.23e-02, -3.81e-03, -2.02e-01]
20000 [6.92e-02, 9.36e-02, 5.51e-01, 3.78e-02, 1.13e-02, -8.41e-02, -2.35e-01, -7.17e-02, 6.23e-02, -3.81e-03, -2.02e-01]
20050 [-4.57e-02, 4.35e-02, 4.13e-01, 5.86e-02, 4.26e-03, 3.18e-02, -2.90e-01, 5.40e-02, 6.07e-02, 3.02e-04, -9.98e-02]
20100 [-4.51e-02, 4.27e-02, 4.06e-01, 5.67e-02, -1.12e-03, 3.37e-02, -2.91e-01, 5.48e-02, 5.50e-02, -1.23e-03, -9.89e-02]
20150 [-4.61e-02, 4.46e-02, 4.03e-01, 5.67e-02, -4.42e-03, 3.34e-02, -2.91e-01, 5.53e-02, 5.43e-02, -1.30e-03, -9.89e-02]
20200 [-4.74e-02, 4.72e-02, 4.03e-01, 5.69e-02, -5.57e-03, 3.24e-02, -2.91e-01, 5.56e-02, 5.38e-02, -1.26e-03, -9.87e-02]
20250 [-4.89e-02, 5.02e-02, 4.03e-01, 5.70e-02, -5.63e-03, 3.07e-02, -2.91e-01, 5.59e-02, 5.36e-02, -1.13e-03, -9.85e-02]
20300 [-5.06e-02, 5.35e-02, 4.05e-01, 5.71e-02, -5.63e-03, 2.85e-02, -2.91e-01, 5.61e-02, 5.38e-02, -9.54e-04, -9.82e-02]
20350 [-5.25e-02, 5.71e-02, 4.07e-01, 5.72e-02, -5.89e-03, 2.57e-02, -2.91e-01, 5.64e-02, 5.42e-02, -7.96e-04, -9.79e-02]
20400 [-5.45e-02, 6.07e-02, 4.09e-01, 5.73e-02, -6.41e-03, 2.24e-02, -2.91e-01, 5.66e-02, 5.48e-02, -6.71e-04, -9.76e-02]
20450 [-5.68e-02, 6.45e-02, 4.12e-01, 5.73e-02, -7.19e-03, 1.84e-02, -2.91e-01, 5.69e-02, 5.56e-02, -5.91e-04, -9.73e-02]
20500 [-5.92e-02, 6.84e-02, 4.15e-01, 5.70e-02, -8.21e-03, 1.39e-02, -2.91e-01, 5.72e-02, 5.69e-02, -5.67e-04, -9.71e-02]
20550 [-6.14e-02, 7.26e-02, 4.19e-01, 5.63e-02, -9.24e-03, 8.66e-03, -2.91e-01, 5.74e-02, 5.89e-02, -6.70e-04, -9.70e-02]
20600 [-6.38e-02, 7.63e-02, 4.24e-01, 5.52e-02, -1.05e-02, 2.76e-03, -2.91e-01, 5.74e-02, 6.11e-02, -8.60e-04, -9.70e-02]
20650 [-6.62e-02, 8.05e-02, 4.30e-01, 5.40e-02, -1.20e-02, -3.67e-03, -2.91e-01, 5.75e-02, 6.34e-02, -1.13e-03, -9.69e-02]
20700 [-6.93e-02, 8.48e-02, 4.36e-01, 5.32e-02, -1.36e-02, -1.08e-02, -2.91e-01, 5.78e-02, 6.55e-02, -1.39e-03, -9.70e-02]
20750 [-7.27e-02, 8.89e-02, 4.44e-01, 5.23e-02, -1.51e-02, -1.85e-02, -2.91e-01, 5.81e-02, 6.74e-02, -1.72e-03, -9.72e-02]
20800 [-7.62e-02, 9.31e-02, 4.51e-01, 5.12e-02, -1.65e-02, -2.68e-02, -2.91e-01, 5.85e-02, 6.95e-02, -2.10e-03, -9.75e-02]
20850 [-7.87e-02, 9.71e-02, 4.59e-01, 4.94e-02, -1.73e-02, -3.53e-02, -2.91e-01, 5.88e-02, 7.14e-02, -2.62e-03, -9.78e-02]
20900 [-8.19e-02, 1.01e-01, 4.68e-01, 4.80e-02, -1.76e-02, -4.42e-02, -2.91e-01, 5.91e-02, 7.29e-02, -3.04e-03, -9.80e-02]
20950 [-8.46e-02, 1.04e-01, 4.78e-01, 4.64e-02, -1.78e-02, -5.32e-02, -2.91e-01, 5.94e-02, 7.42e-02, -3.41e-03, -9.84e-02]
21000 [-8.68e-02, 1.08e-01, 4.89e-01, 4.51e-02, -1.76e-02, -6.22e-02, -2.91e-01, 6.02e-02, 7.48e-02, -3.84e-03, -9.87e-02]
21050 [-9.01e-02, 1.12e-01, 5.00e-01, 4.40e-02, -1.64e-02, -7.13e-02, -2.91e-01, 6.10e-02, 7.49e-02, -4.17e-03, -9.90e-02]
21100 [-9.41e-02, 1.15e-01, 5.12e-01, 4.34e-02, -1.43e-02, -8.04e-02, -2.91e-01, 6.20e-02, 7.40e-02, -4.43e-03, -9.93e-02]
21150 [-9.73e-02, 1.18e-01, 5.23e-01, 4.29e-02, -1.16e-02, -8.91e-02, -2.91e-01, 6.32e-02, 7.19e-02, -4.67e-03, -9.96e-02]
21200 [-9.63e-02, 1.22e-01, 5.34e-01, 4.12e-02, -9.22e-03, -9.54e-02, -2.91e-01, 6.44e-02, 7.25e-02, -4.79e-03, -9.92e-02]
21250 [-9.82e-02, 1.25e-01, 5.47e-01, 3.93e-02, -7.00e-03, -1.03e-01, -2.91e-01, 6.50e-02, 7.40e-02, -4.84e-03, -9.87e-02]
21300 [-1.01e-01, 1.28e-01, 5.59e-01, 3.78e-02, -5.03e-03, -1.11e-01, -2.91e-01, 6.59e-02, 7.53e-02, -4.82e-03, -9.81e-02]
21350 [-1.03e-01, 1.31e-01, 5.71e-01, 3.65e-02, -3.35e-03, -1.18e-01, -2.91e-01, 6.70e-02, 7.53e-02, -4.57e-03, -9.76e-02]
21400 [-1.05e-01, 1.34e-01, 5.82e-01, 3.50e-02, -2.48e-03, -1.26e-01, -2.91e-01, 6.80e-02, 7.73e-02, -4.09e-03, -9.65e-02]
21450 [-7.83e-02, 1.37e-01, 5.82e-01, 3.15e-02, 1.82e-03, -9.54e-02, -2.91e-01, 6.77e-02, 7.09e-02, -4.04e-03, -9.71e-02]
21500 [-8.15e-02, 1.40e-01, 5.93e-01, 2.98e-02, 6.42e-03, -1.07e-01, -2.91e-01, 6.76e-02, 7.25e-02, -4.06e-03, -9.67e-02]
21550 [-8.52e-02, 1.44e-01, 6.05e-01, 2.80e-02, 9.47e-03, -1.17e-01, -2.91e-01, 6.78e-02, 7.60e-02, -4.01e-03, -9.54e-02]
21600 [-8.88e-02, 1.47e-01, 6.17e-01, 2.61e-02, 1.16e-02, -1.28e-01, -2.91e-01, 6.82e-02, 8.04e-02, -3.93e-03, -9.34e-02]
21650 [-2.26e-02, 1.49e-01, 5.94e-01, 1.69e-02, 9.81e-03, -4.10e-02, -2.91e-01, 6.21e-02, 6.91e-02, -4.23e-03, -8.99e-02]
21700 [-2.10e-02, 1.53e-01, 5.95e-01, 1.64e-02, 9.32e-03, -5.75e-02, -2.91e-01, 6.18e-02, 7.02e-02, -4.35e-03, -8.98e-02]
21750 [-2.28e-02, 1.57e-01, 6.02e-01, 1.64e-02, 8.54e-03, -7.62e-02, -2.91e-01, 6.18e-02, 7.45e-02, -4.45e-03, -8.87e-02]
21800 [-2.43e-02, 1.61e-01, 6.12e-01, 1.63e-02, 5.93e-03, -9.27e-02, -2.91e-01, 6.19e-02, 7.87e-02, -4.44e-03, -8.70e-02]
21850 [-2.51e-02, 1.63e-01, 6.24e-01, 1.65e-02, 2.45e-03, -1.07e-01, -2.91e-01, 6.22e-02, 8.11e-02, -4.20e-03, -8.49e-02]
21900 [-2.74e-02, 1.67e-01, 6.39e-01, 1.58e-02, 3.60e-03, -1.21e-01, -2.91e-01, 6.23e-02, 8.31e-02, -4.00e-03, -8.23e-02]
21950 [-1.49e-02, 1.68e-01, 6.19e-01, 9.06e-03, 3.99e-03, -2.25e-02, -2.91e-01, 6.15e-02, 5.27e-02, -5.42e-03, -7.76e-02]
22000 [-7.38e-03, 1.70e-01, 5.93e-01, 6.63e-03, 4.62e-03, -2.51e-02, -2.91e-01, 6.10e-02, 5.05e-02, -5.49e-03, -7.87e-02]
22050 [-9.59e-03, 1.74e-01, 5.93e-01, 6.16e-03, 4.27e-03, -5.19e-02, -2.91e-01, 6.08e-02, 6.24e-02, -5.41e-03, -7.79e-02]
22100 [-1.16e-02, 1.79e-01, 6.01e-01, 5.76e-03, 3.90e-03, -7.51e-02, -2.91e-01, 6.08e-02, 6.96e-02, -5.29e-03, -7.64e-02]
22150 [-1.38e-02, 1.83e-01, 6.14e-01, 5.38e-03, 3.72e-03, -9.51e-02, -2.91e-01, 6.08e-02, 7.28e-02, -4.95e-03, -7.44e-02]
22200 [-1.57e-02, 1.87e-01, 6.29e-01, 5.51e-03, 7.71e-04, -1.12e-01, -2.91e-01, 6.10e-02, 7.30e-02, -3.57e-03, -7.21e-02]
22250 [-1.44e-02, 1.89e-01, 6.27e-01, 5.77e-03, 3.38e-02, -8.22e-02, -2.91e-01, 6.10e-02, 6.44e-02, 5.22e-03, -6.99e-02]
22300 [-1.66e-02, 1.93e-01, 6.35e-01, 5.18e-03, 3.02e-02, -9.96e-02, -2.91e-01, 6.10e-02, 6.05e-02, 5.30e-03, -6.78e-02]
22350 [-1.90e-02, 1.97e-01, 6.49e-01, 4.30e-03, 2.76e-02, -1.18e-01, -2.91e-01, 6.11e-02, 6.94e-02, 5.30e-03, -6.27e-02]
22400 [1.18e-02, 1.90e-01, 5.68e-01, -4.11e-03, -2.64e-02, -2.09e-03, -2.91e-01, 6.03e-02, 4.74e-02, -3.97e-04, -5.77e-02]
22450 [8.30e-03, 1.94e-01, 5.56e-01, -5.04e-03, -2.18e-02, -3.25e-02, -2.91e-01, 5.96e-02, 5.70e-02, -2.66e-04, -5.75e-02]
22500 [7.32e-03, 2.00e-01, 5.64e-01, -5.28e-03, -2.08e-02, -6.21e-02, -2.91e-01, 5.95e-02, 5.96e-02, -2.60e-04, -5.71e-02]
22550 [6.37e-03, 2.04e-01, 5.81e-01, -5.48e-03, -1.66e-02, -8.73e-02, -2.91e-01, 5.95e-02, 6.02e-02, -3.53e-05, -5.52e-02]
22600 [5.35e-03, 2.09e-01, 6.04e-01, -5.66e-03, 1.22e-03, -1.09e-01, -2.91e-01, 5.94e-02, 6.44e-02, -7.02e-04, -5.22e-02]
22650 [-9.46e-04, 2.05e-01, 5.73e-01, -4.43e-03, 9.94e-03, -7.47e-03, -2.91e-01, 5.95e-02, 5.21e-02, -7.34e-04, -4.59e-02]
22700 [-1.90e-03, 1.93e-01, 5.06e-01, -5.74e-04, 8.21e-04, 7.01e-03, -2.91e-01, 6.07e-02, 4.65e-02, -6.92e-04, -4.48e-02]
22750 [-4.66e-03, 2.00e-01, 5.04e-01, -5.96e-05, 8.25e-04, -2.50e-02, -2.91e-01, 6.07e-02, 4.92e-02, -3.09e-04, -4.53e-02]
22800 [-7.81e-03, 2.07e-01, 5.20e-01, -3.02e-04, 1.52e-03, -5.57e-02, -2.91e-01, 6.06e-02, 5.09e-02, -3.45e-04, -4.48e-02]
22850 [-1.12e-02, 2.13e-01, 5.45e-01, -6.69e-04, 1.83e-03, -8.30e-02, -2.91e-01, 6.06e-02, 5.23e-02, -8.24e-04, -4.25e-02]
22900 [-1.42e-02, 2.17e-01, 5.75e-01, 9.16e-05, 2.71e-03, -1.05e-01, -2.91e-01, 6.09e-02, 5.11e-02, 5.35e-04, -3.94e-02]
22950 [-3.92e-03, 2.18e-01, 5.72e-01, 9.19e-04, 1.36e-02, -5.65e-02, -2.91e-01, 6.03e-02, 5.86e-02, 3.05e-03, -3.44e-02]
23000 [1.80e-03, 2.16e-01, 5.56e-01, 1.10e-03, 1.82e-02, -5.49e-02, -2.91e-01, 6.00e-02, 5.54e-02, 3.48e-03, -3.31e-02]
23050 [-7.26e-04, 2.21e-01, 5.76e-01, 1.11e-03, 1.52e-02, -8.71e-02, -2.91e-01, 6.00e-02, 5.57e-02, 3.29e-03, -3.10e-02]
23100 [-3.29e-03, 2.26e-01, 6.04e-01, 1.30e-03, 9.64e-03, -1.13e-01, -2.91e-01, 6.00e-02, 5.85e-02, 3.50e-03, -2.67e-02]
23150 [-6.80e-03, 2.00e-01, 4.96e-01, 1.95e-04, -1.18e-03, 1.28e-02, -2.91e-01, 5.94e-02, 5.06e-02, 4.27e-03, -2.37e-02]
23200 [-1.65e-02, 2.04e-01, 4.91e-01, 1.34e-04, -1.37e-03, -2.31e-02, -2.91e-01, 5.92e-02, 5.22e-02, 4.09e-03, -2.47e-02]
23250 [-2.25e-02, 2.11e-01, 5.12e-01, 1.45e-04, -2.20e-03, -5.94e-02, -2.91e-01, 5.92e-02, 5.43e-02, 2.34e-04, -2.45e-02]
23300 [-2.77e-02, 2.18e-01, 5.46e-01, -2.46e-04, -2.86e-03, -9.05e-02, -2.91e-01, 5.94e-02, 5.97e-02, 7.40e-04, -2.14e-02]
23350 [-1.21e-02, 2.22e-01, 5.67e-01, 4.41e-04, 1.30e-03, -8.56e-02, -2.91e-01, 5.69e-02, 6.53e-02, 3.45e-03, -1.62e-02]
23400 [-7.28e-02, 1.92e-01, 4.03e-01, 5.83e-02, 3.84e-02, 4.60e-03, -2.91e-01, -4.78e-02, 5.28e-02, 2.34e-03, -1.42e-02]
23450 [-7.77e-02, 1.96e-01, 4.22e-01, 5.60e-02, 2.01e-02, -2.72e-02, -2.91e-01, -5.46e-02, 6.51e-02, -8.94e-04, -1.25e-02]
23500 [-9.37e-02, 2.04e-01, 4.58e-01, 5.05e-02, 2.46e-03, -5.89e-02, -2.91e-01, -5.29e-02, 6.59e-02, -2.47e-03, -1.02e-02]
23550 [-2.75e-04, 2.08e-01, 4.77e-01, 3.12e-02, 6.58e-03, -6.95e-02, -2.91e-01, -3.24e-02, 5.27e-02, -5.98e-03, -5.84e-03]
23600 [-2.64e-03, 2.14e-01, 5.28e-01, 2.93e-02, 1.82e-03, -9.77e-02, -2.91e-01, -3.20e-02, 4.37e-02, -5.57e-03, -6.67e-04]
23650 [-5.73e-03, 2.18e-01, 5.64e-01, 2.68e-02, -6.71e-03, -8.18e-02, -2.91e-01, -3.21e-02, 5.68e-02, 3.97e-03, 7.11e-03]
23700 [-6.89e-03, 2.22e-01, 5.78e-01, 2.37e-02, -1.32e-04, -8.62e-02, -2.91e-01, -3.22e-02, 6.83e-02, 5.11e-03, 1.50e-02]
23750 [-9.43e-03, 2.26e-01, 5.97e-01, 2.16e-02, 2.65e-02, -9.19e-02, -2.91e-01, -3.23e-02, 6.28e-02, 6.41e-03, 2.03e-02]
23800 [2.22e-03, 2.12e-01, 4.75e-01, 2.16e-02, 3.48e-02, -4.91e-04, -2.91e-01, -3.29e-02, 6.01e-02, 1.12e-02, 1.73e-02]
23850 [-2.19e-03, 2.19e-01, 4.95e-01, 2.18e-02, -1.97e-02, -4.68e-02, -2.91e-01, -3.28e-02, 5.45e-02, 1.63e-03, 1.60e-02]
23900 [-6.42e-03, 2.27e-01, 5.39e-01, 2.06e-02, -4.24e-03, -8.73e-02, -2.91e-01, -3.29e-02, 5.15e-02, -7.97e-04, 1.90e-02]
23950 [-1.17e-02, 2.34e-01, 5.84e-01, 1.87e-02, -2.45e-03, -1.03e-01, -2.91e-01, -3.26e-02, 4.92e-02, 1.02e-03, 2.68e-02]
24000 [4.05e-03, 2.30e-01, 5.04e-01, 1.94e-02, 1.00e-03, -2.05e-02, -2.91e-01, -3.29e-02, 5.39e-02, 5.49e-03, 2.61e-02]
24050 [2.19e-04, 2.36e-01, 5.29e-01, 1.88e-02, 1.87e-03, -7.16e-02, -2.91e-01, -3.30e-02, 4.14e-02, 4.07e-03, 2.43e-02]
24100 [2.17e-02, 2.40e-01, 5.49e-01, -9.57e-03, -2.17e-02, -5.48e-02, -2.91e-01, -4.35e-02, 5.81e-02, -1.10e-02, 2.80e-02]
24150 [-5.29e-03, 2.02e-01, 4.68e-01, -1.45e-03, 4.76e-03, -1.59e-02, -2.91e-01, -3.54e-02, 1.51e-02, 6.11e-03, 2.28e-02]
24200 [-1.16e-02, 2.15e-01, 5.05e-01, -1.27e-03, 6.55e-03, -6.71e-02, -2.91e-01, -3.52e-02, 2.80e-02, 4.46e-03, 2.70e-02]
24250 [-1.92e-02, 2.28e-01, 5.60e-01, -2.19e-03, 8.46e-03, -1.09e-01, -2.91e-01, -3.48e-02, 4.15e-02, 4.52e-03, 3.59e-02]
24300 [-7.38e-02, 1.60e-01, 2.92e-01, 1.72e-02, -1.00e-02, 2.88e-02, -2.91e-01, 3.25e-02, -3.41e-02, -1.62e-02, 2.16e-02]
24350 [3.45e-02, 1.68e-01, 3.43e-01, 1.44e-02, -3.67e-02, 1.29e-03, -2.91e-01, 2.61e-02, 2.34e-03, -4.51e-03, 2.47e-02]
24400 [4.84e-02, 1.83e-01, 4.13e-01, 7.18e-03, -1.69e-02, -3.24e-02, -2.91e-01, 2.28e-02, 1.85e-02, -1.26e-03, 2.71e-02]
24450 [6.39e-02, 2.00e-01, 4.77e-01, 1.20e-02, -1.28e-02, -7.15e-02, -2.91e-01, 1.82e-02, 2.75e-02, -1.00e-03, 3.03e-02]
24500 [-2.07e-02, 2.00e-01, 4.87e-01, -4.31e-02, 1.74e-03, -3.76e-02, -2.91e-01, 1.49e-02, 7.93e-02, -3.93e-03, 3.72e-02]
24550 [-4.27e-02, 2.05e-01, 4.91e-01, -2.28e-02, 6.27e-03, -5.11e-02, -2.91e-01, 1.85e-02, 5.66e-02, -2.88e-03, 2.96e-02]
24600 [-5.56e-02, 2.18e-01, 5.40e-01, -1.68e-02, 2.68e-03, -9.43e-02, -2.91e-01, 1.93e-02, 5.36e-02, -1.22e-03, 3.17e-02]
24650 [-7.97e-02, -8.68e-02, 6.73e-02, 5.58e-02, 4.47e-02, -7.22e-03, -2.99e-01, 1.20e-01, 4.12e-02, -2.00e-02, 2.88e-02]
24700 [6.95e-02, 2.83e-02, 1.62e-01, 7.75e-02, -1.66e-02, -4.42e-02, -3.00e-01, 1.30e-01, 6.44e-02, 8.23e-03, 4.01e-02]
24750 [8.68e-02, 4.02e-02, 2.21e-01, 6.47e-02, -1.45e-02, -4.72e-02, -3.00e-01, 1.32e-01, 5.60e-02, 8.76e-03, 3.98e-02]
24800 [9.96e-02, 4.92e-02, 2.73e-01, 5.47e-02, -1.74e-02, -5.34e-02, -3.00e-01, 1.33e-01, 4.70e-02, 8.81e-03, 3.93e-02]
24850 [1.10e-01, 5.53e-02, 3.21e-01, 4.66e-02, -2.10e-02, -6.15e-02, -3.00e-01, 1.34e-01, 3.72e-02, 8.77e-03, 3.96e-02]
24900 [1.18e-01, 6.05e-02, 3.63e-01, 4.04e-02, -2.49e-02, -7.09e-02, -3.00e-01, 1.34e-01, 2.82e-02, 8.71e-03, 4.13e-02]
24950 [1.25e-01, 6.52e-02, 4.00e-01, 3.57e-02, -2.92e-02, -8.10e-02, -3.00e-01, 1.35e-01, 2.09e-02, 8.78e-03, 4.47e-02]
25000 [1.32e-01, 6.95e-02, 4.35e-01, 3.22e-02, -3.35e-02, -9.14e-02, -3.00e-01, 1.36e-01, 1.55e-02, 9.04e-03, 4.96e-02]
25000 [1.32e-01, 6.95e-02, 4.35e-01, 3.22e-02, -3.35e-02, -9.14e-02, -3.00e-01, 1.36e-01, 1.55e-02, 9.04e-03, 4.96e-02]
25050 [2.73e-02, -2.73e-03, 4.31e-01, -2.57e-02, 3.09e-02, 4.45e-02, -2.45e-01, 9.85e-02, -2.67e-02, -5.19e-02, 3.75e-03]
25100 [2.62e-02, 1.46e-02, 4.24e-01, -2.53e-02, 3.12e-02, 3.67e-02, -2.45e-01, 9.80e-02, -2.30e-02, -4.74e-02, 2.88e-03]
25150 [2.69e-02, 3.18e-02, 4.24e-01, -2.51e-02, 3.15e-02, 2.53e-02, -2.45e-01, 9.80e-02, -2.17e-02, -4.69e-02, 3.47e-03]
25200 [2.77e-02, 4.68e-02, 4.32e-01, -2.47e-02, 3.15e-02, 1.00e-02, -2.45e-01, 9.80e-02, -1.93e-02, -4.64e-02, 3.97e-03]
25250 [2.85e-02, 5.93e-02, 4.45e-01, -2.42e-02, 3.15e-02, -8.45e-03, -2.45e-01, 9.80e-02, -1.58e-02, -4.58e-02, 4.46e-03]
25300 [2.92e-02, 7.01e-02, 4.62e-01, -2.36e-02, 3.14e-02, -2.94e-02, -2.45e-01, 9.80e-02, -1.07e-02, -4.52e-02, 5.06e-03]
25350 [2.99e-02, 7.87e-02, 4.85e-01, -2.30e-02, 3.13e-02, -5.23e-02, -2.45e-01, 9.80e-02, -3.10e-03, -4.45e-02, 6.11e-03]
25400 [3.06e-02, 8.64e-02, 5.12e-01, -2.25e-02, 3.13e-02, -7.52e-02, -2.45e-01, 9.80e-02, 6.27e-03, -4.36e-02, 7.71e-03]
25450 [3.12e-02, 9.29e-02, 5.42e-01, -2.21e-02, 3.13e-02, -9.69e-02, -2.45e-01, 9.80e-02, 1.61e-02, -4.26e-02, 1.00e-02]
25500 [3.16e-02, 9.83e-02, 5.73e-01, -2.21e-02, 3.14e-02, -1.17e-01, -2.45e-01, 9.80e-02, 2.47e-02, -4.16e-02, 1.31e-02]
25550 [3.18e-02, 1.03e-01, 6.04e-01, -2.25e-02, 3.15e-02, -1.36e-01, -2.45e-01, 9.80e-02, 3.16e-02, -4.05e-02, 1.69e-02]
25600 [3.20e-02, 1.07e-01, 6.32e-01, -2.25e-02, 3.17e-02, -1.41e-01, -2.45e-01, 9.80e-02, 3.97e-02, -3.94e-02, 2.06e-02]
25650 [3.23e-02, 1.10e-01, 6.54e-01, -2.20e-02, 3.19e-02, -1.40e-01, -2.45e-01, 9.80e-02, 4.74e-02, -3.83e-02, 2.38e-02]
25700 [3.13e-02, 1.12e-01, 6.46e-01, -2.21e-02, 3.21e-02, -7.98e-02, -2.45e-01, 9.80e-02, 5.27e-02, -3.72e-02, 2.46e-02]
25750 [3.14e-02, 1.15e-01, 6.61e-01, -2.21e-02, 3.21e-02, -1.14e-01, -2.45e-01, 9.80e-02, 5.17e-02, -3.61e-02, 2.42e-02]
25800 [3.15e-02, 1.18e-01, 6.83e-01, -2.19e-02, 3.22e-02, -1.33e-01, -2.45e-01, 9.80e-02, 5.85e-02, -3.48e-02, 2.71e-02]
25850 [2.18e-02, 1.12e-01, 5.47e-01, -2.23e-02, 3.26e-02, 1.40e-02, -2.45e-01, 9.80e-02, 5.05e-02, -3.28e-02, 2.19e-02]
25900 [2.18e-02, 1.23e-01, 5.41e-01, -2.22e-02, 3.26e-02, -3.88e-02, -2.45e-01, 9.80e-02, 5.06e-02, -3.13e-02, 1.99e-02]
25950 [2.21e-02, 1.30e-01, 5.64e-01, -2.20e-02, 3.25e-02, -8.14e-02, -2.45e-01, 9.80e-02, 5.65e-02, -3.02e-02, 2.08e-02]
26000 [2.24e-02, 1.36e-01, 6.00e-01, -2.17e-02, 3.25e-02, -1.15e-01, -2.45e-01, 9.80e-02, 6.18e-02, -2.91e-02, 2.35e-02]
26050 [2.18e-02, 1.40e-01, 6.21e-01, -2.09e-02, 3.28e-02, -8.40e-02, -2.45e-01, 9.80e-02, 6.48e-02, -2.77e-02, 2.68e-02]
26100 [1.98e-02, 1.42e-01, 5.95e-01, -2.03e-02, 3.29e-02, -6.56e-02, -2.45e-01, 9.80e-02, 5.32e-02, -2.66e-02, 2.41e-02]
26150 [1.97e-02, 1.50e-01, 6.21e-01, -2.01e-02, 3.29e-02, -1.10e-01, -2.45e-01, 9.80e-02, 5.66e-02, -2.54e-02, 2.48e-02]
26200 [1.82e-02, 1.51e-01, 6.22e-01, -1.96e-02, 3.32e-02, -6.54e-02, -2.45e-01, 9.80e-02, 6.20e-02, -2.42e-02, 2.78e-02]
26250 [1.73e-02, 1.56e-01, 6.22e-01, -1.92e-02, 3.32e-02, -9.67e-02, -2.45e-01, 9.80e-02, 5.73e-02, -2.30e-02, 2.71e-02]
26300 [1.57e-02, 1.58e-01, 6.21e-01, -1.89e-02, 3.35e-02, -5.54e-02, -2.45e-01, 9.80e-02, 6.33e-02, -2.19e-02, 3.07e-02]
26350 [3.64e-03, 1.32e-01, 4.56e-01, -1.88e-02, 3.36e-02, -1.86e-03, -2.45e-01, 9.80e-02, 3.22e-02, -2.02e-02, 2.47e-02]
26400 [2.29e-03, 1.52e-01, 4.89e-01, -1.86e-02, 3.36e-02, -5.43e-02, -2.45e-01, 9.80e-02, 3.90e-02, -1.90e-02, 2.53e-02]
26450 [9.07e-04, 1.65e-01, 5.40e-01, -1.87e-02, 3.35e-02, -9.89e-02, -2.45e-01, 9.80e-02, 4.74e-02, -1.78e-02, 2.89e-02]
26500 [-5.38e-04, 1.75e-01, 5.95e-01, -1.88e-02, 3.36e-02, -1.34e-01, -2.45e-01, 9.80e-02, 5.31e-02, -1.63e-02, 3.40e-02]
26550 [-1.19e-04, 7.25e-02, 2.40e-01, -1.27e-02, 3.30e-02, -6.88e-03, -2.45e-01, 9.80e-02, -5.50e-02, -1.70e-02, 1.91e-02]
26600 [-1.27e-03, 9.69e-02, 3.33e-01, -1.17e-02, 3.29e-02, -3.64e-02, -2.45e-01, 9.80e-02, -3.65e-02, -1.60e-02, 1.94e-02]
26650 [-3.80e-03, 1.30e-01, 4.20e-01, -1.17e-02, 3.27e-02, -6.29e-02, -2.45e-01, 9.80e-02, -2.02e-02, -1.48e-02, 2.30e-02]
26700 [-7.05e-03, 1.53e-01, 4.91e-01, -1.28e-02, 3.21e-02, -9.38e-02, -2.45e-01, 9.80e-02, 3.22e-03, -1.32e-02, 3.07e-02]
26750 [-1.03e-02, 1.70e-01, 5.54e-01, -1.42e-02, 1.91e-02, -1.22e-01, -2.45e-01, 9.80e-02, 2.68e-02, -4.80e-03, 4.13e-02]
26800 [-1.33e-02, 1.82e-01, 6.09e-01, -1.56e-02, 1.86e-02, -1.47e-01, -2.45e-01, 9.80e-02, 4.30e-02, -7.72e-04, 5.30e-02]
26850 [1.14e-02, 2.31e-02, 3.32e-01, -4.13e-03, 1.02e-02, -1.79e-02, -2.45e-01, 9.80e-02, -5.96e-02, 1.69e-03, 3.65e-02]
26900 [4.90e-03, 5.40e-02, 4.09e-01, -7.67e-03, 9.45e-03, -5.77e-02, -2.45e-01, 9.79e-02, -9.25e-03, -4.51e-04, 3.71e-02]
26950 [3.59e-03, 8.84e-02, 4.96e-01, -9.35e-03, 9.69e-03, -9.19e-02, -2.45e-01, 9.79e-02, 2.30e-03, 2.30e-04, 4.24e-02]
27000 [1.82e-03, 1.18e-01, 5.67e-01, -1.14e-02, 2.11e-03, -1.24e-01, -2.45e-01, 9.79e-02, 1.91e-02, 1.30e-03, 5.13e-02]
27050 [-2.00e-04, 1.41e-01, 6.28e-01, -1.41e-02, 2.07e-03, -1.50e-01, -2.45e-01, 9.79e-02, 3.65e-02, 2.38e-03, 6.32e-02]
27100 [4.67e-03, 8.99e-02, 3.73e-01, -6.26e-03, 2.13e-03, 6.50e-02, -2.45e-01, 9.79e-02, 2.71e-02, 6.61e-03, 5.03e-02]
27150 [1.18e-02, 1.12e-01, 3.58e-01, -5.70e-04, 2.21e-03, 3.51e-03, -2.45e-01, 9.79e-02, -1.68e-02, 4.46e-03, 4.37e-02]
27200 [1.17e-02, 1.50e-01, 4.18e-01, -1.79e-03, 2.05e-03, -2.72e-02, -2.45e-01, 9.79e-02, -7.67e-03, 1.98e-03, 4.41e-02]
27250 [1.11e-02, 1.77e-01, 4.74e-01, -2.72e-03, 6.45e-04, -6.30e-02, -2.45e-01, 9.79e-02, 4.91e-03, 1.05e-03, 4.67e-02]
27300 [1.04e-02, 1.97e-01, 5.31e-01, -3.65e-03, 8.26e-04, -9.72e-02, -2.45e-01, 9.78e-02, 2.13e-02, 9.58e-04, 5.28e-02]
27350 [9.38e-03, 2.12e-01, 5.86e-01, -4.91e-03, 1.13e-03, -1.26e-01, -2.45e-01, 9.78e-02, 3.47e-02, 1.05e-03, 6.24e-02]
27400 [8.17e-03, 2.24e-01, 6.35e-01, -6.54e-03, 7.48e-04, -1.51e-01, -2.45e-01, 9.78e-02, 4.30e-02, 1.52e-03, 7.45e-02]
27450 [-5.05e-02, 1.13e-01, 3.11e-01, -4.26e-03, -2.28e-03, 1.61e-02, -2.45e-01, 9.78e-02, 1.09e-02, -5.92e-03, 5.91e-02]
27500 [-7.28e-02, 1.50e-01, 3.69e-01, 4.58e-03, -2.73e-03, -1.60e-02, -2.45e-01, 9.79e-02, 4.75e-03, -3.93e-04, 5.76e-02]
27550 [1.67e-02, 1.79e-01, 4.11e-01, 4.97e-02, 2.03e-02, -4.74e-02, -2.45e-01, 9.67e-02, 5.58e-03, -7.05e-04, 5.87e-02]
27600 [4.29e-02, 1.99e-01, 4.74e-01, 1.30e-02, 2.27e-02, -7.92e-02, -2.45e-01, 9.63e-02, 1.71e-02, 7.43e-04, 6.20e-02]
27650 [4.77e-02, 2.18e-01, 5.36e-01, 1.25e-02, 2.28e-02, -1.11e-01, -2.45e-01, 9.63e-02, 2.29e-02, 2.19e-03, 6.92e-02]
27700 [5.21e-02, 2.33e-01, 5.91e-01, 1.31e-02, 2.10e-02, -1.39e-01, -2.45e-01, 9.63e-02, 3.00e-02, 8.18e-04, 8.09e-02]
27750 [-1.13e-02, 1.78e-01, 5.11e-01, -3.59e-02, 1.04e-02, -3.37e-02, -2.45e-01, 9.63e-02, 4.33e-02, 8.09e-03, 7.90e-02]
27800 [-1.63e-02, 2.03e-01, 5.41e-01, -3.49e-02, 6.90e-03, -8.34e-02, -2.45e-01, 9.63e-02, 2.47e-02, -3.31e-03, 7.89e-02]
27850 [-2.25e-02, 2.24e-01, 5.92e-01, -3.53e-02, 6.05e-03, -1.22e-01, -2.45e-01, 9.64e-02, 3.08e-02, -1.05e-03, 8.83e-02]
27900 [8.72e-03, 2.03e-01, 5.31e-01, -8.18e-03, 3.66e-03, 1.13e-02, -2.45e-01, 9.65e-02, 8.20e-02, 3.11e-03, 9.33e-02]
27950 [9.78e-03, 2.12e-01, 4.91e-01, 1.54e-03, 2.31e-03, -2.26e-02, -2.45e-01, 9.66e-02, 3.13e-02, 4.76e-03, 8.14e-02]
28000 [8.00e-03, 2.36e-01, 5.23e-01, 7.02e-04, 1.15e-03, -7.54e-02, -2.45e-01, 9.66e-02, 2.91e-02, 1.07e-03, 8.13e-02]
28050 [5.89e-03, 2.52e-01, 5.77e-01, -1.31e-03, 1.33e-03, -1.16e-01, -2.45e-01, 9.66e-02, 3.18e-02, 1.38e-03, 8.99e-02]
28100 [-1.68e-03, 1.69e-01, 5.57e-01, -3.92e-03, -7.72e-03, -4.86e-02, -2.45e-01, 9.66e-02, 2.58e-02, -1.37e-02, 9.73e-02]
28150 [-6.06e-03, 1.76e-01, 5.85e-01, -5.50e-03, -7.90e-03, -9.71e-02, -2.45e-01, 9.66e-02, 1.84e-02, -1.02e-02, 1.04e-01]
28200 [-3.24e-03, 1.63e-01, 5.74e-01, -3.60e-03, -8.54e-03, -4.20e-02, -2.45e-01, 9.62e-02, 7.15e-02, -8.64e-03, 1.21e-01]
28250 [-1.27e-02, 6.72e-02, 5.09e-01, 2.37e-03, -7.94e-03, -1.87e-02, -2.45e-01, 9.61e-02, 4.48e-02, 2.75e-03, 1.16e-01]
28300 [-2.27e-02, 1.27e-01, 5.47e-01, 1.78e-03, -7.04e-03, -8.19e-02, -2.45e-01, 9.61e-02, 5.94e-02, 2.73e-03, 1.12e-01]
28350 [-3.31e-02, 1.65e-01, 6.19e-01, 1.03e-03, -3.87e-03, -1.30e-01, -2.45e-01, 9.61e-02, 5.89e-02, 4.61e-05, 1.20e-01]
28400 [3.19e-02, 1.12e-01, 1.53e-01, 2.01e-01, -1.64e-02, -5.63e-02, -2.88e-01, -1.61e-02, 1.41e-01, 1.14e-02, -1.46e-02]
28450 [-3.57e-02, 2.96e-02, -6.12e-01, -1.84e-02, 3.26e-01, -3.37e-02, 4.54e-03, 4.52e-02, 9.44e-02, -5.74e-03, -9.28e-02]
28500 [-4.73e-02, -4.49e-04, -7.27e-01, -6.05e-02, 2.69e-02, -1.15e-01, -2.20e-01, -1.05e-01, 3.05e-02, 8.80e-01, 4.31e-01]
28550 [-4.72e-02, -6.02e-04, -7.40e-01, -7.84e-02, 3.57e-02, -1.18e-01, -2.22e-01, -7.58e-02, 5.59e-02, 7.90e-01, 4.67e-01]
28600 [-4.71e-02, -5.98e-04, -7.40e-01, -7.71e-02, 1.49e-01, -1.16e-01, -2.22e-01, -4.20e-02, 4.80e-02, 8.06e-01, 4.59e-01]
28650 [-4.70e-02, -5.94e-04, -7.40e-01, -7.58e-02, 2.54e-01, -1.14e-01, -2.22e-01, -2.56e-02, 3.92e-02, 8.25e-01, 4.50e-01]
28700 [-4.69e-02, -5.91e-04, -7.40e-01, -7.48e-02, 3.13e-01, -1.13e-01, -2.22e-01, -1.81e-02, 3.17e-02, 8.39e-01, 4.43e-01]
28750 [-4.69e-02, -5.87e-04, -7.40e-01, -7.39e-02, 3.45e-01, -1.12e-01, -2.22e-01, -1.45e-02, 2.49e-02, 8.51e-01, 4.36e-01]
28800 [-4.69e-02, -5.84e-04, -7.40e-01, -7.33e-02, 3.63e-01, -1.10e-01, -2.22e-01, -1.27e-02, 1.88e-02, 8.62e-01, 4.30e-01]
28850 [-4.69e-02, -5.81e-04, -7.40e-01, -7.27e-02, 3.73e-01, -1.09e-01, -2.22e-01, -1.18e-02, 1.32e-02, 8.71e-01, 4.25e-01]
28900 [-4.68e-02, -5.78e-04, -7.40e-01, -7.23e-02, 3.78e-01, -1.08e-01, -2.22e-01, -1.14e-02, 8.21e-03, 8.78e-01, 4.20e-01]
28950 [-4.68e-02, -5.75e-04, -7.40e-01, -7.20e-02, 3.83e-01, -1.07e-01, -2.22e-01, -1.12e-02, 3.66e-03, 8.85e-01, 4.16e-01]
29000 [-4.68e-02, -5.72e-04, -7.40e-01, -7.17e-02, 3.87e-01, -1.06e-01, -2.22e-01, -1.11e-02, -4.80e-04, 8.90e-01, 4.13e-01]
29050 [-4.68e-02, -5.69e-04, -7.40e-01, -7.15e-02, 3.92e-01, -1.05e-01, -2.22e-01, -1.11e-02, -4.25e-03, 8.95e-01, 4.09e-01]
29100 [-4.68e-02, -5.66e-04, -7.40e-01, -7.13e-02, 3.98e-01, -1.04e-01, -2.22e-01, -1.11e-02, -7.69e-03, 9.00e-01, 4.07e-01]
29150 [-4.68e-02, -5.64e-04, -7.40e-01, -7.12e-02, 4.06e-01, -1.03e-01, -2.22e-01, -1.11e-02, -1.08e-02, 9.03e-01, 4.04e-01]
29200 [-4.68e-02, -5.61e-04, -7.40e-01, -7.11e-02, 4.17e-01, -1.02e-01, -2.22e-01, -1.10e-02, -1.37e-02, 9.07e-01, 4.02e-01]
29250 [-4.68e-02, -5.59e-04, -7.40e-01, -7.10e-02, 4.29e-01, -1.01e-01, -2.22e-01, -1.09e-02, -1.63e-02, 9.10e-01, 4.00e-01]
29300 [-4.68e-02, -5.56e-04, -7.40e-01, -7.10e-02, 4.45e-01, -1.01e-01, -2.22e-01, -1.08e-02, -1.88e-02, 9.12e-01, 3.98e-01]
29350 [-4.68e-02, -5.54e-04, -7.40e-01, -7.09e-02, 4.62e-01, -9.99e-02, -2.22e-01, -1.06e-02, -2.10e-02, 9.15e-01, 3.96e-01]
29400 [-4.68e-02, -5.52e-04, -7.40e-01, -7.09e-02, 4.82e-01, -9.92e-02, -2.22e-01, -1.04e-02, -2.30e-02, 9.17e-01, 3.95e-01]
29450 [-4.68e-02, -5.50e-04, -7.40e-01, -7.09e-02, 5.04e-01, -9.86e-02, -2.22e-01, -1.02e-02, -2.49e-02, 9.19e-01, 3.94e-01]
29500 [-4.68e-02, -5.47e-04, -7.40e-01, -7.09e-02, 5.28e-01, -9.79e-02, -2.22e-01, -9.98e-03, -2.67e-02, 9.20e-01, 3.92e-01]
29550 [-4.68e-02, -5.45e-04, -7.40e-01, -7.09e-02, 5.54e-01, -9.73e-02, -2.22e-01, -9.75e-03, -2.83e-02, 9.22e-01, 3.91e-01]
29600 [-4.68e-02, -5.43e-04, -7.40e-01, -7.08e-02, 5.81e-01, -9.68e-02, -2.22e-01, -9.51e-03, -2.98e-02, 9.23e-01, 3.90e-01]
29650 [-4.69e-02, -5.41e-04, -7.40e-01, -7.08e-02, 6.09e-01, -9.62e-02, -2.22e-01, -9.27e-03, -3.12e-02, 9.24e-01, 3.90e-01]
29700 [-4.69e-02, -5.40e-04, -7.40e-01, -7.08e-02, 6.38e-01, -9.57e-02, -2.22e-01, -9.04e-03, -3.24e-02, 9.25e-01, 3.89e-01]
29750 [-4.69e-02, -5.38e-04, -7.40e-01, -7.08e-02, 6.68e-01, -9.52e-02, -2.22e-01, -8.80e-03, -3.36e-02, 9.26e-01, 3.88e-01]
29800 [-4.69e-02, -5.36e-04, -7.40e-01, -7.08e-02, 6.98e-01, -9.47e-02, -2.22e-01, -8.56e-03, -3.47e-02, 9.27e-01, 3.87e-01]
29850 [-4.69e-02, -5.35e-04, -7.40e-01, -7.08e-02, 7.29e-01, -9.42e-02, -2.22e-01, -8.33e-03, -3.57e-02, 9.28e-01, 3.87e-01]
29900 [-4.69e-02, -5.33e-04, -7.40e-01, -7.08e-02, 7.60e-01, -9.38e-02, -2.22e-01, -8.10e-03, -3.66e-02, 9.28e-01, 3.86e-01]
29950 [-4.69e-02, -5.32e-04, -7.40e-01, -7.08e-02, 7.92e-01, -9.34e-02, -2.22e-01, -7.87e-03, -3.75e-02, 9.29e-01, 3.86e-01]
30000 [-4.69e-02, -5.30e-04, -7.40e-01, -7.08e-02, 8.23e-01, -9.29e-02, -2.22e-01, -7.64e-03, -3.83e-02, 9.30e-01, 3.85e-01]
