0 [0.00e+00, 0.00e+00, 0.00e+00, 0.00e+00, 0.00e+00, 0.00e+00, 0.00e+00, 0.00e+00, 0.00e+00, 0.00e+00, 0.00e+00, 0.00e+00]
700 [1.06e-06, 5.31e-02, 3.74e-09, 7.69e-02, 2.24e-10, 3.89e-02, 1.63e-16, 4.45e-02, 8.27e-02, 2.78e-05, 7.61e-02, 1.19e-04]
1400 [2.52e-06, 3.67e-02, 9.47e-09, 7.56e-02, 5.84e-10, 5.90e-05, 5.16e-16, 2.97e-05, 8.14e-02, 2.46e-03, 7.26e-02, 8.77e-03]
2100 [3.83e-06, 5.06e-05, 1.46e-08, 3.55e-02, 9.04e-10, 7.05e-05, 8.24e-16, 4.47e-05, 6.66e-02, 7.58e-03, 3.22e-02, 1.29e-02]
2800 [4.54e-06, 1.55e-05, 1.74e-08, 2.98e-03, 1.08e-09, 2.24e-05, 9.92e-16, 2.87e-06, 3.44e-02, 4.04e-03, 7.45e-05, 5.18e-05]
3500 [4.63e-06, 3.76e-06, 1.77e-08, 2.67e-06, 1.10e-09, 8.61e-06, 1.01e-15, 2.89e-06, 4.80e-04, 2.91e-04, 8.41e-05, 1.05e-04]
4200 [4.71e-06, 4.56e-06, 1.80e-08, 4.08e-06, 1.12e-09, 1.09e-05, 1.03e-15, 5.82e-06, 4.85e-06, 4.20e-04, 1.44e-04, 9.07e-05]
4900 [4.84e-06, 5.36e-06, 1.85e-08, 5.44e-06, 1.16e-09, 1.33e-05, 1.06e-15, 9.00e-06, 3.11e-05, 4.54e-04, 2.55e-04, 3.06e-05]
5600 [5.03e-06, 6.81e-06, 1.93e-08, 7.21e-06, 1.21e-09, 1.68e-05, 1.10e-15, 1.37e-05, 1.23e-04, 1.36e-04, 3.57e-04, 6.09e-04]
6300 [5.34e-06, 8.74e-06, 2.04e-08, 9.92e-06, 1.29e-09, 2.20e-05, 1.16e-15, 2.10e-05, 2.10e-04, 3.72e-04, 5.07e-04, 1.19e-03]
7000 [5.80e-06, 1.23e-05, 2.20e-08, 1.46e-05, 1.40e-09, 3.03e-05, 1.24e-15, 3.25e-05, 3.17e-04, 7.51e-04, 7.06e-04, 1.75e-03]
7700 [6.47e-06, 2.01e-05, 2.43e-08, 2.37e-05, 1.56e-09, 4.52e-05, 1.34e-15, 5.22e-05, 5.04e-04, 1.12e-03, 9.96e-04, 2.27e-03]
8400 [7.46e-06, 3.95e-05, 2.76e-08, 4.51e-05, 1.78e-09, 7.60e-05, 1.47e-15, 9.09e-05, 8.39e-04, 1.55e-03, 1.45e-03, 2.77e-03]
9100 [9.04e-06, 1.01e-04, 3.25e-08, 1.11e-04, 2.09e-09, 1.63e-04, 1.63e-15, 1.95e-04, 1.42e-03, 2.15e-03, 2.16e-03, 3.42e-03]
9800 [1.28e-05, 6.03e-04, 4.28e-08, 6.40e-04, 2.66e-09, 8.16e-04, 1.85e-15, 9.57e-04, 2.36e-03, 2.91e-03, 3.11e-03, 4.27e-03]
10500 [4.39e-05, 4.00e-03, 1.15e-07, 4.16e-03, 6.16e-09, 4.79e-03, 2.77e-15, 5.23e-03, 3.40e-03, 3.62e-03, 3.93e-03, 4.89e-03]
11200 [8.18e-05, 4.44e-03, 1.88e-07, 4.53e-03, 9.42e-09, 4.91e-03, 3.33e-15, 5.12e-03, 4.63e-03, 4.46e-03, 4.69e-03, 5.80e-03]
11900 [1.13e-04, 4.71e-03, 2.34e-07, 4.76e-03, 1.12e-08, 4.96e-03, 3.50e-15, 5.06e-03, 4.73e-03, 3.78e-03, 4.60e-03, 5.32e-03]
12600 [1.33e-04, 4.84e-03, 2.55e-07, 4.87e-03, 1.19e-08, 4.98e-03, 3.52e-15, 5.03e-03, 4.83e-03, 5.49e-03, 4.58e-03, 6.65e-03]
13300 [1.42e-04, 4.91e-03, 2.60e-07, 4.93e-03, 1.20e-08, 4.98e-03, 3.53e-15, 5.01e-03, 4.66e-03, 5.63e-03, 4.43e-03, 6.69e-03]
14000 [1.45e-04, 4.95e-03, 2.61e-07, 4.96e-03, 1.21e-08, 4.98e-03, 3.53e-15, 4.99e-03, 4.81e-03, 5.00e-03, 4.56e-03, 5.97e-03]
14700 [1.45e-04, 4.97e-03, 2.61e-07, 4.97e-03, 1.21e-08, 4.98e-03, 3.53e-15, 4.98e-03, 4.95e-03, 5.55e-03, 4.78e-03, 6.11e-03]
15400 [1.45e-04, 4.97e-03, 2.61e-07, 4.97e-03, 1.21e-08, 4.97e-03, 3.53e-15, 4.97e-03, 4.43e-03, 9.12e-03, 4.49e-03, 9.81e-03]
16100 [1.45e-04, 4.98e-03, 2.61e-07, 4.98e-03, 1.21e-08, 4.97e-03, 3.53e-15, 4.96e-03, 4.53e-03, 5.29e-03, 4.00e-03, 5.96e-03]
16800 [1.46e-04, 4.98e-03, 2.61e-07, 4.98e-03, 1.21e-08, 4.97e-03, 3.53e-15, 4.96e-03, 4.62e-03, 6.56e-03, 4.15e-03, 6.77e-03]
17500 [1.81e-04, 4.98e-03, 2.81e-07, 4.97e-03, 1.25e-08, 4.95e-03, 3.53e-15, 4.95e-03, 5.13e-03, 5.27e-03, 4.84e-03, 4.89e-03]
18200 [8.36e-04, 4.97e-03, 1.44e-06, 4.96e-03, 6.28e-08, 4.95e-03, 1.31e-14, 4.94e-03, 4.90e-03, 5.57e-03, 4.78e-03, 5.15e-03]
18900 [5.80e-03, 4.96e-03, 2.09e-05, 4.95e-03, 1.31e-06, 4.93e-03, 1.63e-12, 4.93e-03, 4.66e-03, 3.79e-03, 4.54e-03, 3.61e-03]
19600 [2.72e-02, 4.93e-03, 1.70e-04, 4.91e-03, 1.41e-05, 4.90e-03, 7.12e-11, 4.90e-03, 4.67e-03, 5.38e-03, 4.79e-03, 4.82e-03]
20300 [1.10e-01, 4.78e-03, 1.24e-03, 4.76e-03, 1.40e-04, 4.75e-03, 3.59e-09, 4.75e-03, 4.61e-03, 6.29e-03, 4.69e-03, 5.44e-03]
21000 [2.67e-01, 2.39e-05, 5.40e-03, 6.77e-07, 8.60e-04, 5.88e-06, 1.45e-07, 7.40e-04, 3.57e-03, 4.01e-03, 3.83e-03, 3.64e-03]
21700 [2.46e-01, 1.22e-05, 4.40e-03, 4.68e-03, 6.71e-04, 4.87e-06, 8.25e-08, 9.25e-05, 3.78e-03, 6.28e-03, 4.60e-03, 7.37e-03]
22400 [1.56e-01, 1.58e-03, 4.51e-06, 4.35e-03, 2.38e-06, 1.22e-05, 1.49e-09, 1.92e-05, 3.54e-03, 4.60e-03, 4.13e-03, 6.12e-03]
23100 [4.11e-02, 1.47e-03, 1.30e-06, 4.44e-03, 2.04e-06, 3.19e-04, 3.14e-09, 2.57e-04, 3.33e-03, 4.89e-03, 3.95e-03, 6.34e-03]
23800 [2.33e-01, 1.20e-02, 2.37e-04, 1.22e-02, 2.56e-05, 1.16e-02, 1.83e-10, 1.20e-02, 8.16e-04, 3.28e-03, 2.93e-03, 3.51e-03]
24500 [2.47e-01, 5.72e-05, 4.50e-04, 5.15e-03, 9.56e-05, 1.62e-06, 8.13e-09, 2.66e-05, 1.62e-03, 4.16e-03, 3.59e-03, 6.05e-03]
25200 [1.36e-01, 1.52e-02, 2.63e-05, 5.59e-04, 7.09e-06, 1.18e-04, 1.53e-08, 1.64e-04, 2.03e-03, 6.63e-03, 3.91e-03, 8.03e-03]
25900 [4.03e-02, 1.19e-02, 3.44e-04, 3.00e-05, 2.15e-04, 1.46e-04, 7.27e-07, 2.37e-04, 2.80e-03, 4.51e-03, 3.70e-03, 5.09e-03]
26600 [2.23e-02, 3.24e-03, 2.26e-03, 9.76e-05, 4.10e-03, 2.62e-04, 8.13e-06, 6.73e-04, 2.19e-03, 3.61e-03, 2.86e-03, 4.06e-03]
27300 [3.95e-06, 1.55e-01, 1.33e-07, 3.77e-01, 2.52e-08, 4.14e-01, 8.43e-12, 3.90e-01, 1.53e-02, 3.88e-01, 1.09e-01, 3.68e-01]
28000 [2.42e-06, 1.94e-01, 9.39e-08, 3.41e-01, 2.07e-08, 3.90e-01, 1.69e-11, 3.88e-01, 1.35e-02, 3.66e-01, 1.33e-01, 3.58e-01]
28700 [1.35e-06, 2.49e-01, 7.60e-08, 3.09e-01, 2.10e-08, 3.68e-01, 2.87e-11, 3.86e-01, 1.16e-02, 3.52e-01, 1.60e-01, 3.47e-01]
29400 [1.48e-06, 3.14e-01, 1.09e-07, 2.83e-01, 3.18e-08, 3.50e-01, 4.53e-11, 3.86e-01, 6.30e-04, 3.49e-01, 1.91e-01, 3.35e-01]
30100 [3.39e-06, 3.71e-01, 2.19e-07, 2.67e-01, 5.79e-08, 3.38e-01, 6.79e-11, 3.86e-01, 3.58e-05, 3.52e-01, 2.06e-01, 3.23e-01]
30800 [7.34e-06, 4.07e-01, 4.15e-07, 2.59e-01, 1.01e-07, 3.32e-01, 9.79e-11, 3.86e-01, 4.36e-05, 3.64e-01, 2.09e-01, 3.11e-01]
31500 [1.31e-05, 4.27e-01, 6.99e-07, 2.55e-01, 1.63e-07, 3.29e-01, 1.37e-10, 3.85e-01, 1.69e-05, 3.74e-01, 2.25e-01, 2.96e-01]
32200 [2.05e-05, 4.42e-01, 1.08e-06, 2.53e-01, 2.45e-07, 3.27e-01, 1.88e-10, 3.85e-01, 1.71e-05, 3.69e-01, 2.55e-01, 2.74e-01]
32900 [3.00e-05, 4.56e-01, 1.58e-06, 2.53e-01, 3.53e-07, 3.26e-01, 2.54e-10, 3.84e-01, 4.71e-05, 3.46e-01, 2.92e-01, 2.44e-01]
33600 [4.26e-05, 4.70e-01, 2.26e-06, 2.54e-01, 5.00e-07, 3.25e-01, 3.41e-10, 3.83e-01, 8.43e-05, 3.07e-01, 3.28e-01, 2.05e-01]
34300 [5.98e-05, 4.86e-01, 3.17e-06, 2.56e-01, 7.00e-07, 3.26e-01, 4.56e-10, 3.82e-01, 1.16e-04, 2.59e-01, 3.59e-01, 1.59e-01]
35000 [8.33e-05, 5.10e-01, 4.41e-06, 2.59e-01, 9.70e-07, 3.26e-01, 6.05e-10, 3.80e-01, 1.39e-04, 2.05e-01, 3.77e-01, 1.09e-01]
35700 [1.14e-04, 5.43e-01, 6.03e-06, 2.60e-01, 1.32e-06, 3.24e-01, 7.92e-10, 3.78e-01, 1.64e-04, 1.39e-01, 3.74e-01, 5.92e-02]
36400 [1.54e-04, 5.89e-01, 8.05e-06, 2.60e-01, 1.76e-06, 3.21e-01, 1.01e-09, 3.75e-01, 2.13e-04, 4.35e-02, 3.48e-01, 1.79e-02]
37100 [2.01e-04, 6.48e-01, 1.05e-05, 2.58e-01, 2.28e-06, 3.15e-01, 1.25e-09, 3.73e-01, 3.20e-04, 2.19e-04, 3.23e-01, 2.89e-05]
37800 [2.54e-04, 7.16e-01, 1.33e-05, 2.52e-01, 2.87e-06, 3.07e-01, 1.49e-09, 3.69e-01, 5.08e-04, 3.87e-04, 3.13e-01, 2.03e-05]
38500 [3.16e-04, 7.99e-01, 1.67e-05, 2.40e-01, 3.57e-06, 2.94e-01, 1.74e-09, 3.64e-01, 8.25e-04, 7.46e-04, 3.14e-01, 1.06e-03]
39200 [3.92e-04, 9.09e-01, 2.14e-05, 2.15e-01, 4.50e-06, 2.72e-01, 2.05e-09, 3.56e-01, 1.34e-03, 1.50e-03, 2.93e-01, 2.93e-02]
39900 [4.87e-04, 1.06e+00, 2.79e-05, 1.56e-01, 5.82e-06, 2.30e-01, 2.47e-09, 3.43e-01, 2.08e-03, 2.96e-03, 1.33e-01, 8.96e-02]
40600 [6.04e-04, 1.26e+00, 3.71e-05, 2.28e-04, 7.69e-06, 1.42e-01, 3.08e-09, 3.18e-01, 2.34e-03, 5.49e-03, 5.81e-02, 1.02e-01]
41300 [7.37e-04, 1.46e+00, 4.94e-05, 1.83e-04, 1.02e-05, 2.44e-04, 3.92e-09, 2.64e-01, 2.04e-03, 7.30e-03, 6.19e-02, 6.21e-02]
42000 [8.99e-04, 1.68e+00, 6.63e-05, 1.61e-04, 1.35e-05, 2.23e-04, 5.14e-09, 1.46e-01, 1.40e-03, 7.28e-03, 2.29e-02, 9.10e-05]
42700 [1.03e-03, 1.76e+00, 7.93e-05, 3.07e-06, 1.60e-05, 8.64e-05, 6.05e-09, 1.38e-03, 3.18e-05, 8.71e-04, 2.28e-03, 3.37e-03]
43400 [1.17e-03, 1.75e+00, 8.66e-05, 1.39e-04, 1.75e-05, 9.42e-05, 6.63e-09, 6.84e-05, 6.00e-04, 8.92e-04, 3.32e-03, 4.62e-03]
44100 [1.37e-03, 1.74e+00, 9.72e-05, 2.95e-04, 1.97e-05, 2.04e-04, 7.45e-09, 1.48e-04, 1.33e-03, 1.30e-03, 2.16e-03, 7.04e-04]
44800 [1.65e-03, 1.73e+00, 1.12e-04, 4.29e-04, 2.28e-05, 2.95e-04, 8.59e-09, 2.13e-04, 2.26e-03, 1.94e-03, 3.48e-03, 7.80e-03]
45500 [2.05e-03, 1.69e+00, 1.35e-04, 2.66e-04, 2.74e-05, 1.69e-04, 1.02e-08, 1.19e-04, 3.49e-03, 3.03e-03, 4.28e-03, 2.34e-03]
46200 [2.64e-03, 1.58e+00, 1.68e-04, 3.57e-04, 3.42e-05, 2.37e-04, 1.26e-08, 1.69e-04, 5.23e-03, 4.10e-03, 2.52e-03, 5.47e-03]
46900 [3.63e-03, 1.19e+00, 2.21e-04, 1.84e-03, 4.50e-05, 1.45e-03, 1.62e-08, 1.12e-03, 8.04e-03, 4.09e-03, 4.13e-03, 2.59e-03]
47600 [6.32e-03, 4.73e-01, 3.50e-04, 1.53e-03, 7.10e-05, 1.23e-03, 2.47e-08, 9.70e-04, 1.30e-02, 5.16e-03, 3.85e-03, 3.03e-03]
48300 [1.46e-02, 2.93e-01, 7.18e-04, 4.13e-03, 1.45e-04, 3.62e-03, 4.91e-08, 3.07e-03, 1.30e-02, 5.59e-03, 3.93e-03, 1.44e-03]
49000 [2.94e-02, 2.71e-01, 1.36e-03, 5.42e-03, 2.74e-04, 5.08e-03, 9.04e-08, 4.65e-03, 1.99e-05, 5.07e-03, 2.87e-03, 3.68e-03]
49700 [5.10e-02, 2.62e-01, 2.28e-03, 4.92e-03, 4.58e-04, 4.71e-03, 1.48e-07, 4.46e-03, 9.48e-06, 4.97e-03, 4.24e-03, 6.68e-03]
50400 [9.26e-02, 1.74e-02, 4.04e-03, 9.76e-03, 8.10e-04, 9.96e-03, 2.60e-07, 9.86e-03, 1.52e-02, 9.08e-04, 3.19e-03, 5.89e-03]
51100 [9.95e-02, 8.84e-04, 4.30e-03, 2.88e-04, 8.59e-04, 1.13e-04, 2.64e-07, 3.30e-03, 1.95e-03, 6.53e-04, 3.33e-03, 9.88e-03]
51800 [9.63e-02, 1.26e-03, 4.12e-03, 3.99e-04, 8.17e-04, 1.69e-04, 2.30e-07, 3.06e-03, 3.71e-03, 9.65e-04, 2.97e-03, 1.88e-03]
52500 [9.19e-02, 1.93e-03, 3.89e-03, 7.14e-04, 7.63e-04, 3.33e-05, 1.85e-07, 3.72e-03, 2.27e-03, 1.41e-03, 2.88e-03, 5.12e-03]
53200 [8.63e-02, 8.28e-04, 3.61e-03, 5.85e-05, 6.96e-04, 5.41e-04, 1.29e-07, 2.45e-03, 5.61e-03, 1.69e-03, 4.05e-03, 2.67e-03]
53900 [7.96e-02, 1.65e-03, 3.29e-03, 7.87e-04, 6.20e-04, 1.54e-03, 6.44e-08, 3.72e-03, 2.98e-03, 2.20e-03, 4.06e-03, 8.49e-03]
54600 [7.25e-02, 1.96e-03, 2.98e-03, 1.14e-03, 5.46e-04, 1.38e-03, 3.25e-11, 1.88e-03, 1.12e-04, 3.04e-03, 3.41e-03, 4.39e-03]
55300 [6.62e-02, 6.61e-04, 2.75e-03, 2.28e-04, 4.88e-04, 3.35e-04, 7.03e-11, 1.54e-04, 1.14e-02, 3.33e-03, 4.13e-03, 5.50e-03]
56000 [6.23e-02, 1.72e-03, 2.67e-03, 1.43e-03, 4.59e-04, 5.58e-04, 1.37e-11, 1.91e-03, 7.80e-03, 4.70e-03, 3.57e-03, 5.36e-03]
56700 [6.29e-02, 8.06e-04, 2.80e-03, 5.65e-04, 4.68e-04, 3.26e-06, 2.41e-11, 5.66e-04, 4.33e-03, 3.09e-04, 3.82e-03, 2.40e-03]
57400 [7.19e-02, 1.36e-03, 3.15e-03, 9.95e-04, 5.13e-04, 1.69e-03, 1.40e-10, 9.79e-04, 2.45e-03, 1.41e-03, 3.12e-03, 6.02e-03]
58100 [8.80e-02, 1.32e-03, 3.68e-03, 1.64e-03, 5.85e-04, 8.33e-04, 6.10e-11, 1.79e-03, 3.12e-03, 3.15e-03, 3.90e-03, 7.34e-03]
58800 [1.13e-01, 1.47e-03, 4.39e-03, 4.50e-04, 6.75e-04, 9.81e-04, 1.02e-10, 1.29e-03, 3.30e-03, 2.95e-04, 4.03e-03, 3.98e-03]
59500 [1.46e-01, 1.84e-05, 5.11e-03, 7.34e-04, 7.50e-04, 8.67e-04, 2.76e-11, 3.16e-03, 3.39e-03, 2.57e-03, 4.42e-03, 7.34e-03]
60200 [1.81e-01, 4.07e-04, 5.60e-03, 2.65e-04, 7.64e-04, 3.50e-04, 6.18e-12, 2.33e-03, 4.12e-03, 1.67e-03, 4.78e-03, 5.85e-03]
60900 [2.15e-01, 7.25e-04, 5.77e-03, 7.71e-04, 7.12e-04, 5.38e-04, 4.22e-11, 3.13e-03, 3.92e-03, 3.21e-03, 4.78e-03, 7.08e-03]
61600 [2.53e-01, 3.31e-04, 5.85e-03, 2.02e-04, 6.45e-04, 6.39e-04, 7.34e-12, 2.40e-03, 3.87e-03, 3.38e-04, 4.48e-03, 3.75e-03]
62300 [2.96e-01, 5.94e-04, 5.92e-03, 2.14e-04, 5.78e-04, 7.99e-04, 2.31e-11, 1.99e-03, 2.63e-03, 2.78e-03, 3.52e-03, 6.41e-03]
63000 [3.43e-01, 3.96e-04, 6.00e-03, 3.34e-04, 5.29e-04, 1.02e-03, 8.83e-12, 1.48e-03, 3.12e-03, 1.03e-03, 3.93e-03, 4.17e-03]
63700 [1.00e+00, 2.02e-02, 9.85e-03, 9.50e-03, 1.43e-07, 5.15e-05, 1.43e-13, 7.06e-04, 9.61e-04, 1.99e-03, 2.69e-03, 7.66e-03]
64400 [1.00e+00, 2.68e-06, 9.57e-03, 1.49e-05, 2.12e-08, 8.40e-06, 1.76e-14, 9.61e-04, 2.18e-03, 3.72e-03, 4.18e-03, 5.89e-03]
65100 [1.01e+00, 3.03e-04, 9.56e-03, 5.95e-05, 6.09e-07, 1.37e-04, 1.91e-12, 4.15e-04, 3.48e-03, 3.75e-03, 3.90e-03, 4.30e-03]
65800 [1.01e+00, 3.08e-04, 9.58e-03, 5.29e-04, 2.45e-06, 1.60e-05, 7.49e-12, 7.88e-04, 3.59e-03, 7.64e-03, 3.92e-03, 8.23e-03]
66500 [1.03e+00, 4.15e-04, 9.55e-03, 4.18e-03, 1.06e-06, 2.86e-04, 3.29e-14, 2.13e-04, 2.61e-03, 2.55e-03, 3.33e-03, 4.78e-03]
67200 [9.46e-01, 2.29e-04, 2.27e-05, 8.19e-04, 1.91e-06, 1.03e-03, 3.90e-12, 3.29e-04, 2.45e-04, 3.63e-03, 2.88e-03, 5.03e-03]
67900 [9.54e-01, 2.43e-04, 1.61e-04, 4.47e-03, 1.53e-05, 4.15e-04, 2.76e-11, 1.90e-07, 2.72e-04, 3.33e-03, 3.40e-03, 5.36e-03]
68600 [7.79e-01, 2.49e-04, 5.55e-05, 7.33e-06, 3.16e-06, 1.98e-04, 8.62e-14, 4.32e-04, 4.74e-04, 4.33e-03, 2.72e-03, 7.82e-03]
69300 [7.91e-01, 6.36e-04, 4.51e-04, 5.63e-04, 3.57e-05, 1.40e-04, 2.36e-12, 5.11e-04, 3.68e-04, 3.59e-03, 3.32e-03, 7.04e-03]
70000 [7.95e-01, 4.92e-05, 4.47e-04, 6.65e-03, 5.89e-05, 1.50e-04, 1.58e-10, 4.92e-05, 7.22e-04, 3.44e-03, 4.18e-03, 7.55e-03]
