0 [0.00e+00, 0.00e+00, 0.00e+00, 0.00e+00, 0.00e+00, 0.00e+00, 0.00e+00, 0.00e+00]
500 [3.09e-02, -4.54e-02, 4.12e-02, -3.78e-02, 4.75e-02, -3.67e-02, 5.70e-02, 1.49e-02]
1000 [6.95e-02, -4.87e-02, 7.38e-02, -6.22e-02, 7.15e-02, -3.79e-02, 1.06e-01, 4.98e-02]
1500 [9.45e-02, -3.82e-02, 8.92e-02, -6.20e-02, 1.01e-01, -9.86e-03, 1.43e-01, 8.55e-02]
2000 [1.04e-01, -3.19e-02, 1.02e-01, -5.02e-02, 1.34e-01, 2.42e-02, 1.76e-01, 1.17e-01]
2500 [1.06e-01, -3.01e-02, 1.17e-01, -3.05e-02, 1.65e-01, 5.67e-02, 2.05e-01, 1.47e-01]
3000 [1.07e-01, -3.02e-02, 1.35e-01, -7.47e-03, 1.92e-01, 8.59e-02, 2.31e-01, 1.71e-01]
3500 [1.07e-01, -3.05e-02, 1.53e-01, 1.55e-02, 2.16e-01, 1.11e-01, 2.50e-01, 1.90e-01]
4000 [1.08e-01, -2.80e-02, 1.69e-01, 3.51e-02, 2.38e-01, 1.34e-01, 2.66e-01, 2.05e-01]
4500 [1.11e-01, -2.27e-02, 1.81e-01, 4.95e-02, 2.56e-01, 1.52e-01, 2.80e-01, 2.19e-01]
5000 [1.14e-01, -1.72e-02, 1.89e-01, 5.88e-02, 2.68e-01, 1.63e-01, 2.93e-01, 2.32e-01]
5500 [1.16e-01, -1.35e-02, 1.93e-01, 6.33e-02, 2.72e-01, 1.67e-01, 3.00e-01, 2.39e-01]
6000 [1.17e-01, -1.23e-02, 1.94e-01, 6.42e-02, 2.73e-01, 1.68e-01, 3.04e-01, 2.43e-01]
6500 [1.17e-01, -1.17e-02, 1.94e-01, 6.42e-02, 2.74e-01, 1.70e-01, 3.07e-01, 2.45e-01]
7000 [1.18e-01, -9.87e-03, 1.94e-01, 6.45e-02, 2.76e-01, 1.71e-01, 3.08e-01, 2.47e-01]
7500 [1.19e-01, -7.65e-03, 1.95e-01, 6.49e-02, 2.77e-01, 1.73e-01, 3.09e-01, 2.48e-01]
8000 [1.20e-01, -5.65e-03, 1.95e-01, 6.48e-02, 2.78e-01, 1.73e-01, 3.10e-01, 2.48e-01]
8500 [1.21e-01, -3.88e-03, 1.95e-01, 6.46e-02, 2.78e-01, 1.73e-01, 3.10e-01, 2.49e-01]
9000 [1.21e-01, -3.11e-03, 1.95e-01, 6.42e-02, 2.77e-01, 1.72e-01, 3.10e-01, 2.49e-01]
9500 [1.21e-01, -3.23e-03, 1.94e-01, 6.36e-02, 2.77e-01, 1.72e-01, 3.10e-01, 2.48e-01]
10000 [1.21e-01, -3.77e-03, 1.94e-01, 6.30e-02, 2.77e-01, 1.71e-01, 3.10e-01, 2.48e-01]
10500 [1.21e-01, -4.62e-03, 1.94e-01, 6.23e-02, 2.76e-01, 1.70e-01, 3.10e-01, 2.48e-01]
11000 [1.21e-01, -5.81e-03, 1.94e-01, 6.14e-02, 2.76e-01, 1.69e-01, 3.09e-01, 2.47e-01]
11500 [1.20e-01, -7.09e-03, 1.93e-01, 6.05e-02, 2.75e-01, 1.69e-01, 3.09e-01, 2.47e-01]
12000 [1.20e-01, -8.27e-03, 1.93e-01, 5.98e-02, 2.75e-01, 1.68e-01, 3.09e-01, 2.46e-01]
12500 [1.19e-01, -9.18e-03, 1.92e-01, 5.92e-02, 2.74e-01, 1.67e-01, 3.09e-01, 2.46e-01]
13000 [1.19e-01, -9.88e-03, 1.92e-01, 5.88e-02, 2.74e-01, 1.67e-01, 3.08e-01, 2.46e-01]
13500 [1.19e-01, -1.04e-02, 1.92e-01, 5.85e-02, 2.74e-01, 1.67e-01, 3.08e-01, 2.46e-01]
14000 [1.19e-01, -1.09e-02, 1.92e-01, 5.82e-02, 2.74e-01, 1.66e-01, 3.08e-01, 2.45e-01]
14500 [1.19e-01, -1.13e-02, 1.92e-01, 5.80e-02, 2.74e-01, 1.66e-01, 3.08e-01, 2.45e-01]
15000 [1.19e-01, -1.16e-02, 1.92e-01, 5.78e-02, 2.73e-01, 1.66e-01, 3.08e-01, 2.45e-01]
15500 [1.19e-01, -1.19e-02, 1.92e-01, 5.77e-02, 2.73e-01, 1.66e-01, 3.08e-01, 2.45e-01]
16000 [1.18e-01, -1.21e-02, 1.92e-01, 5.76e-02, 2.73e-01, 1.66e-01, 3.08e-01, 2.45e-01]
16500 [1.18e-01, -1.24e-02, 1.92e-01, 5.74e-02, 2.73e-01, 1.66e-01, 3.08e-01, 2.45e-01]
17000 [1.18e-01, -1.26e-02, 1.91e-01, 5.73e-02, 2.73e-01, 1.66e-01, 3.08e-01, 2.45e-01]
17500 [1.18e-01, -1.28e-02, 1.91e-01, 5.72e-02, 2.73e-01, 1.66e-01, 3.08e-01, 2.45e-01]
18000 [1.18e-01, -1.30e-02, 1.91e-01, 5.72e-02, 2.73e-01, 1.66e-01, 3.08e-01, 2.45e-01]
18500 [1.18e-01, -1.31e-02, 1.91e-01, 5.71e-02, 2.73e-01, 1.66e-01, 3.08e-01, 2.45e-01]
19000 [1.18e-01, -1.33e-02, 1.91e-01, 5.70e-02, 2.73e-01, 1.66e-01, 3.08e-01, 2.45e-01]
19500 [1.18e-01, -1.34e-02, 1.91e-01, 5.70e-02, 2.73e-01, 1.66e-01, 3.07e-01, 2.45e-01]
20000 [1.18e-01, -1.36e-02, 1.91e-01, 5.69e-02, 2.73e-01, 1.66e-01, 3.07e-01, 2.45e-01]
20500 [1.18e-01, -1.37e-02, 1.91e-01, 5.69e-02, 2.73e-01, 1.66e-01, 3.07e-01, 2.45e-01]
21000 [1.18e-01, -1.38e-02, 1.91e-01, 5.68e-02, 2.73e-01, 1.66e-01, 3.07e-01, 2.45e-01]
21500 [1.18e-01, -1.38e-02, 1.91e-01, 5.68e-02, 2.73e-01, 1.65e-01, 3.07e-01, 2.45e-01]
22000 [1.18e-01, -1.39e-02, 1.91e-01, 5.68e-02, 2.73e-01, 1.65e-01, 3.07e-01, 2.45e-01]
22500 [1.18e-01, -1.39e-02, 1.91e-01, 5.67e-02, 2.73e-01, 1.65e-01, 3.07e-01, 2.45e-01]
23000 [1.18e-01, -1.39e-02, 1.91e-01, 5.67e-02, 2.73e-01, 1.65e-01, 3.07e-01, 2.44e-01]
23500 [1.18e-01, -1.39e-02, 1.91e-01, 5.67e-02, 2.73e-01, 1.65e-01, 3.07e-01, 2.44e-01]
24000 [1.18e-01, -1.40e-02, 1.91e-01, 5.67e-02, 2.73e-01, 1.65e-01, 3.06e-01, 2.44e-01]
24500 [1.18e-01, -1.36e-02, 1.91e-01, 5.69e-02, 2.72e-01, 1.65e-01, 3.05e-01, 2.43e-01]
25000 [1.22e-01, -6.80e-03, 1.99e-01, 6.44e-02, 2.74e-01, 1.65e-01, 2.82e-01, 2.17e-01]
25500 [1.22e-01, -7.91e-03, 2.02e-01, 6.82e-02, 2.90e-01, 1.81e-01, 2.92e-01, 2.26e-01]
26000 [1.22e-01, -7.62e-03, 2.04e-01, 7.00e-02, 2.96e-01, 1.87e-01, 2.98e-01, 2.33e-01]
26500 [1.22e-01, -7.59e-03, 2.04e-01, 7.05e-02, 2.97e-01, 1.88e-01, 3.00e-01, 2.35e-01]
27000 [1.22e-01, -7.68e-03, 2.04e-01, 7.05e-02, 2.97e-01, 1.89e-01, 3.00e-01, 2.35e-01]
27500 [1.22e-01, -7.79e-03, 2.04e-01, 7.05e-02, 2.97e-01, 1.89e-01, 3.01e-01, 2.36e-01]
28000 [1.22e-01, -7.88e-03, 2.04e-01, 7.04e-02, 2.97e-01, 1.89e-01, 3.01e-01, 2.36e-01]
28500 [1.22e-01, -7.96e-03, 2.04e-01, 7.03e-02, 2.97e-01, 1.89e-01, 3.01e-01, 2.35e-01]
29000 [1.22e-01, -8.07e-03, 2.04e-01, 7.03e-02, 2.97e-01, 1.89e-01, 3.01e-01, 2.35e-01]
29500 [1.22e-01, -8.08e-03, 2.04e-01, 7.02e-02, 2.97e-01, 1.89e-01, 3.01e-01, 2.35e-01]
30000 [1.22e-01, -8.11e-03, 2.04e-01, 7.02e-02, 2.97e-01, 1.89e-01, 3.01e-01, 2.35e-01]
30500 [1.22e-01, -8.14e-03, 2.04e-01, 7.01e-02, 2.97e-01, 1.89e-01, 3.01e-01, 2.35e-01]
31000 [1.22e-01, -8.17e-03, 2.04e-01, 7.01e-02, 2.97e-01, 1.89e-01, 3.00e-01, 2.35e-01]
31500 [1.22e-01, -8.19e-03, 2.04e-01, 7.01e-02, 2.97e-01, 1.89e-01, 3.00e-01, 2.35e-01]
32000 [1.22e-01, -8.21e-03, 2.04e-01, 7.01e-02, 2.97e-01, 1.89e-01, 3.00e-01, 2.35e-01]
32500 [1.22e-01, -8.23e-03, 2.04e-01, 7.00e-02, 2.97e-01, 1.89e-01, 3.00e-01, 2.35e-01]
33000 [1.22e-01, -8.25e-03, 2.04e-01, 7.00e-02, 2.97e-01, 1.88e-01, 3.00e-01, 2.35e-01]
33500 [1.22e-01, -8.27e-03, 2.04e-01, 7.00e-02, 2.97e-01, 1.88e-01, 3.00e-01, 2.35e-01]
34000 [1.22e-01, -8.29e-03, 2.04e-01, 7.00e-02, 2.97e-01, 1.88e-01, 3.00e-01, 2.35e-01]
34500 [1.22e-01, -8.31e-03, 2.04e-01, 7.00e-02, 2.97e-01, 1.88e-01, 3.00e-01, 2.35e-01]
35000 [1.22e-01, -8.32e-03, 2.04e-01, 6.99e-02, 2.97e-01, 1.88e-01, 3.00e-01, 2.35e-01]
35500 [1.22e-01, -8.34e-03, 2.04e-01, 6.99e-02, 2.97e-01, 1.88e-01, 3.00e-01, 2.35e-01]
36000 [1.22e-01, -8.35e-03, 2.04e-01, 6.99e-02, 2.97e-01, 1.88e-01, 3.00e-01, 2.35e-01]
36500 [1.22e-01, -8.37e-03, 2.04e-01, 6.99e-02, 2.97e-01, 1.88e-01, 3.00e-01, 2.35e-01]
37000 [1.22e-01, -8.39e-03, 2.04e-01, 6.99e-02, 2.97e-01, 1.88e-01, 3.00e-01, 2.35e-01]
37500 [1.22e-01, -8.40e-03, 2.04e-01, 6.99e-02, 2.97e-01, 1.88e-01, 3.00e-01, 2.35e-01]
38000 [1.22e-01, -8.41e-03, 2.04e-01, 6.99e-02, 2.97e-01, 1.88e-01, 3.00e-01, 2.35e-01]
38500 [1.22e-01, -8.43e-03, 2.04e-01, 6.98e-02, 2.97e-01, 1.88e-01, 3.00e-01, 2.35e-01]
39000 [1.22e-01, -8.44e-03, 2.04e-01, 6.98e-02, 2.97e-01, 1.88e-01, 3.00e-01, 2.35e-01]
39500 [1.22e-01, -8.45e-03, 2.04e-01, 6.98e-02, 2.97e-01, 1.88e-01, 3.00e-01, 2.35e-01]
40000 [1.22e-01, -8.43e-03, 2.04e-01, 6.98e-02, 2.97e-01, 1.88e-01, 3.00e-01, 2.35e-01]
40500 [1.22e-01, -8.48e-03, 2.04e-01, 6.98e-02, 2.97e-01, 1.88e-01, 3.00e-01, 2.35e-01]
41000 [1.22e-01, -8.48e-03, 2.04e-01, 6.98e-02, 2.97e-01, 1.88e-01, 3.00e-01, 2.35e-01]
41500 [1.22e-01, -8.49e-03, 2.04e-01, 6.98e-02, 2.97e-01, 1.88e-01, 3.00e-01, 2.35e-01]
42000 [1.22e-01, -8.50e-03, 2.04e-01, 6.98e-02, 2.97e-01, 1.88e-01, 3.00e-01, 2.35e-01]
42500 [1.22e-01, -8.50e-03, 2.04e-01, 6.98e-02, 2.97e-01, 1.88e-01, 3.00e-01, 2.35e-01]
43000 [1.22e-01, -8.51e-03, 2.04e-01, 6.98e-02, 2.97e-01, 1.88e-01, 3.00e-01, 2.35e-01]
43500 [1.22e-01, -8.52e-03, 2.04e-01, 6.98e-02, 2.97e-01, 1.88e-01, 3.00e-01, 2.35e-01]
44000 [1.22e-01, -8.52e-03, 2.04e-01, 6.98e-02, 2.97e-01, 1.88e-01, 3.00e-01, 2.35e-01]
44500 [1.22e-01, -8.53e-03, 2.04e-01, 6.98e-02, 2.97e-01, 1.88e-01, 3.00e-01, 2.35e-01]
45000 [1.22e-01, -8.53e-03, 2.04e-01, 6.98e-02, 2.97e-01, 1.88e-01, 3.00e-01, 2.35e-01]
45500 [1.22e-01, -8.54e-03, 2.04e-01, 6.98e-02, 2.97e-01, 1.88e-01, 3.00e-01, 2.35e-01]
46000 [1.22e-01, -8.54e-03, 2.04e-01, 6.98e-02, 2.97e-01, 1.88e-01, 3.00e-01, 2.35e-01]
46500 [1.22e-01, -8.55e-03, 2.04e-01, 6.98e-02, 2.97e-01, 1.88e-01, 3.00e-01, 2.35e-01]
47000 [1.22e-01, -8.55e-03, 2.04e-01, 6.97e-02, 2.97e-01, 1.88e-01, 3.00e-01, 2.35e-01]
47500 [1.22e-01, -8.56e-03, 2.04e-01, 6.97e-02, 2.97e-01, 1.88e-01, 3.00e-01, 2.35e-01]
48000 [1.22e-01, -8.56e-03, 2.04e-01, 6.97e-02, 2.97e-01, 1.88e-01, 3.00e-01, 2.35e-01]
48500 [1.22e-01, -8.57e-03, 2.04e-01, 6.97e-02, 2.97e-01, 1.88e-01, 3.00e-01, 2.35e-01]
49000 [1.22e-01, -8.57e-03, 2.04e-01, 6.97e-02, 2.97e-01, 1.88e-01, 3.00e-01, 2.35e-01]
49500 [1.22e-01, -8.58e-03, 2.04e-01, 6.97e-02, 2.97e-01, 1.88e-01, 3.00e-01, 2.35e-01]
50000 [1.22e-01, -8.58e-03, 2.04e-01, 6.97e-02, 2.97e-01, 1.88e-01, 3.00e-01, 2.35e-01]
