0 [-4.15e-02, 2.62e-01, 6.92e-01, -4.27e-02, -9.69e-03, -1.92e-01, -6.81e-01, 1.56e-01, 4.24e-02, 7.90e-03, 3.93e-01]
50 [-1.25e-01, 1.81e-01, 6.74e-01, 3.21e-02, 9.13e-02, -5.00e-02, -5.96e-01, 7.08e-02, -3.24e-02, 5.32e-02, 6.08e-03]
100 [-1.41e-01, 1.81e-01, 6.71e-01, 4.39e-02, 1.20e-01, -6.98e-02, -5.95e-01, -5.58e-02, -1.63e-02, 5.32e-02, -2.61e-03]
150 [-1.92e-01, 1.81e-01, 6.67e-01, 3.72e-02, 2.46e-01, -9.30e-02, -5.95e-01, -4.13e-02, -1.77e-02, 5.37e-02, -5.60e-03]
200 [-2.37e-01, 1.81e-01, 6.65e-01, 4.49e-02, 7.90e-01, -1.12e-01, -5.95e-01, -3.97e-02, -1.91e-02, 5.75e-02, -1.61e-02]
250 [-2.54e-01, 1.80e-01, 6.64e-01, 5.06e-02, 1.39e+00, -1.27e-01, -5.95e-01, -4.23e-02, -3.88e-02, 6.42e-02, -3.07e-02]
300 [-2.64e-01, 1.80e-01, 6.64e-01, 5.78e-02, 1.75e+00, -1.41e-01, -5.95e-01, -4.37e-02, -6.49e-02, 7.16e-02, -4.40e-02]
350 [-2.74e-01, 1.80e-01, 6.63e-01, 6.50e-02, 2.02e+00, -1.53e-01, -5.95e-01, -4.62e-02, -8.76e-02, 7.92e-02, -5.69e-02]
400 [-2.84e-01, 1.80e-01, 6.62e-01, 7.16e-02, 2.22e+00, -1.64e-01, -5.95e-01, -4.90e-02, -1.06e-01, 8.75e-02, -6.96e-02]
450 [-2.95e-01, 1.80e-01, 6.62e-01, 7.81e-02, 2.41e+00, -1.74e-01, -5.95e-01, -5.33e-02, -1.18e-01, 9.64e-02, -8.23e-02]
500 [-3.05e-01, 1.80e-01, 6.61e-01, 8.35e-02, 2.53e+00, -1.83e-01, -5.95e-01, -5.69e-02, -1.25e-01, 1.06e-01, -9.49e-02]
550 [-3.15e-01, 1.80e-01, 6.61e-01, 8.83e-02, 2.62e+00, -1.91e-01, -5.95e-01, -6.10e-02, -1.28e-01, 1.17e-01, -1.07e-01]
600 [-3.25e-01, 1.80e-01, 6.60e-01, 9.28e-02, 2.73e+00, -1.99e-01, -5.95e-01, -6.53e-02, -1.26e-01, 1.28e-01, -1.20e-01]
650 [-3.34e-01, 1.80e-01, 6.59e-01, 9.76e-02, 2.74e+00, -2.05e-01, -5.95e-01, -6.97e-02, -1.22e-01, 1.42e-01, -1.32e-01]
700 [-3.44e-01, 1.80e-01, 6.59e-01, 1.02e-01, 2.85e+00, -2.11e-01, -5.95e-01, -7.40e-02, -1.17e-01, 1.57e-01, -1.44e-01]
750 [-3.54e-01, 1.80e-01, 6.58e-01, 1.06e-01, 2.80e+00, -2.17e-01, -5.95e-01, -7.79e-02, -1.11e-01, 1.74e-01, -1.57e-01]
800 [-3.63e-01, 1.80e-01, 6.57e-01, 1.11e-01, 2.77e+00, -2.23e-01, -5.95e-01, -8.12e-02, -1.04e-01, 1.93e-01, -1.69e-01]
850 [-3.73e-01, 1.80e-01, 6.57e-01, 1.17e-01, 2.85e+00, -2.28e-01, -5.95e-01, -8.49e-02, -9.85e-02, 2.15e-01, -1.81e-01]
900 [-3.82e-01, 1.80e-01, 6.56e-01, 1.22e-01, 2.91e+00, -2.33e-01, -5.95e-01, -8.83e-02, -9.36e-02, 2.39e-01, -1.92e-01]
950 [-3.91e-01, 1.80e-01, 6.56e-01, 1.29e-01, 2.97e+00, -2.39e-01, -5.95e-01, -9.14e-02, -8.97e-02, 2.65e-01, -2.04e-01]
1000 [-4.00e-01, 1.80e-01, 6.55e-01, 1.35e-01, 3.02e+00, -2.44e-01, -5.95e-01, -9.42e-02, -8.69e-02, 2.93e-01, -2.15e-01]
1050 [-4.08e-01, 1.80e-01, 6.55e-01, 1.43e-01, 2.76e+00, -2.50e-01, -5.95e-01, -9.66e-02, -8.50e-02, 3.22e-01, -2.25e-01]
1100 [-4.16e-01, 1.80e-01, 6.54e-01, 1.50e-01, 2.77e+00, -2.55e-01, -5.95e-01, -9.86e-02, -8.41e-02, 3.51e-01, -2.35e-01]
1150 [-4.24e-01, 1.80e-01, 6.54e-01, 1.57e-01, 2.82e+00, -2.61e-01, -5.95e-01, -1.01e-01, -8.42e-02, 3.81e-01, -2.45e-01]
1200 [-4.31e-01, 1.80e-01, 6.53e-01, 1.65e-01, 2.86e+00, -2.66e-01, -5.95e-01, -1.03e-01, -8.55e-02, 4.11e-01, -2.54e-01]
1250 [-4.39e-01, 1.80e-01, 6.53e-01, 1.72e-01, 2.89e+00, -2.71e-01, -5.95e-01, -1.05e-01, -8.77e-02, 4.41e-01, -2.62e-01]
1300 [-4.45e-01, 1.80e-01, 6.52e-01, 1.78e-01, 2.92e+00, -2.76e-01, -5.95e-01, -1.07e-01, -9.07e-02, 4.71e-01, -2.70e-01]
1350 [-4.52e-01, 1.80e-01, 6.52e-01, 1.85e-01, 2.95e+00, -2.81e-01, -5.95e-01, -1.08e-01, -9.46e-02, 5.00e-01, -2.78e-01]
1400 [-4.58e-01, 1.80e-01, 6.51e-01, 1.92e-01, 2.98e+00, -2.86e-01, -5.95e-01, -1.10e-01, -9.90e-02, 5.29e-01, -2.86e-01]
1450 [-4.63e-01, 1.80e-01, 6.51e-01, 1.98e-01, 3.00e+00, -2.91e-01, -5.95e-01, -1.11e-01, -1.04e-01, 5.58e-01, -2.93e-01]
1500 [-4.69e-01, 1.80e-01, 6.50e-01, 2.03e-01, 2.63e+00, -2.96e-01, -5.95e-01, -1.13e-01, -1.09e-01, 5.70e-01, -2.99e-01]
1550 [-4.74e-01, 1.80e-01, 6.50e-01, 2.08e-01, 2.55e+00, -3.01e-01, -5.95e-01, -1.14e-01, -1.15e-01, 5.91e-01, -3.06e-01]
1600 [-4.79e-01, 1.80e-01, 6.49e-01, 2.13e-01, 2.58e+00, -3.05e-01, -5.95e-01, -1.16e-01, -1.21e-01, 6.20e-01, -3.12e-01]
1650 [-4.83e-01, 1.80e-01, 6.49e-01, 2.19e-01, 2.60e+00, -3.10e-01, -5.95e-01, -1.18e-01, -1.27e-01, 6.48e-01, -3.18e-01]
1700 [-4.88e-01, 1.80e-01, 6.48e-01, 2.24e-01, 2.63e+00, -3.14e-01, -5.95e-01, -1.20e-01, -1.33e-01, 6.75e-01, -3.24e-01]
1750 [-4.92e-01, 1.80e-01, 6.48e-01, 2.29e-01, 2.65e+00, -3.19e-01, -5.95e-01, -1.21e-01, -1.40e-01, 7.02e-01, -3.29e-01]
1800 [-4.97e-01, 1.80e-01, 6.47e-01, 2.32e-01, 2.67e+00, -3.23e-01, -5.95e-01, -1.23e-01, -1.47e-01, 6.97e-01, -3.35e-01]
1850 [-5.01e-01, 1.80e-01, 6.47e-01, 2.36e-01, 2.69e+00, -3.27e-01, -5.95e-01, -1.25e-01, -1.54e-01, 7.23e-01, -3.40e-01]
1900 [-5.05e-01, 1.80e-01, 6.46e-01, 2.41e-01, 2.70e+00, -3.31e-01, -5.95e-01, -1.27e-01, -1.61e-01, 7.49e-01, -3.45e-01]
1950 [-5.09e-01, 1.80e-01, 6.46e-01, 2.45e-01, 2.72e+00, -3.35e-01, -5.95e-01, -1.29e-01, -1.68e-01, 7.75e-01, -3.50e-01]
2000 [-5.13e-01, 1.80e-01, 6.45e-01, 2.50e-01, 2.74e+00, -3.39e-01, -5.95e-01, -1.30e-01, -1.75e-01, 8.00e-01, -3.55e-01]
2050 [-5.18e-01, 1.80e-01, 6.45e-01, 2.53e-01, 2.75e+00, -3.43e-01, -5.95e-01, -1.32e-01, -1.82e-01, 7.85e-01, -3.59e-01]
2100 [-5.22e-01, 1.80e-01, 6.44e-01, 2.56e-01, 2.76e+00, -3.47e-01, -5.95e-01, -1.34e-01, -1.89e-01, 8.06e-01, -3.64e-01]
2150 [-5.26e-01, 1.80e-01, 6.44e-01, 2.60e-01, 2.78e+00, -3.51e-01, -5.95e-01, -1.36e-01, -1.96e-01, 8.32e-01, -3.68e-01]
2200 [-5.30e-01, 1.80e-01, 6.43e-01, 2.65e-01, 2.57e+00, -3.55e-01, -5.95e-01, -1.38e-01, -2.03e-01, 8.54e-01, -3.73e-01]
2250 [-5.34e-01, 1.80e-01, 6.43e-01, 2.69e-01, 2.56e+00, -3.59e-01, -5.95e-01, -1.40e-01, -2.09e-01, 8.76e-01, -3.77e-01]
2300 [-5.38e-01, 1.80e-01, 6.42e-01, 2.73e-01, 2.57e+00, -3.62e-01, -5.95e-01, -1.42e-01, -2.16e-01, 9.00e-01, -3.81e-01]
2350 [-5.43e-01, 1.80e-01, 6.42e-01, 2.77e-01, 2.59e+00, -3.66e-01, -5.95e-01, -1.44e-01, -2.23e-01, 8.91e-01, -3.85e-01]
2400 [-5.47e-01, 1.80e-01, 6.41e-01, 2.80e-01, 2.60e+00, -3.70e-01, -5.95e-01, -1.46e-01, -2.29e-01, 9.12e-01, -3.89e-01]
2450 [-5.51e-01, 1.80e-01, 6.41e-01, 2.84e-01, 2.62e+00, -3.74e-01, -5.95e-01, -1.48e-01, -2.35e-01, 9.35e-01, -3.93e-01]
2500 [-5.55e-01, 1.80e-01, 6.40e-01, 2.89e-01, 2.63e+00, -3.77e-01, -5.95e-01, -1.50e-01, -2.42e-01, 9.58e-01, -3.97e-01]
2550 [-5.60e-01, 1.80e-01, 6.40e-01, 2.92e-01, 2.54e+00, -3.81e-01, -5.95e-01, -1.53e-01, -2.48e-01, 9.38e-01, -4.00e-01]
2600 [-5.64e-01, 1.80e-01, 6.39e-01, 2.95e-01, 2.51e+00, -3.85e-01, -5.95e-01, -1.55e-01, -2.54e-01, 9.52e-01, -4.04e-01]
2650 [-5.68e-01, 1.80e-01, 6.39e-01, 2.99e-01, 2.53e+00, -3.89e-01, -5.95e-01, -1.57e-01, -2.60e-01, 9.75e-01, -4.08e-01]
2700 [-5.72e-01, 1.80e-01, 6.38e-01, 3.03e-01, 2.54e+00, -3.92e-01, -5.95e-01, -1.60e-01, -2.66e-01, 9.98e-01, -4.11e-01]
2750 [-5.77e-01, 1.80e-01, 6.38e-01, 3.08e-01, 2.56e+00, -3.96e-01, -5.95e-01, -1.62e-01, -2.71e-01, 1.02e+00, -4.15e-01]
2800 [-5.81e-01, 1.80e-01, 6.37e-01, 3.11e-01, 2.24e+00, -4.00e-01, -5.95e-01, -1.64e-01, -2.76e-01, 1.00e+00, -4.18e-01]
2850 [-5.85e-01, 1.80e-01, 6.36e-01, 3.15e-01, 2.16e+00, -4.03e-01, -5.95e-01, -1.67e-01, -2.81e-01, 1.02e+00, -4.21e-01]
2900 [-5.90e-01, 1.80e-01, 6.36e-01, 3.19e-01, 2.17e+00, -4.07e-01, -5.95e-01, -1.70e-01, -2.86e-01, 1.04e+00, -4.25e-01]
2950 [-5.94e-01, 1.80e-01, 6.35e-01, 3.23e-01, 2.19e+00, -4.11e-01, -5.95e-01, -1.73e-01, -2.92e-01, 1.07e+00, -4.28e-01]
3000 [-5.99e-01, 1.80e-01, 6.35e-01, 3.28e-01, 2.21e+00, -4.15e-01, -5.95e-01, -1.76e-01, -2.96e-01, 1.07e+00, -4.31e-01]
3050 [-6.03e-01, 1.80e-01, 6.34e-01, 3.29e-01, 2.22e+00, -4.19e-01, -5.95e-01, -1.79e-01, -3.02e-01, 1.04e+00, -4.34e-01]
3100 [-6.07e-01, 1.80e-01, 6.34e-01, 3.33e-01, 2.24e+00, -4.22e-01, -5.95e-01, -1.82e-01, -3.07e-01, 1.06e+00, -4.38e-01]
3150 [-6.12e-01, 1.80e-01, 6.33e-01, 3.37e-01, 2.25e+00, -4.26e-01, -5.95e-01, -1.85e-01, -3.12e-01, 1.09e+00, -4.41e-01]
3200 [-6.16e-01, 1.80e-01, 6.33e-01, 3.41e-01, 2.27e+00, -4.30e-01, -5.95e-01, -1.87e-01, -3.16e-01, 1.11e+00, -4.44e-01]
3250 [-6.20e-01, 1.80e-01, 6.32e-01, 3.46e-01, 2.28e+00, -4.34e-01, -5.95e-01, -1.90e-01, -3.21e-01, 1.13e+00, -4.47e-01]
3300 [-6.25e-01, 1.80e-01, 6.31e-01, 3.50e-01, 2.29e+00, -4.37e-01, -5.95e-01, -1.93e-01, -3.25e-01, 1.09e+00, -4.50e-01]
3350 [-6.29e-01, 1.80e-01, 6.31e-01, 3.49e-01, 2.27e+00, -4.41e-01, -5.95e-01, -1.96e-01, -3.31e-01, 1.05e+00, -4.53e-01]
3400 [-6.33e-01, 1.80e-01, 6.30e-01, 3.53e-01, 2.29e+00, -4.45e-01, -5.95e-01, -1.99e-01, -3.36e-01, 1.08e+00, -4.56e-01]
3450 [-6.38e-01, 1.80e-01, 6.30e-01, 3.58e-01, 2.30e+00, -4.49e-01, -5.95e-01, -2.02e-01, -3.40e-01, 1.10e+00, -4.60e-01]
3500 [-6.42e-01, 1.80e-01, 6.29e-01, 3.63e-01, 1.99e+00, -4.53e-01, -5.95e-01, -2.04e-01, -3.44e-01, 1.12e+00, -4.63e-01]
3550 [-6.46e-01, 1.80e-01, 6.28e-01, 3.68e-01, 1.97e+00, -4.57e-01, -5.95e-01, -2.08e-01, -3.48e-01, 1.14e+00, -4.66e-01]
3600 [-6.51e-01, 1.80e-01, 6.28e-01, 3.72e-01, 1.99e+00, -4.61e-01, -5.95e-01, -2.11e-01, -3.52e-01, 1.17e+00, -4.69e-01]
3650 [-6.55e-01, 1.80e-01, 6.27e-01, 3.76e-01, 2.01e+00, -4.65e-01, -5.95e-01, -2.15e-01, -3.57e-01, 1.19e+00, -4.72e-01]
3700 [-6.59e-01, 1.80e-01, 6.27e-01, 3.80e-01, 2.02e+00, -4.69e-01, -5.95e-01, -2.18e-01, -3.61e-01, 1.18e+00, -4.75e-01]
3750 [-6.63e-01, 1.80e-01, 6.26e-01, 3.81e-01, 2.01e+00, -4.72e-01, -5.95e-01, -2.21e-01, -3.65e-01, 1.13e+00, -4.77e-01]
3800 [-6.68e-01, 1.80e-01, 6.25e-01, 3.85e-01, 2.03e+00, -4.76e-01, -5.95e-01, -2.24e-01, -3.69e-01, 1.16e+00, -4.81e-01]
3850 [-6.72e-01, 1.80e-01, 6.25e-01, 3.90e-01, 2.04e+00, -4.80e-01, -5.95e-01, -2.28e-01, -3.73e-01, 1.18e+00, -4.84e-01]
3900 [-6.76e-01, 1.80e-01, 6.24e-01, 3.94e-01, 2.06e+00, -4.84e-01, -5.95e-01, -2.31e-01, -3.78e-01, 1.21e+00, -4.87e-01]
3950 [-6.80e-01, 1.80e-01, 6.23e-01, 3.99e-01, 2.07e+00, -4.88e-01, -5.95e-01, -2.34e-01, -3.82e-01, 1.23e+00, -4.89e-01]
4000 [-6.84e-01, 1.80e-01, 6.23e-01, 4.03e-01, 1.94e+00, -4.92e-01, -5.95e-01, -2.37e-01, -3.83e-01, 1.19e+00, -4.92e-01]
4050 [-6.88e-01, 1.80e-01, 6.22e-01, 4.03e-01, 1.64e+00, -4.96e-01, -5.95e-01, -2.41e-01, -3.85e-01, 1.16e+00, -4.94e-01]
4100 [-6.93e-01, 1.80e-01, 6.21e-01, 4.08e-01, 1.66e+00, -5.00e-01, -5.95e-01, -2.45e-01, -3.89e-01, 1.18e+00, -4.98e-01]
4150 [-6.97e-01, 1.80e-01, 6.21e-01, 4.12e-01, 1.68e+00, -5.04e-01, -5.95e-01, -2.49e-01, -3.92e-01, 1.21e+00, -5.01e-01]
4200 [-7.01e-01, 1.80e-01, 6.20e-01, 4.16e-01, 1.71e+00, -5.09e-01, -5.95e-01, -2.53e-01, -3.96e-01, 1.24e+00, -5.04e-01]
4250 [-7.05e-01, 1.80e-01, 6.19e-01, 4.21e-01, 1.73e+00, -5.13e-01, -5.95e-01, -2.57e-01, -4.00e-01, 1.26e+00, -5.07e-01]
4300 [-7.09e-01, 1.80e-01, 6.19e-01, 4.25e-01, 1.75e+00, -5.17e-01, -5.95e-01, -2.61e-01, -4.04e-01, 1.29e+00, -5.09e-01]
4350 [-7.13e-01, 1.80e-01, 6.18e-01, 4.21e-01, 1.66e+00, -5.20e-01, -5.95e-01, -2.65e-01, -3.92e-01, 1.12e+00, -5.09e-01]
4400 [-7.17e-01, 1.80e-01, 6.17e-01, 4.23e-01, 1.67e+00, -5.24e-01, -5.95e-01, -2.69e-01, -3.96e-01, 1.15e+00, -5.12e-01]
4450 [-7.21e-01, 1.80e-01, 6.17e-01, 4.28e-01, 1.70e+00, -5.28e-01, -5.95e-01, -2.73e-01, -3.99e-01, 1.18e+00, -5.15e-01]
4500 [-7.25e-01, 1.80e-01, 6.16e-01, 4.33e-01, 1.72e+00, -5.32e-01, -5.95e-01, -2.77e-01, -4.03e-01, 1.21e+00, -5.19e-01]
4550 [-7.28e-01, 1.80e-01, 6.15e-01, 4.37e-01, 1.74e+00, -5.37e-01, -5.95e-01, -2.81e-01, -4.06e-01, 1.24e+00, -5.22e-01]
4600 [-7.32e-01, 1.80e-01, 6.14e-01, 4.41e-01, 1.76e+00, -5.41e-01, -5.95e-01, -2.84e-01, -4.10e-01, 1.27e+00, -5.25e-01]
4650 [-7.36e-01, 1.80e-01, 6.14e-01, 4.46e-01, 1.77e+00, -5.45e-01, -5.95e-01, -2.88e-01, -4.14e-01, 1.29e+00, -5.28e-01]
4700 [-7.40e-01, 1.80e-01, 6.13e-01, 4.41e-01, 1.28e+00, -5.44e-01, -5.95e-01, -2.92e-01, -3.61e-01, 1.10e+00, -5.22e-01]
4750 [-7.44e-01, 1.80e-01, 6.12e-01, 4.38e-01, 1.28e+00, -5.48e-01, -5.95e-01, -2.97e-01, -3.63e-01, 1.13e+00, -5.25e-01]
4800 [-7.48e-01, 1.80e-01, 6.11e-01, 4.42e-01, 1.32e+00, -5.52e-01, -5.95e-01, -3.03e-01, -3.65e-01, 1.16e+00, -5.29e-01]
4850 [-7.52e-01, 1.80e-01, 6.11e-01, 4.47e-01, 1.35e+00, -5.57e-01, -5.95e-01, -3.08e-01, -3.68e-01, 1.20e+00, -5.32e-01]
4900 [-7.55e-01, 1.80e-01, 6.10e-01, 4.51e-01, 1.38e+00, -5.61e-01, -5.95e-01, -3.13e-01, -3.70e-01, 1.23e+00, -5.35e-01]
4950 [-7.59e-01, 1.80e-01, 6.09e-01, 4.55e-01, 1.41e+00, -5.66e-01, -5.95e-01, -3.17e-01, -3.73e-01, 1.26e+00, -5.39e-01]
5000 [-7.63e-01, 1.80e-01, 6.08e-01, 4.59e-01, 1.44e+00, -5.70e-01, -5.95e-01, -3.22e-01, -3.76e-01, 1.29e+00, -5.42e-01]
5000 [-7.63e-01, 1.80e-01, 6.08e-01, 4.59e-01, 1.44e+00, -5.70e-01, -5.95e-01, -3.22e-01, -3.76e-01, 1.29e+00, -5.42e-01]
5050 [-6.46e-01, 5.84e-02, 5.66e-01, 6.18e-01, 1.22e+00, -3.93e-01, -6.53e-01, -2.95e-01, -2.12e-01, 9.86e-01, -5.41e-01]
5100 [-6.44e-01, -2.64e-02, 5.57e-01, 6.28e-01, 1.20e+00, -3.88e-01, -6.57e-01, -2.94e-01, -2.14e-01, 9.39e-01, -5.41e-01]
5150 [-6.44e-01, -4.18e-02, 5.51e-01, 6.29e-01, 1.20e+00, -3.89e-01, -6.57e-01, -2.94e-01, -2.12e-01, 9.37e-01, -5.41e-01]
5200 [-6.44e-01, -3.01e-02, 5.46e-01, 6.29e-01, 1.20e+00, -3.90e-01, -6.57e-01, -2.94e-01, -2.10e-01, 9.36e-01, -5.41e-01]
5250 [-6.44e-01, -1.83e-02, 5.42e-01, 6.28e-01, 1.19e+00, -3.91e-01, -6.57e-01, -2.94e-01, -2.07e-01, 9.36e-01, -5.41e-01]
5300 [-6.44e-01, -9.03e-03, 5.39e-01, 6.28e-01, 1.19e+00, -3.93e-01, -6.57e-01, -2.94e-01, -2.04e-01, 9.36e-01, -5.40e-01]
5350 [-6.44e-01, -1.57e-03, 5.36e-01, 6.27e-01, 1.19e+00, -3.94e-01, -6.57e-01, -2.94e-01, -2.01e-01, 9.36e-01, -5.40e-01]
5400 [-6.45e-01, 4.60e-03, 5.34e-01, 6.26e-01, 1.19e+00, -3.95e-01, -6.57e-01, -2.94e-01, -1.98e-01, 9.36e-01, -5.39e-01]
5450 [-6.45e-01, 9.83e-03, 5.32e-01, 6.25e-01, 1.19e+00, -3.96e-01, -6.57e-01, -2.94e-01, -1.94e-01, 9.36e-01, -5.38e-01]
5500 [-6.45e-01, 1.44e-02, 5.31e-01, 6.24e-01, 1.19e+00, -3.97e-01, -6.57e-01, -2.94e-01, -1.90e-01, 9.36e-01, -5.37e-01]
5550 [-6.45e-01, 1.84e-02, 5.30e-01, 6.23e-01, 1.19e+00, -3.98e-01, -6.57e-01, -2.94e-01, -1.85e-01, 9.36e-01, -5.36e-01]
5600 [-6.45e-01, 2.19e-02, 5.29e-01, 6.22e-01, 1.19e+00, -3.99e-01, -6.57e-01, -2.94e-01, -1.81e-01, 9.36e-01, -5.34e-01]
5650 [-6.46e-01, 2.52e-02, 5.29e-01, 6.21e-01, 1.19e+00, -4.00e-01, -6.57e-01, -2.94e-01, -1.76e-01, 9.36e-01, -5.33e-01]
5700 [-6.46e-01, 2.81e-02, 5.29e-01, 6.19e-01, 1.19e+00, -4.01e-01, -6.57e-01, -2.94e-01, -1.71e-01, 9.36e-01, -5.31e-01]
5750 [-6.46e-01, 3.08e-02, 5.30e-01, 6.18e-01, 1.19e+00, -4.02e-01, -6.57e-01, -2.94e-01, -1.65e-01, 9.36e-01, -5.30e-01]
5800 [-6.46e-01, 3.33e-02, 5.31e-01, 6.16e-01, 1.19e+00, -4.03e-01, -6.57e-01, -2.94e-01, -1.60e-01, 9.36e-01, -5.28e-01]
5850 [-6.47e-01, 3.56e-02, 5.32e-01, 6.15e-01, 1.19e+00, -4.05e-01, -6.57e-01, -2.94e-01, -1.55e-01, 9.36e-01, -5.27e-01]
5900 [-6.47e-01, 3.77e-02, 5.34e-01, 6.13e-01, 1.19e+00, -4.06e-01, -6.57e-01, -2.94e-01, -1.49e-01, 9.36e-01, -5.25e-01]
5950 [-6.47e-01, 3.97e-02, 5.36e-01, 6.12e-01, 1.19e+00, -4.07e-01, -6.57e-01, -2.94e-01, -1.44e-01, 9.36e-01, -5.23e-01]
6000 [-6.48e-01, 4.16e-02, 5.38e-01, 6.10e-01, 1.20e+00, -4.09e-01, -6.57e-01, -2.94e-01, -1.38e-01, 9.36e-01, -5.22e-01]
6050 [-6.48e-01, 4.34e-02, 5.40e-01, 6.08e-01, 1.20e+00, -4.10e-01, -6.57e-01, -2.94e-01, -1.33e-01, 9.36e-01, -5.20e-01]
6100 [-6.48e-01, 4.51e-02, 5.43e-01, 6.07e-01, 1.20e+00, -4.12e-01, -6.57e-01, -2.94e-01, -1.27e-01, 9.36e-01, -5.18e-01]
6150 [-6.49e-01, 4.67e-02, 5.46e-01, 6.05e-01, 1.20e+00, -4.13e-01, -6.57e-01, -2.94e-01, -1.21e-01, 9.37e-01, -5.17e-01]
6200 [-6.47e-01, 4.85e-02, 5.45e-01, 5.86e-01, 1.18e+00, -2.80e-01, -6.57e-01, -2.94e-01, 1.76e-02, 9.31e-01, -5.21e-01]
6250 [-6.42e-01, 3.92e-02, 5.37e-01, 5.54e-01, 1.11e+00, -1.51e-01, -6.57e-01, -2.94e-01, 1.68e-01, 9.23e-01, -5.27e-01]
6300 [-6.42e-01, 4.37e-02, 5.35e-01, 5.53e-01, 1.10e+00, -1.61e-01, -6.57e-01, -2.94e-01, 1.67e-01, 9.23e-01, -5.25e-01]
6350 [-6.43e-01, 4.63e-02, 5.32e-01, 5.52e-01, 1.10e+00, -1.72e-01, -6.57e-01, -2.94e-01, 1.66e-01, 9.23e-01, -5.23e-01]
6400 [-6.43e-01, 4.84e-02, 5.31e-01, 5.51e-01, 1.10e+00, -1.81e-01, -6.57e-01, -2.93e-01, 1.66e-01, 9.23e-01, -5.21e-01]
6450 [-6.44e-01, 5.04e-02, 5.29e-01, 5.51e-01, 1.10e+00, -1.90e-01, -6.57e-01, -2.93e-01, 1.67e-01, 9.23e-01, -5.19e-01]
6500 [-6.44e-01, 5.22e-02, 5.28e-01, 5.50e-01, 1.10e+00, -1.98e-01, -6.57e-01, -2.93e-01, 1.67e-01, 9.23e-01, -5.17e-01]
6550 [-6.45e-01, 5.39e-02, 5.28e-01, 5.49e-01, 1.10e+00, -2.06e-01, -6.57e-01, -2.93e-01, 1.68e-01, 9.23e-01, -5.15e-01]
6600 [-6.45e-01, 5.55e-02, 5.28e-01, 5.49e-01, 1.11e+00, -2.14e-01, -6.57e-01, -2.93e-01, 1.69e-01, 9.23e-01, -5.13e-01]
6650 [-6.46e-01, 5.70e-02, 5.29e-01, 5.48e-01, 1.11e+00, -2.21e-01, -6.57e-01, -2.93e-01, 1.70e-01, 9.23e-01, -5.11e-01]
6700 [-6.46e-01, 5.85e-02, 5.30e-01, 5.47e-01, 1.11e+00, -2.29e-01, -6.57e-01, -2.93e-01, 1.72e-01, 9.24e-01, -5.09e-01]
6750 [-6.47e-01, 5.99e-02, 5.31e-01, 5.47e-01, 1.11e+00, -2.36e-01, -6.57e-01, -2.93e-01, 1.73e-01, 9.24e-01, -5.07e-01]
6800 [-6.47e-01, 6.12e-02, 5.33e-01, 5.46e-01, 1.11e+00, -2.43e-01, -6.57e-01, -2.93e-01, 1.74e-01, 9.24e-01, -5.05e-01]
6850 [-6.48e-01, 6.25e-02, 5.35e-01, 5.45e-01, 1.11e+00, -2.50e-01, -6.57e-01, -2.93e-01, 1.76e-01, 9.24e-01, -5.03e-01]
6900 [-6.48e-01, 6.38e-02, 5.38e-01, 5.45e-01, 1.11e+00, -2.57e-01, -6.57e-01, -2.93e-01, 1.77e-01, 9.24e-01, -5.01e-01]
6950 [-6.49e-01, 6.50e-02, 5.41e-01, 5.44e-01, 1.11e+00, -2.63e-01, -6.57e-01, -2.93e-01, 1.79e-01, 9.24e-01, -4.99e-01]
7000 [-6.50e-01, 6.62e-02, 5.44e-01, 5.43e-01, 1.11e+00, -2.70e-01, -6.57e-01, -2.93e-01, 1.81e-01, 9.24e-01, -4.97e-01]
7050 [-6.50e-01, 6.74e-02, 5.47e-01, 5.43e-01, 1.11e+00, -2.77e-01, -6.57e-01, -2.93e-01, 1.82e-01, 9.24e-01, -4.95e-01]
7100 [-6.51e-01, 6.85e-02, 5.51e-01, 5.42e-01, 1.11e+00, -2.83e-01, -6.57e-01, -2.93e-01, 1.84e-01, 9.25e-01, -4.93e-01]
7150 [-6.51e-01, 6.97e-02, 5.55e-01, 5.42e-01, 1.11e+00, -2.90e-01, -6.57e-01, -2.93e-01, 1.85e-01, 9.25e-01, -4.91e-01]
7200 [-6.52e-01, 7.08e-02, 5.59e-01, 5.41e-01, 1.11e+00, -2.96e-01, -6.57e-01, -2.92e-01, 1.87e-01, 9.25e-01, -4.89e-01]
7250 [-6.53e-01, 7.20e-02, 5.63e-01, 5.40e-01, 1.11e+00, -3.03e-01, -6.57e-01, -2.92e-01, 1.89e-01, 9.25e-01, -4.87e-01]
7300 [-6.53e-01, 7.32e-02, 5.68e-01, 5.40e-01, 1.12e+00, -3.09e-01, -6.57e-01, -2.92e-01, 1.90e-01, 9.25e-01, -4.85e-01]
7350 [-6.54e-01, 7.43e-02, 5.73e-01, 5.39e-01, 1.12e+00, -3.16e-01, -6.57e-01, -2.92e-01, 1.92e-01, 9.25e-01, -4.83e-01]
7400 [-6.55e-01, 7.55e-02, 5.78e-01, 5.38e-01, 1.12e+00, -3.23e-01, -6.57e-01, -2.92e-01, 1.94e-01, 9.26e-01, -4.81e-01]
7450 [-6.55e-01, 7.67e-02, 5.83e-01, 5.38e-01, 1.12e+00, -3.29e-01, -6.57e-01, -2.92e-01, 1.96e-01, 9.26e-01, -4.79e-01]
7500 [-6.56e-01, 7.79e-02, 5.89e-01, 5.37e-01, 1.12e+00, -3.36e-01, -6.57e-01, -2.92e-01, 1.98e-01, 9.26e-01, -4.76e-01]
7550 [-6.57e-01, 7.91e-02, 5.95e-01, 5.36e-01, 1.12e+00, -3.42e-01, -6.57e-01, -2.92e-01, 2.00e-01, 9.26e-01, -4.74e-01]
7600 [-6.57e-01, 8.03e-02, 6.01e-01, 5.36e-01, 1.12e+00, -3.49e-01, -6.57e-01, -2.92e-01, 2.02e-01, 9.27e-01, -4.72e-01]
7650 [-6.58e-01, 8.16e-02, 6.07e-01, 5.35e-01, 1.12e+00, -3.56e-01, -6.57e-01, -2.92e-01, 2.04e-01, 9.27e-01, -4.70e-01]
7700 [-6.58e-01, 8.29e-02, 6.13e-01, 5.34e-01, 1.12e+00, -3.63e-01, -6.57e-01, -2.92e-01, 2.06e-01, 9.27e-01, -4.68e-01]
7750 [-6.59e-01, 8.42e-02, 6.19e-01, 5.34e-01, 1.12e+00, -3.69e-01, -6.57e-01, -2.92e-01, 2.08e-01, 9.27e-01, -4.65e-01]
7800 [-6.15e-01, 5.72e-02, 5.59e-01, 4.67e-01, 9.27e-01, -3.33e-02, -6.57e-01, -2.92e-01, 3.03e-01, 8.70e-01, -4.50e-01]
7850 [-6.15e-01, 7.08e-02, 5.23e-01, 4.67e-01, 9.10e-01, -7.92e-02, -6.57e-01, -2.92e-01, 2.83e-01, 8.66e-01, -4.53e-01]
7900 [-6.16e-01, 7.31e-02, 5.03e-01, 4.68e-01, 9.11e-01, -1.14e-01, -6.57e-01, -2.92e-01, 2.71e-01, 8.65e-01, -4.52e-01]
7950 [-6.17e-01, 7.55e-02, 4.92e-01, 4.68e-01, 9.12e-01, -1.40e-01, -6.57e-01, -2.92e-01, 2.62e-01, 8.65e-01, -4.51e-01]
8000 [-6.18e-01, 7.80e-02, 4.88e-01, 4.69e-01, 9.14e-01, -1.61e-01, -6.57e-01, -2.92e-01, 2.55e-01, 8.66e-01, -4.49e-01]
8050 [-6.20e-01, 8.05e-02, 4.87e-01, 4.70e-01, 9.15e-01, -1.79e-01, -6.57e-01, -2.92e-01, 2.50e-01, 8.66e-01, -4.46e-01]
8100 [-6.21e-01, 8.27e-02, 4.88e-01, 4.70e-01, 9.16e-01, -1.95e-01, -6.57e-01, -2.92e-01, 2.45e-01, 8.66e-01, -4.44e-01]
8150 [-6.22e-01, 8.49e-02, 4.91e-01, 4.71e-01, 9.18e-01, -2.10e-01, -6.57e-01, -2.92e-01, 2.42e-01, 8.66e-01, -4.42e-01]
8200 [-6.23e-01, 8.70e-02, 4.96e-01, 4.71e-01, 9.19e-01, -2.24e-01, -6.57e-01, -2.91e-01, 2.38e-01, 8.66e-01, -4.40e-01]
8250 [-6.25e-01, 8.91e-02, 5.02e-01, 4.71e-01, 9.21e-01, -2.37e-01, -6.57e-01, -2.91e-01, 2.36e-01, 8.66e-01, -4.37e-01]
8300 [-6.26e-01, 9.12e-02, 5.10e-01, 4.72e-01, 9.22e-01, -2.49e-01, -6.57e-01, -2.91e-01, 2.33e-01, 8.66e-01, -4.35e-01]
8350 [-6.27e-01, 9.35e-02, 5.17e-01, 4.72e-01, 9.24e-01, -2.61e-01, -6.57e-01, -2.91e-01, 2.32e-01, 8.66e-01, -4.33e-01]
8400 [-6.28e-01, 9.58e-02, 5.26e-01, 4.72e-01, 9.25e-01, -2.73e-01, -6.57e-01, -2.91e-01, 2.30e-01, 8.66e-01, -4.30e-01]
8450 [-6.30e-01, 9.82e-02, 5.35e-01, 4.72e-01, 9.27e-01, -2.84e-01, -6.57e-01, -2.91e-01, 2.29e-01, 8.67e-01, -4.28e-01]
8500 [-6.31e-01, 1.01e-01, 5.44e-01, 4.72e-01, 9.28e-01, -2.95e-01, -6.57e-01, -2.91e-01, 2.28e-01, 8.67e-01, -4.25e-01]
8550 [-6.32e-01, 1.03e-01, 5.54e-01, 4.71e-01, 9.30e-01, -3.06e-01, -6.57e-01, -2.90e-01, 2.27e-01, 8.67e-01, -4.23e-01]
8600 [-6.33e-01, 1.06e-01, 5.64e-01, 4.71e-01, 9.32e-01, -3.17e-01, -6.57e-01, -2.90e-01, 2.27e-01, 8.67e-01, -4.20e-01]
8650 [-5.64e-01, 1.18e-01, 4.81e-01, 5.47e-01, 8.99e-01, -2.28e-01, -6.57e-01, -2.90e-01, 3.12e-01, 8.03e-01, -4.09e-01]
8700 [-5.33e-01, 1.02e-01, 4.55e-01, 6.07e-01, 8.33e-01, -2.14e-01, -6.57e-01, -2.90e-01, 2.90e-01, 5.39e-01, -4.09e-01]
8750 [-5.35e-01, 1.02e-01, 4.67e-01, 6.06e-01, 8.34e-01, -2.29e-01, -6.57e-01, -2.89e-01, 2.90e-01, 5.33e-01, -4.06e-01]
8800 [-5.37e-01, 1.05e-01, 4.82e-01, 6.05e-01, 8.37e-01, -2.44e-01, -6.57e-01, -2.89e-01, 2.92e-01, 5.33e-01, -4.02e-01]
8850 [-5.39e-01, 1.08e-01, 4.97e-01, 6.03e-01, 8.39e-01, -2.59e-01, -6.57e-01, -2.89e-01, 2.96e-01, 5.34e-01, -3.98e-01]
8900 [-5.41e-01, 1.12e-01, 5.14e-01, 6.01e-01, 8.41e-01, -2.73e-01, -6.57e-01, -2.89e-01, 3.00e-01, 5.34e-01, -3.94e-01]
8950 [-5.43e-01, 1.15e-01, 5.30e-01, 6.00e-01, 8.43e-01, -2.87e-01, -6.57e-01, -2.88e-01, 3.04e-01, 5.34e-01, -3.90e-01]
9000 [-5.45e-01, 1.19e-01, 5.46e-01, 5.98e-01, 8.45e-01, -3.00e-01, -6.57e-01, -2.88e-01, 3.08e-01, 5.34e-01, -3.85e-01]
9050 [-5.47e-01, 1.23e-01, 5.63e-01, 5.96e-01, 8.48e-01, -3.14e-01, -6.57e-01, -2.88e-01, 3.12e-01, 5.34e-01, -3.81e-01]
9100 [-5.48e-01, 1.27e-01, 5.79e-01, 5.95e-01, 8.50e-01, -3.27e-01, -6.57e-01, -2.88e-01, 3.16e-01, 5.35e-01, -3.76e-01]
9150 [-5.50e-01, 1.30e-01, 5.95e-01, 5.93e-01, 8.51e-01, -3.41e-01, -6.57e-01, -2.88e-01, 3.20e-01, 5.35e-01, -3.71e-01]
9200 [-5.40e-01, 2.31e-03, 4.89e-01, 5.60e-01, 5.22e-01, 6.53e-02, -6.57e-01, -2.87e-01, -8.81e-03, 5.21e-01, -3.49e-01]
9250 [-5.39e-01, 6.71e-02, 3.59e-01, 5.22e-01, 4.66e-01, 5.26e-02, -6.57e-01, -2.88e-01, -1.12e-02, 4.99e-01, -3.41e-01]
9300 [-5.44e-01, 8.51e-02, 2.89e-01, 4.95e-01, 4.68e-01, 1.83e-02, -6.57e-01, -2.88e-01, 1.55e-02, 4.98e-01, -3.35e-01]
9350 [-5.49e-01, 1.08e-01, 2.59e-01, 4.75e-01, 4.71e-01, -1.11e-02, -6.57e-01, -2.88e-01, 3.68e-02, 4.97e-01, -3.29e-01]
9400 [-5.54e-01, 1.29e-01, 2.52e-01, 4.61e-01, 4.73e-01, -3.64e-02, -6.57e-01, -2.88e-01, 5.17e-02, 4.97e-01, -3.25e-01]
9450 [-5.58e-01, 1.41e-01, 2.55e-01, 4.51e-01, 4.76e-01, -5.88e-02, -6.57e-01, -2.88e-01, 6.21e-02, 4.97e-01, -3.21e-01]
9500 [-5.62e-01, 1.51e-01, 2.65e-01, 4.43e-01, 4.78e-01, -7.90e-02, -6.57e-01, -2.87e-01, 7.06e-02, 4.98e-01, -3.18e-01]
9550 [-5.67e-01, 1.60e-01, 2.78e-01, 4.37e-01, 4.80e-01, -9.78e-02, -6.57e-01, -2.87e-01, 7.84e-02, 4.98e-01, -3.14e-01]
9600 [-5.71e-01, 1.69e-01, 2.93e-01, 4.32e-01, 4.83e-01, -1.16e-01, -6.57e-01, -2.86e-01, 8.60e-02, 4.98e-01, -3.10e-01]
9650 [-5.74e-01, 1.78e-01, 3.10e-01, 4.27e-01, 4.86e-01, -1.33e-01, -6.57e-01, -2.86e-01, 9.34e-02, 4.98e-01, -3.06e-01]
9700 [-5.78e-01, 1.87e-01, 3.27e-01, 4.22e-01, 4.88e-01, -1.50e-01, -6.57e-01, -2.85e-01, 1.01e-01, 4.98e-01, -3.01e-01]
9750 [-5.81e-01, 1.95e-01, 3.45e-01, 4.18e-01, 4.91e-01, -1.66e-01, -6.57e-01, -2.85e-01, 1.08e-01, 4.98e-01, -2.96e-01]
9800 [-5.84e-01, 2.03e-01, 3.63e-01, 4.14e-01, 4.94e-01, -1.82e-01, -6.57e-01, -2.84e-01, 1.15e-01, 4.98e-01, -2.91e-01]
9850 [-4.72e-01, -1.16e-01, 2.92e-01, 3.24e-01, 4.49e-01, -1.31e-01, -6.51e-01, -2.82e-01, 6.05e-02, 3.95e-01, -2.42e-01]
9900 [-1.72e-01, 2.48e-01, -1.22e-01, 6.08e-01, 4.28e-01, -5.70e-01, 1.60e-01, 1.10e-01, 2.15e-02, -4.39e-01, 2.55e-02]
9950 [-1.69e-01, 2.50e-01, -1.06e-01, 7.40e-01, 3.73e-01, -5.08e-01, 1.66e-01, 8.40e-02, 1.22e-02, -5.08e-01, -1.04e-03]
10000 [-1.40e-01, 2.50e-01, -1.05e-01, 6.96e-01, 3.28e-01, -5.11e-01, 1.66e-01, 8.38e-02, 1.48e-02, -5.09e-01, -1.43e-03]
10000 [-1.40e-01, 2.50e-01, -1.05e-01, 6.96e-01, 3.28e-01, -5.11e-01, 1.66e-01, 8.38e-02, 1.48e-02, -5.09e-01, -1.43e-03]
10050 [-6.55e-02, 1.45e-01, -2.18e-01, 7.35e-01, 1.39e-01, -5.65e-01, 9.46e-02, 7.72e-02, 4.31e-02, -4.60e-01, 3.43e-03]
10100 [-1.50e-01, 1.43e-01, -2.23e-01, 7.31e-01, 1.51e-01, -5.85e-01, 9.36e-02, 1.08e-01, 4.41e-02, -4.56e-01, 1.74e-03]
10150 [-2.12e-01, 1.43e-01, -2.23e-01, 7.31e-01, 1.51e-01, -5.97e-01, 9.33e-02, 1.06e-01, 4.09e-02, -4.56e-01, 8.35e-04]
10200 [-2.55e-01, 1.43e-01, -2.20e-01, 7.32e-01, 1.51e-01, -6.09e-01, 9.30e-02, 1.04e-01, 3.66e-02, -4.56e-01, 8.10e-04]
10250 [-2.89e-01, 1.43e-01, -2.21e-01, 7.32e-01, 1.51e-01, -6.15e-01, 9.29e-02, 1.03e-01, 3.51e-02, -4.56e-01, 1.14e-03]
10300 [-3.19e-01, 1.43e-01, -2.12e-01, 7.32e-01, 1.51e-01, -6.27e-01, 9.26e-02, 1.06e-01, 3.36e-02, -4.56e-01, 2.75e-03]
10350 [-3.44e-01, 1.43e-01, -2.10e-01, 7.32e-01, 1.52e-01, -6.31e-01, 9.25e-02, 1.09e-01, 3.50e-02, -4.55e-01, 3.11e-03]
10400 [-3.65e-01, 1.42e-01, -2.15e-01, 7.31e-01, 1.53e-01, -6.32e-01, 9.25e-02, 1.13e-01, 4.09e-02, -4.55e-01, 1.77e-03]
10450 [-3.84e-01, 1.42e-01, -2.21e-01, 7.29e-01, 1.54e-01, -6.31e-01, 9.25e-02, 1.16e-01, 4.63e-02, -4.55e-01, 1.01e-03]
10500 [-4.00e-01, 1.42e-01, -2.27e-01, 7.28e-01, 1.57e-01, -6.30e-01, 9.25e-02, 1.20e-01, 5.10e-02, -4.55e-01, 6.48e-04]
10550 [-4.14e-01, 1.42e-01, -2.29e-01, 7.26e-01, 1.60e-01, -6.30e-01, 9.25e-02, 1.24e-01, 5.48e-02, -4.55e-01, 4.38e-04]
10600 [-4.27e-01, 1.42e-01, -2.30e-01, 7.25e-01, 1.63e-01, -6.30e-01, 9.25e-02, 1.27e-01, 5.81e-02, -4.55e-01, 2.58e-04]
10650 [-4.38e-01, 1.42e-01, -2.31e-01, 7.23e-01, 1.66e-01, -6.29e-01, 9.25e-02, 1.30e-01, 6.11e-02, -4.55e-01, 9.85e-05]
10700 [-4.50e-01, 1.42e-01, -2.32e-01, 7.22e-01, 1.68e-01, -6.29e-01, 9.25e-02, 1.32e-01, 6.37e-02, -4.55e-01, -4.24e-05]
10750 [-4.60e-01, 1.42e-01, -2.33e-01, 7.21e-01, 1.70e-01, -6.28e-01, 9.25e-02, 1.34e-01, 6.59e-02, -4.55e-01, -1.69e-04]
10800 [-4.71e-01, 1.42e-01, -2.34e-01, 7.20e-01, 1.72e-01, -6.28e-01, 9.25e-02, 1.35e-01, 6.79e-02, -4.55e-01, -2.84e-04]
10850 [-4.80e-01, 1.42e-01, -2.34e-01, 7.19e-01, 1.73e-01, -6.28e-01, 9.25e-02, 1.37e-01, 6.97e-02, -4.55e-01, -3.90e-04]
10900 [-4.90e-01, 1.42e-01, -2.35e-01, 7.19e-01, 1.74e-01, -6.27e-01, 9.25e-02, 1.38e-01, 7.14e-02, -4.55e-01, -4.89e-04]
10950 [-4.99e-01, 1.42e-01, -2.36e-01, 7.18e-01, 1.75e-01, -6.27e-01, 9.25e-02, 1.39e-01, 7.30e-02, -4.55e-01, -5.84e-04]
11000 [-5.09e-01, 1.42e-01, -2.36e-01, 7.17e-01, 1.75e-01, -6.27e-01, 9.25e-02, 1.40e-01, 7.45e-02, -4.55e-01, -6.74e-04]
11050 [-5.18e-01, 1.42e-01, -2.37e-01, 7.16e-01, 1.75e-01, -6.26e-01, 9.25e-02, 1.41e-01, 7.61e-02, -4.55e-01, -7.44e-04]
11100 [-5.26e-01, 1.42e-01, -2.37e-01, 7.16e-01, 1.74e-01, -6.26e-01, 9.25e-02, 1.42e-01, 7.71e-02, -4.55e-01, -7.71e-04]
11150 [-5.34e-01, 1.42e-01, -2.38e-01, 7.15e-01, 1.72e-01, -6.26e-01, 9.25e-02, 1.43e-01, 7.81e-02, -4.54e-01, -7.89e-04]
11200 [-5.42e-01, 1.42e-01, -2.38e-01, 7.14e-01, 1.71e-01, -6.26e-01, 9.25e-02, 1.44e-01, 7.90e-02, -4.54e-01, -8.05e-04]
11250 [-5.50e-01, 1.42e-01, -2.39e-01, 7.13e-01, 1.69e-01, -6.26e-01, 9.25e-02, 1.45e-01, 7.98e-02, -4.54e-01, -8.19e-04]
11300 [-5.57e-01, 1.42e-01, -2.41e-01, 7.12e-01, 1.68e-01, -6.26e-01, 9.25e-02, 1.46e-01, 8.05e-02, -4.54e-01, -8.31e-04]
11350 [-5.61e-01, 1.42e-01, -2.42e-01, 7.11e-01, 1.50e-01, -6.26e-01, 9.25e-02, 1.47e-01, 8.10e-02, -4.54e-01, -8.29e-04]
11400 [-5.65e-01, 1.42e-01, -2.43e-01, 7.11e-01, 1.40e-01, -6.26e-01, 9.25e-02, 1.48e-01, 8.12e-02, -4.54e-01, -8.18e-04]
11450 [-5.68e-01, 1.42e-01, -2.45e-01, 7.10e-01, 1.35e-01, -6.26e-01, 9.25e-02, 1.49e-01, 8.12e-02, -4.54e-01, -8.05e-04]
11500 [-5.71e-01, 1.41e-01, -2.46e-01, 7.10e-01, 1.31e-01, -6.26e-01, 9.25e-02, 1.50e-01, 8.10e-02, -4.53e-01, -7.90e-04]
11550 [-5.74e-01, 1.41e-01, -2.48e-01, 7.10e-01, 1.28e-01, -6.26e-01, 9.25e-02, 1.51e-01, 8.06e-02, -4.53e-01, -7.73e-04]
11600 [-5.69e-01, 1.41e-01, -2.50e-01, 7.10e-01, 1.22e-01, -6.26e-01, 9.25e-02, 1.52e-01, 8.00e-02, -4.53e-01, -7.54e-04]
11650 [-5.71e-01, 1.41e-01, -2.52e-01, 7.09e-01, 1.17e-01, -6.26e-01, 9.25e-02, 1.54e-01, 7.91e-02, -4.52e-01, -7.39e-04]
11700 [-5.75e-01, 1.41e-01, -2.55e-01, 7.09e-01, 1.16e-01, -6.26e-01, 9.25e-02, 1.56e-01, 7.79e-02, -4.51e-01, -7.29e-04]
11750 [-5.81e-01, 1.41e-01, -2.58e-01, 7.09e-01, 1.23e-01, -6.26e-01, 9.25e-02, 1.58e-01, 7.58e-02, -4.51e-01, -7.23e-04]
11800 [-5.78e-01, 1.41e-01, -2.60e-01, 7.07e-01, 1.49e-01, -6.25e-01, 9.25e-02, 1.63e-01, 7.23e-02, -4.50e-01, -7.21e-04]
11850 [-5.63e-01, 1.41e-01, -2.65e-01, 7.04e-01, 1.63e-01, -6.25e-01, 9.25e-02, 1.68e-01, 6.79e-02, -4.49e-01, -7.18e-04]
11900 [-5.56e-01, 1.41e-01, -2.68e-01, 7.05e-01, 1.50e-01, -6.25e-01, 9.25e-02, 1.71e-01, 6.61e-02, -4.48e-01, -7.10e-04]
11950 [-5.56e-01, 1.41e-01, -2.69e-01, 7.06e-01, 1.70e-01, -6.25e-01, 9.25e-02, 1.74e-01, 6.48e-02, -4.48e-01, -7.10e-04]
12000 [-5.61e-01, 1.42e-01, -2.67e-01, 7.06e-01, 1.94e-01, -6.25e-01, 9.25e-02, 1.76e-01, 6.38e-02, -4.48e-01, -7.11e-04]
12050 [-5.66e-01, 1.42e-01, -2.65e-01, 7.06e-01, 2.12e-01, -6.25e-01, 9.25e-02, 1.78e-01, 6.30e-02, -4.48e-01, -7.13e-04]
12100 [-5.71e-01, 1.43e-01, -2.63e-01, 7.05e-01, 2.26e-01, -6.25e-01, 9.25e-02, 1.80e-01, 6.23e-02, -4.48e-01, -7.13e-04]
12150 [-5.75e-01, 1.43e-01, -2.61e-01, 7.05e-01, 2.39e-01, -6.25e-01, 9.25e-02, 1.81e-01, 6.17e-02, -4.47e-01, -7.14e-04]
12200 [-5.74e-01, 1.43e-01, -2.59e-01, 7.04e-01, 2.54e-01, -6.25e-01, 9.25e-02, 1.83e-01, 6.12e-02, -4.47e-01, -7.14e-04]
12250 [-5.77e-01, 1.43e-01, -2.56e-01, 7.04e-01, 2.74e-01, -6.25e-01, 9.25e-02, 1.84e-01, 6.07e-02, -4.47e-01, -7.13e-04]
12300 [-5.73e-01, 1.43e-01, -2.54e-01, 7.03e-01, 2.97e-01, -6.25e-01, 9.25e-02, 1.86e-01, 6.05e-02, -4.46e-01, -7.11e-04]
12350 [-5.76e-01, 1.43e-01, -2.51e-01, 7.03e-01, 3.29e-01, -6.25e-01, 9.25e-02, 1.87e-01, 6.03e-02, -4.46e-01, -7.09e-04]
12400 [-5.70e-01, 1.43e-01, -2.48e-01, 7.03e-01, 3.59e-01, -6.25e-01, 9.25e-02, 1.88e-01, 6.02e-02, -4.46e-01, -7.06e-04]
12450 [-5.69e-01, 1.43e-01, -2.46e-01, 7.03e-01, 3.96e-01, -6.25e-01, 9.25e-02, 1.90e-01, 6.02e-02, -4.45e-01, -7.03e-04]
12500 [-5.72e-01, 1.43e-01, -2.43e-01, 7.03e-01, 4.43e-01, -6.25e-01, 9.25e-02, 1.90e-01, 6.02e-02, -4.45e-01, -7.00e-04]
12550 [-5.75e-01, 1.43e-01, -2.40e-01, 7.03e-01, 4.91e-01, -6.25e-01, 9.25e-02, 1.91e-01, 6.03e-02, -4.44e-01, -6.97e-04]
12600 [-5.75e-01, 1.43e-01, -2.37e-01, 7.03e-01, 4.85e-01, -6.25e-01, 9.25e-02, 1.91e-01, 6.05e-02, -4.44e-01, -6.94e-04]
12650 [-5.73e-01, 1.44e-01, -2.34e-01, 7.03e-01, 4.48e-01, -6.25e-01, 9.25e-02, 1.92e-01, 6.06e-02, -4.44e-01, -6.90e-04]
12700 [-5.70e-01, 1.44e-01, -2.31e-01, 7.02e-01, 4.33e-01, -6.25e-01, 9.25e-02, 1.91e-01, 6.06e-02, -4.44e-01, -6.87e-04]
12750 [-5.70e-01, 1.45e-01, -2.28e-01, 7.01e-01, 4.66e-01, -6.25e-01, 9.25e-02, 1.89e-01, 6.05e-02, -4.43e-01, -6.85e-04]
12800 [-5.75e-01, 1.45e-01, -2.24e-01, 7.00e-01, 5.17e-01, -6.24e-01, 9.25e-02, 1.86e-01, 6.04e-02, -4.43e-01, -6.85e-04]
12850 [-5.79e-01, 1.45e-01, -2.19e-01, 6.98e-01, 5.61e-01, -6.24e-01, 9.25e-02, 1.84e-01, 6.03e-02, -4.43e-01, -6.85e-04]
12900 [-5.83e-01, 1.46e-01, -2.15e-01, 6.98e-01, 5.94e-01, -6.24e-01, 9.25e-02, 1.83e-01, 6.02e-02, -4.43e-01, -6.85e-04]
12950 [-5.87e-01, 1.47e-01, -2.11e-01, 6.97e-01, 6.22e-01, -6.24e-01, 9.25e-02, 1.82e-01, 6.01e-02, -4.43e-01, -6.85e-04]
13000 [-5.88e-01, 1.47e-01, -2.07e-01, 6.96e-01, 6.19e-01, -6.24e-01, 9.25e-02, 1.81e-01, 6.01e-02, -4.43e-01, -6.85e-04]
13050 [-5.88e-01, 1.48e-01, -2.03e-01, 6.95e-01, 6.03e-01, -6.24e-01, 9.25e-02, 1.80e-01, 6.00e-02, -4.43e-01, -6.85e-04]
13100 [-5.92e-01, 1.49e-01, -1.99e-01, 6.94e-01, 6.28e-01, -6.24e-01, 9.25e-02, 1.79e-01, 5.99e-02, -4.43e-01, -6.86e-04]
13150 [-5.80e-01, 1.49e-01, -1.95e-01, 6.93e-01, 5.86e-01, -6.24e-01, 9.25e-02, 1.78e-01, 6.00e-02, -4.43e-01, -6.86e-04]
13200 [-5.83e-01, 1.50e-01, -1.90e-01, 6.92e-01, 6.07e-01, -6.24e-01, 9.25e-02, 1.77e-01, 5.99e-02, -4.43e-01, -6.86e-04]
13250 [-5.87e-01, 1.51e-01, -1.86e-01, 6.91e-01, 6.32e-01, -6.24e-01, 9.25e-02, 1.77e-01, 5.98e-02, -4.43e-01, -6.86e-04]
13300 [-5.91e-01, 1.52e-01, -1.81e-01, 6.91e-01, 6.56e-01, -6.24e-01, 9.25e-02, 1.76e-01, 5.98e-02, -4.43e-01, -6.86e-04]
13350 [-5.81e-01, 1.52e-01, -1.77e-01, 6.90e-01, 5.42e-01, -6.24e-01, 9.25e-02, 1.76e-01, 5.99e-02, -4.43e-01, -6.86e-04]
13400 [-5.80e-01, 1.53e-01, -1.72e-01, 6.89e-01, 4.86e-01, -6.24e-01, 9.25e-02, 1.75e-01, 5.99e-02, -4.43e-01, -6.86e-04]
13450 [-5.84e-01, 1.54e-01, -1.67e-01, 6.88e-01, 5.09e-01, -6.24e-01, 9.25e-02, 1.75e-01, 5.99e-02, -4.43e-01, -6.86e-04]
13500 [-5.89e-01, 1.55e-01, -1.62e-01, 6.88e-01, 5.33e-01, -6.24e-01, 9.25e-02, 1.74e-01, 5.98e-02, -4.43e-01, -6.86e-04]
13550 [-5.93e-01, 1.55e-01, -1.57e-01, 6.87e-01, 5.56e-01, -6.24e-01, 9.25e-02, 1.74e-01, 5.97e-02, -4.43e-01, -6.86e-04]
13600 [-5.66e-01, 1.56e-01, -1.53e-01, 6.85e-01, 5.59e-01, -6.24e-01, 9.25e-02, 1.73e-01, 5.98e-02, -4.43e-01, -6.86e-04]
13650 [-5.70e-01, 1.56e-01, -1.47e-01, 6.85e-01, 5.78e-01, -6.24e-01, 9.25e-02, 1.73e-01, 5.97e-02, -4.43e-01, -6.86e-04]
13700 [-5.75e-01, 1.57e-01, -1.42e-01, 6.84e-01, 6.01e-01, -6.24e-01, 9.25e-02, 1.73e-01, 5.97e-02, -4.43e-01, -6.86e-04]
13750 [-5.79e-01, 1.58e-01, -1.36e-01, 6.84e-01, 6.25e-01, -6.24e-01, 9.25e-02, 1.73e-01, 5.97e-02, -4.43e-01, -6.86e-04]
13800 [-5.84e-01, 1.59e-01, -1.30e-01, 6.83e-01, 6.48e-01, -6.24e-01, 9.25e-02, 1.73e-01, 5.96e-02, -4.43e-01, -6.86e-04]
13850 [-5.89e-01, 1.59e-01, -1.25e-01, 6.83e-01, 6.71e-01, -6.24e-01, 9.25e-02, 1.72e-01, 5.96e-02, -4.43e-01, -6.86e-04]
13900 [-5.56e-01, 1.58e-01, -1.21e-01, 6.81e-01, 4.25e-01, -6.24e-01, 9.25e-02, 1.73e-01, 6.02e-02, -4.42e-01, -6.86e-04]
13950 [-5.54e-01, 1.59e-01, -1.15e-01, 6.81e-01, 4.10e-01, -6.23e-01, 9.25e-02, 1.73e-01, 6.03e-02, -4.42e-01, -6.85e-04]
14000 [-5.60e-01, 1.60e-01, -1.08e-01, 6.80e-01, 4.35e-01, -6.23e-01, 9.25e-02, 1.73e-01, 6.03e-02, -4.42e-01, -6.85e-04]
14050 [-5.65e-01, 1.61e-01, -1.01e-01, 6.80e-01, 4.61e-01, -6.23e-01, 9.25e-02, 1.73e-01, 6.02e-02, -4.42e-01, -6.85e-04]
14100 [-5.71e-01, 1.62e-01, -9.46e-02, 6.79e-01, 4.86e-01, -6.23e-01, 9.25e-02, 1.73e-01, 6.02e-02, -4.42e-01, -6.85e-04]
14150 [-5.76e-01, 1.62e-01, -8.80e-02, 6.79e-01, 5.11e-01, -6.23e-01, 9.25e-02, 1.73e-01, 6.02e-02, -4.42e-01, -6.85e-04]
14200 [-5.82e-01, 1.63e-01, -8.13e-02, 6.78e-01, 5.36e-01, -6.23e-01, 9.25e-02, 1.73e-01, 6.02e-02, -4.42e-01, -6.85e-04]
14250 [-5.87e-01, 1.64e-01, -7.47e-02, 6.78e-01, 5.60e-01, -6.23e-01, 9.25e-02, 1.73e-01, 6.02e-02, -4.42e-01, -6.85e-04]
14300 [-5.15e-01, 1.63e-01, -6.92e-02, 6.75e-01, 5.17e-01, -6.23e-01, 9.25e-02, 1.73e-01, 6.03e-02, -4.42e-01, -6.85e-04]
14350 [-5.10e-01, 1.64e-01, -6.12e-02, 6.75e-01, 5.02e-01, -6.23e-01, 9.25e-02, 1.74e-01, 6.03e-02, -4.42e-01, -6.85e-04]
14400 [-5.17e-01, 1.65e-01, -5.30e-02, 6.74e-01, 5.29e-01, -6.23e-01, 9.25e-02, 1.74e-01, 6.03e-02, -4.42e-01, -6.85e-04]
14450 [-5.24e-01, 1.65e-01, -4.50e-02, 6.74e-01, 5.58e-01, -6.23e-01, 9.25e-02, 1.74e-01, 6.03e-02, -4.42e-01, -6.85e-04]
14500 [-5.31e-01, 1.66e-01, -3.72e-02, 6.73e-01, 5.85e-01, -6.23e-01, 9.25e-02, 1.74e-01, 6.03e-02, -4.42e-01, -6.85e-04]
14550 [-5.38e-01, 1.67e-01, -2.95e-02, 6.73e-01, 6.11e-01, -6.23e-01, 9.25e-02, 1.75e-01, 6.03e-02, -4.42e-01, -6.85e-04]
14600 [-5.45e-01, 1.68e-01, -2.19e-02, 6.72e-01, 6.37e-01, -6.23e-01, 9.25e-02, 1.75e-01, 6.03e-02, -4.42e-01, -6.85e-04]
14650 [-5.51e-01, 1.69e-01, -1.43e-02, 6.72e-01, 4.07e-01, -6.23e-01, 9.25e-02, 1.75e-01, 6.07e-02, -4.42e-01, -6.85e-04]
14700 [-5.58e-01, 1.69e-01, -6.94e-03, 6.71e-01, 3.73e-01, -6.23e-01, 9.25e-02, 1.76e-01, 6.08e-02, -4.42e-01, -6.85e-04]
14750 [-5.64e-01, 1.70e-01, 6.08e-04, 6.71e-01, 3.97e-01, -6.23e-01, 9.25e-02, 1.76e-01, 6.08e-02, -4.42e-01, -6.85e-04]
14800 [-5.70e-01, 1.70e-01, 8.09e-03, 6.70e-01, 4.20e-01, -6.23e-01, 9.25e-02, 1.76e-01, 6.08e-02, -4.42e-01, -6.85e-04]
14850 [-5.66e-01, 1.70e-01, 1.53e-02, 6.69e-01, 4.43e-01, -6.23e-01, 9.25e-02, 1.76e-01, 6.09e-02, -4.42e-01, -6.85e-04]
14900 [-5.07e-01, 1.70e-01, 2.32e-02, 6.67e-01, 4.53e-01, -6.23e-01, 9.25e-02, 1.76e-01, 6.09e-02, -4.42e-01, -6.85e-04]
14950 [-5.13e-01, 1.71e-01, 3.21e-02, 6.66e-01, 4.76e-01, -6.23e-01, 9.25e-02, 1.77e-01, 6.09e-02, -4.42e-01, -6.85e-04]
15000 [-5.21e-01, 1.71e-01, 4.08e-02, 6.65e-01, 5.02e-01, -6.23e-01, 9.25e-02, 1.77e-01, 6.10e-02, -4.42e-01, -6.85e-04]
15000 [-5.21e-01, 1.71e-01, 4.08e-02, 6.65e-01, 5.02e-01, -6.23e-01, 9.25e-02, 1.77e-01, 6.10e-02, -4.42e-01, -6.85e-04]
15050 [-4.44e-01, 1.41e-01, 1.08e-01, 5.99e-01, 2.84e-01, -4.58e-01, 4.44e-02, 2.49e-01, 1.72e-01, -2.93e-01, 6.25e-02]
15100 [-4.50e-01, 1.89e-01, 1.28e-01, 5.85e-01, 2.70e-01, -4.54e-01, 4.38e-02, 2.47e-01, 1.84e-01, -2.85e-01, 6.32e-02]
15150 [-4.56e-01, 1.06e-01, 1.46e-01, 5.75e-01, 2.68e-01, -4.54e-01, 4.38e-02, 2.46e-01, 1.86e-01, -2.85e-01, 6.32e-02]
15200 [-4.62e-01, 4.64e-02, 1.64e-01, 5.68e-01, 2.67e-01, -4.54e-01, 4.38e-02, 2.45e-01, 1.89e-01, -2.86e-01, 6.32e-02]
15250 [-4.67e-01, 6.69e-02, 1.82e-01, 5.61e-01, 2.66e-01, -4.53e-01, 4.38e-02, 2.45e-01, 1.93e-01, -2.87e-01, 6.33e-02]
15300 [-4.71e-01, 6.87e-02, 1.99e-01, 5.54e-01, 2.65e-01, -4.53e-01, 4.38e-02, 2.44e-01, 1.96e-01, -2.88e-01, 6.33e-02]
15350 [-4.75e-01, 8.88e-02, 2.14e-01, 5.47e-01, 2.64e-01, -4.53e-01, 4.38e-02, 2.44e-01, 1.99e-01, -2.89e-01, 6.34e-02]
15400 [-4.78e-01, 9.59e-02, 2.26e-01, 5.40e-01, 2.64e-01, -4.53e-01, 4.38e-02, 2.44e-01, 2.03e-01, -2.90e-01, 6.35e-02]
15450 [-4.82e-01, 1.04e-01, 2.39e-01, 5.33e-01, 2.63e-01, -4.53e-01, 4.38e-02, 2.44e-01, 2.06e-01, -2.91e-01, 6.35e-02]
15500 [-4.85e-01, 1.22e-01, 2.51e-01, 5.26e-01, 2.63e-01, -4.53e-01, 4.38e-02, 2.44e-01, 2.09e-01, -2.92e-01, 6.36e-02]
15550 [-4.88e-01, 1.32e-01, 2.63e-01, 5.19e-01, 2.63e-01, -4.53e-01, 4.38e-02, 2.44e-01, 2.12e-01, -2.92e-01, 6.37e-02]
15600 [-4.91e-01, 1.41e-01, 2.76e-01, 5.13e-01, 2.63e-01, -4.53e-01, 4.38e-02, 2.44e-01, 2.15e-01, -2.91e-01, 6.38e-02]
15650 [-4.93e-01, 1.35e-01, 2.88e-01, 5.07e-01, 2.63e-01, -4.53e-01, 4.38e-02, 2.44e-01, 2.18e-01, -2.91e-01, 6.39e-02]
15700 [-4.89e-01, 8.27e-02, 2.97e-01, 4.98e-01, 2.63e-01, -4.53e-01, 4.38e-02, 2.44e-01, 2.21e-01, -2.91e-01, 6.40e-02]
15750 [-4.93e-01, 1.64e-01, 3.13e-01, 4.93e-01, 2.63e-01, -4.53e-01, 4.38e-02, 2.45e-01, 2.24e-01, -2.91e-01, 6.42e-02]
15800 [-4.96e-01, 1.83e-01, 3.25e-01, 4.87e-01, 2.63e-01, -4.53e-01, 4.38e-02, 2.45e-01, 2.27e-01, -2.91e-01, 6.43e-02]
15850 [-4.90e-01, 2.38e-02, 3.31e-01, 4.81e-01, 2.63e-01, -4.53e-01, 4.38e-02, 2.45e-01, 2.30e-01, -2.90e-01, 6.45e-02]
15900 [-4.57e-01, 5.35e-02, 3.35e-01, 4.64e-01, 2.63e-01, -4.51e-01, 4.38e-02, 2.46e-01, 2.37e-01, -2.84e-01, 6.48e-02]
15950 [-4.63e-01, 6.40e-02, 3.56e-01, 4.59e-01, 2.64e-01, -4.51e-01, 4.38e-02, 2.46e-01, 2.40e-01, -2.85e-01, 6.50e-02]
16000 [-4.68e-01, 7.49e-02, 3.75e-01, 4.54e-01, 2.64e-01, -4.51e-01, 4.38e-02, 2.46e-01, 2.43e-01, -2.87e-01, 6.51e-02]
16050 [-4.72e-01, 1.24e-01, 3.93e-01, 4.49e-01, 2.65e-01, -4.51e-01, 4.38e-02, 2.47e-01, 2.47e-01, -2.88e-01, 6.53e-02]
16100 [-4.76e-01, 1.78e-01, 4.08e-01, 4.44e-01, 2.65e-01, -4.51e-01, 4.38e-02, 2.47e-01, 2.50e-01, -2.87e-01, 6.55e-02]
16150 [-4.78e-01, 1.96e-01, 4.21e-01, 4.40e-01, 2.66e-01, -4.52e-01, 4.38e-02, 2.48e-01, 2.52e-01, -2.86e-01, 6.58e-02]
16200 [-4.81e-01, 2.01e-01, 4.34e-01, 4.36e-01, 2.66e-01, -4.52e-01, 4.38e-02, 2.48e-01, 2.54e-01, -2.86e-01, 6.60e-02]
16250 [-4.80e-01, 1.69e-01, 4.44e-01, 4.32e-01, 2.66e-01, -4.52e-01, 4.38e-02, 2.49e-01, 2.56e-01, -2.86e-01, 6.63e-02]
16300 [-4.29e-01, 1.44e-02, 4.48e-01, 4.10e-01, 2.65e-01, -4.38e-01, 4.38e-02, 2.49e-01, 2.73e-01, -2.71e-01, 6.74e-02]
16350 [-4.34e-01, 5.12e-02, 4.77e-01, 4.04e-01, 2.65e-01, -4.37e-01, 4.38e-02, 2.50e-01, 2.80e-01, -2.71e-01, 6.78e-02]
16400 [-4.41e-01, 7.51e-02, 5.01e-01, 4.00e-01, 2.65e-01, -4.37e-01, 4.38e-02, 2.50e-01, 2.84e-01, -2.73e-01, 6.81e-02]
16450 [-4.46e-01, 1.09e-01, 5.22e-01, 3.96e-01, 2.66e-01, -4.37e-01, 4.38e-02, 2.51e-01, 2.87e-01, -2.74e-01, 6.84e-02]
16500 [-4.50e-01, 1.39e-01, 5.38e-01, 3.93e-01, 2.67e-01, -4.38e-01, 4.38e-02, 2.51e-01, 2.90e-01, -2.74e-01, 6.87e-02]
16550 [-4.53e-01, 1.60e-01, 5.52e-01, 3.91e-01, 2.68e-01, -4.38e-01, 4.38e-02, 2.52e-01, 2.91e-01, -2.73e-01, 6.91e-02]
16600 [-4.56e-01, 1.75e-01, 5.64e-01, 3.89e-01, 2.68e-01, -4.38e-01, 4.38e-02, 2.52e-01, 2.92e-01, -2.73e-01, 6.95e-02]
16650 [-4.59e-01, 1.86e-01, 5.75e-01, 3.87e-01, 2.69e-01, -4.38e-01, 4.38e-02, 2.53e-01, 2.92e-01, -2.74e-01, 7.00e-02]
16700 [-4.61e-01, 1.95e-01, 5.86e-01, 3.86e-01, 2.70e-01, -4.39e-01, 4.38e-02, 2.54e-01, 2.93e-01, -2.74e-01, 7.04e-02]
16750 [-4.64e-01, 2.01e-01, 5.96e-01, 3.84e-01, 2.70e-01, -4.39e-01, 4.38e-02, 2.54e-01, 2.93e-01, -2.74e-01, 7.09e-02]
16800 [-4.65e-01, 2.05e-01, 6.05e-01, 3.83e-01, 2.71e-01, -4.39e-01, 4.38e-02, 2.55e-01, 2.93e-01, -2.74e-01, 7.14e-02]
16850 [-4.10e-01, -1.18e-01, 3.48e-01, 4.33e-01, 5.90e-01, -7.67e-02, 1.43e-02, -1.65e-01, 6.35e-01, -2.67e-01, 5.84e-02]
16900 [-2.83e-01, -1.67e-01, 2.13e-01, 7.51e-02, 2.14e+00, 7.35e-01, 1.78e-01, -2.92e-01, 1.11e+00, 1.89e-01, -8.00e-02]
16950 [-2.82e-01, -1.67e-01, 2.14e-01, 8.15e-02, 2.71e+00, 6.49e-01, 1.78e-01, -2.41e-01, 1.04e+00, 1.79e-01, -4.72e-02]
17000 [-2.82e-01, -1.67e-01, 2.14e-01, 8.93e-02, 2.90e+00, 5.87e-01, 1.78e-01, -2.13e-01, 9.95e-01, 1.78e-01, -4.39e-02]
17050 [-2.82e-01, -1.67e-01, 2.15e-01, 9.62e-02, 3.01e+00, 5.45e-01, 1.78e-01, -1.92e-01, 9.57e-01, 1.78e-01, -4.78e-02]
17100 [-2.82e-01, -1.67e-01, 2.16e-01, 1.02e-01, 3.08e+00, 5.15e-01, 1.78e-01, -1.76e-01, 9.27e-01, 1.78e-01, -5.11e-02]
17150 [-2.82e-01, -1.67e-01, 2.16e-01, 1.08e-01, 3.13e+00, 4.92e-01, 1.78e-01, -1.62e-01, 9.04e-01, 1.78e-01, -5.43e-02]
17200 [-2.82e-01, -1.67e-01, 2.17e-01, 1.13e-01, 3.16e+00, 4.75e-01, 1.78e-01, -1.50e-01, 8.85e-01, 1.78e-01, -5.73e-02]
17250 [-2.82e-01, -1.67e-01, 2.17e-01, 1.17e-01, 3.19e+00, 4.61e-01, 1.78e-01, -1.40e-01, 8.68e-01, 1.78e-01, -6.01e-02]
17300 [-2.82e-01, -1.67e-01, 2.18e-01, 1.22e-01, 3.21e+00, 4.50e-01, 1.78e-01, -1.31e-01, 8.55e-01, 1.79e-01, -6.27e-02]
17350 [-2.82e-01, -1.67e-01, 2.18e-01, 1.26e-01, 3.23e+00, 4.41e-01, 1.78e-01, -1.23e-01, 8.43e-01, 1.79e-01, -6.50e-02]
17400 [-2.81e-01, -1.67e-01, 2.18e-01, 1.30e-01, 3.25e+00, 4.33e-01, 1.78e-01, -1.16e-01, 8.32e-01, 1.79e-01, -6.70e-02]
17450 [-2.81e-01, -1.67e-01, 2.19e-01, 1.34e-01, 3.26e+00, 4.27e-01, 1.78e-01, -1.10e-01, 8.23e-01, 1.80e-01, -6.88e-02]
17500 [-2.81e-01, -1.67e-01, 2.19e-01, 1.38e-01, 3.27e+00, 4.22e-01, 1.78e-01, -1.04e-01, 8.15e-01, 1.81e-01, -7.02e-02]
17550 [-2.81e-01, -1.67e-01, 2.19e-01, 1.41e-01, 3.27e+00, 4.18e-01, 1.78e-01, -9.95e-02, 8.09e-01, 1.81e-01, -7.15e-02]
17600 [-2.81e-01, -1.67e-01, 2.19e-01, 1.44e-01, 3.28e+00, 4.15e-01, 1.78e-01, -9.50e-02, 8.03e-01, 1.82e-01, -7.25e-02]
17650 [-2.81e-01, -1.67e-01, 2.20e-01, 1.48e-01, 3.28e+00, 4.12e-01, 1.78e-01, -9.10e-02, 7.98e-01, 1.83e-01, -7.34e-02]
17700 [-2.81e-01, -1.67e-01, 2.20e-01, 1.51e-01, 3.29e+00, 4.10e-01, 1.78e-01, -8.75e-02, 7.93e-01, 1.83e-01, -7.40e-02]
17750 [-2.81e-01, -1.67e-01, 2.20e-01, 1.53e-01, 3.29e+00, 4.08e-01, 1.78e-01, -8.43e-02, 7.90e-01, 1.84e-01, -7.45e-02]
17800 [-2.81e-01, -1.67e-01, 2.20e-01, 1.56e-01, 3.29e+00, 4.07e-01, 1.78e-01, -8.15e-02, 7.87e-01, 1.85e-01, -7.49e-02]
17850 [-2.81e-01, -1.67e-01, 2.20e-01, 1.58e-01, 3.30e+00, 4.05e-01, 1.78e-01, -7.89e-02, 7.84e-01, 1.85e-01, -7.53e-02]
17900 [-2.81e-01, -1.67e-01, 2.21e-01, 1.61e-01, 3.30e+00, 4.04e-01, 1.78e-01, -7.67e-02, 7.82e-01, 1.86e-01, -7.55e-02]
17950 [-2.81e-01, -1.67e-01, 2.21e-01, 1.63e-01, 3.30e+00, 4.04e-01, 1.78e-01, -7.47e-02, 7.80e-01, 1.86e-01, -7.57e-02]
18000 [-2.81e-01, -1.67e-01, 2.21e-01, 1.65e-01, 3.30e+00, 4.03e-01, 1.78e-01, -7.29e-02, 7.79e-01, 1.87e-01, -7.58e-02]
18050 [-2.81e-01, -1.67e-01, 2.21e-01, 1.66e-01, 3.30e+00, 4.02e-01, 1.78e-01, -7.13e-02, 7.78e-01, 1.87e-01, -7.59e-02]
18100 [-2.81e-01, -1.67e-01, 2.21e-01, 1.68e-01, 3.30e+00, 4.02e-01, 1.78e-01, -6.99e-02, 7.77e-01, 1.87e-01, -7.59e-02]
18150 [-2.81e-01, -1.67e-01, 2.21e-01, 1.69e-01, 3.30e+00, 4.02e-01, 1.78e-01, -6.87e-02, 7.76e-01, 1.88e-01, -7.60e-02]
18200 [-2.81e-01, -1.67e-01, 2.21e-01, 1.70e-01, 3.30e+00, 4.02e-01, 1.78e-01, -6.76e-02, 7.75e-01, 1.88e-01, -7.60e-02]
18250 [-2.81e-01, -1.67e-01, 2.21e-01, 1.71e-01, 3.30e+00, 4.01e-01, 1.78e-01, -6.67e-02, 7.75e-01, 1.88e-01, -7.60e-02]
18300 [-2.81e-01, -1.67e-01, 2.21e-01, 1.72e-01, 3.31e+00, 4.01e-01, 1.78e-01, -6.58e-02, 7.75e-01, 1.88e-01, -7.60e-02]
18350 [-2.81e-01, -1.67e-01, 2.21e-01, 1.73e-01, 3.31e+00, 4.01e-01, 1.78e-01, -6.51e-02, 7.74e-01, 1.88e-01, -7.60e-02]
18400 [-2.81e-01, -1.67e-01, 2.21e-01, 1.74e-01, 3.31e+00, 4.01e-01, 1.78e-01, -6.45e-02, 7.74e-01, 1.88e-01, -7.61e-02]
18450 [-2.81e-01, -1.67e-01, 2.22e-01, 1.74e-01, 3.31e+00, 4.01e-01, 1.78e-01, -6.39e-02, 7.74e-01, 1.88e-01, -7.61e-02]
18500 [-2.80e-01, -1.67e-01, 2.22e-01, 1.75e-01, 3.31e+00, 4.01e-01, 1.78e-01, -6.34e-02, 7.74e-01, 1.88e-01, -7.61e-02]
18550 [-2.80e-01, -1.67e-01, 2.22e-01, 1.75e-01, 3.31e+00, 4.01e-01, 1.78e-01, -6.30e-02, 7.74e-01, 1.88e-01, -7.61e-02]
18600 [-2.80e-01, -1.67e-01, 2.22e-01, 1.76e-01, 3.31e+00, 4.01e-01, 1.78e-01, -6.26e-02, 7.74e-01, 1.88e-01, -7.61e-02]
18650 [-2.80e-01, -1.67e-01, 2.22e-01, 1.76e-01, 3.31e+00, 4.01e-01, 1.78e-01, -6.23e-02, 7.74e-01, 1.88e-01, -7.61e-02]
18700 [-2.80e-01, -1.67e-01, 2.22e-01, 1.76e-01, 3.31e+00, 4.01e-01, 1.78e-01, -6.20e-02, 7.74e-01, 1.88e-01, -7.61e-02]
18750 [-2.80e-01, -1.67e-01, 2.22e-01, 1.76e-01, 3.31e+00, 4.01e-01, 1.78e-01, -6.17e-02, 7.74e-01, 1.89e-01, -7.61e-02]
18800 [-2.80e-01, -1.67e-01, 2.22e-01, 1.77e-01, 3.31e+00, 4.01e-01, 1.78e-01, -6.15e-02, 7.74e-01, 1.89e-01, -7.61e-02]
18850 [-2.80e-01, -1.67e-01, 2.22e-01, 1.77e-01, 3.31e+00, 4.01e-01, 1.78e-01, -6.13e-02, 7.74e-01, 1.89e-01, -7.61e-02]
18900 [-2.80e-01, -1.67e-01, 2.22e-01, 1.77e-01, 3.31e+00, 4.01e-01, 1.78e-01, -6.11e-02, 7.74e-01, 1.89e-01, -7.61e-02]
18950 [-2.80e-01, -1.67e-01, 2.22e-01, 1.77e-01, 3.31e+00, 4.01e-01, 1.78e-01, -6.10e-02, 7.74e-01, 1.89e-01, -7.61e-02]
19000 [-2.80e-01, -1.67e-01, 2.22e-01, 1.77e-01, 3.31e+00, 4.01e-01, 1.78e-01, -6.08e-02, 7.74e-01, 1.89e-01, -7.61e-02]
19050 [-2.80e-01, -1.67e-01, 2.22e-01, 1.77e-01, 3.31e+00, 4.01e-01, 1.78e-01, -6.07e-02, 7.74e-01, 1.89e-01, -7.61e-02]
19100 [-2.80e-01, -1.67e-01, 2.22e-01, 1.77e-01, 3.31e+00, 4.01e-01, 1.78e-01, -6.06e-02, 7.74e-01, 1.89e-01, -7.61e-02]
19150 [-2.80e-01, -1.67e-01, 2.22e-01, 1.77e-01, 3.31e+00, 4.01e-01, 1.78e-01, -6.05e-02, 7.74e-01, 1.89e-01, -7.61e-02]
19200 [-2.80e-01, -1.67e-01, 2.22e-01, 1.77e-01, 3.30e+00, 4.01e-01, 1.78e-01, -6.04e-02, 7.74e-01, 1.89e-01, -7.61e-02]
19250 [-2.80e-01, -1.67e-01, 2.22e-01, 1.77e-01, 3.30e+00, 4.01e-01, 1.78e-01, -6.03e-02, 7.74e-01, 1.89e-01, -7.61e-02]
19300 [-2.80e-01, -1.67e-01, 2.22e-01, 1.77e-01, 3.30e+00, 4.01e-01, 1.78e-01, -6.02e-02, 7.74e-01, 1.89e-01, -7.61e-02]
19350 [-2.80e-01, -1.67e-01, 2.22e-01, 1.77e-01, 3.30e+00, 4.01e-01, 1.78e-01, -6.01e-02, 7.74e-01, 1.89e-01, -7.61e-02]
19400 [-2.80e-01, -1.67e-01, 2.22e-01, 1.77e-01, 3.30e+00, 4.01e-01, 1.78e-01, -6.01e-02, 7.74e-01, 1.89e-01, -7.61e-02]
19450 [-2.80e-01, -1.67e-01, 2.22e-01, 1.77e-01, 3.30e+00, 4.01e-01, 1.78e-01, -6.00e-02, 7.74e-01, 1.89e-01, -7.61e-02]
19500 [-2.80e-01, -1.67e-01, 2.22e-01, 1.77e-01, 3.30e+00, 4.01e-01, 1.78e-01, -5.99e-02, 7.74e-01, 1.89e-01, -7.61e-02]
19550 [-2.80e-01, -1.67e-01, 2.22e-01, 1.77e-01, 3.30e+00, 4.01e-01, 1.78e-01, -5.99e-02, 7.74e-01, 1.89e-01, -7.61e-02]
19600 [-2.80e-01, -1.67e-01, 2.22e-01, 1.77e-01, 3.30e+00, 4.01e-01, 1.78e-01, -5.98e-02, 7.74e-01, 1.89e-01, -7.61e-02]
19650 [-2.80e-01, -1.67e-01, 2.22e-01, 1.77e-01, 3.30e+00, 4.01e-01, 1.78e-01, -5.98e-02, 7.74e-01, 1.89e-01, -7.61e-02]
19700 [-2.80e-01, -1.67e-01, 2.22e-01, 1.77e-01, 3.30e+00, 4.01e-01, 1.78e-01, -5.97e-02, 7.74e-01, 1.89e-01, -7.61e-02]
19750 [-2.80e-01, -1.67e-01, 2.22e-01, 1.77e-01, 3.30e+00, 4.01e-01, 1.78e-01, -5.97e-02, 7.74e-01, 1.89e-01, -7.61e-02]
19800 [-2.80e-01, -1.67e-01, 2.22e-01, 1.77e-01, 3.30e+00, 4.01e-01, 1.78e-01, -5.96e-02, 7.74e-01, 1.89e-01, -7.61e-02]
19850 [-2.80e-01, -1.67e-01, 2.22e-01, 1.77e-01, 3.30e+00, 4.01e-01, 1.78e-01, -5.96e-02, 7.74e-01, 1.89e-01, -7.61e-02]
19900 [-2.80e-01, -1.67e-01, 2.22e-01, 1.77e-01, 3.30e+00, 4.01e-01, 1.78e-01, -5.96e-02, 7.74e-01, 1.89e-01, -7.61e-02]
19950 [-2.80e-01, -1.67e-01, 2.22e-01, 1.77e-01, 3.30e+00, 4.01e-01, 1.78e-01, -5.95e-02, 7.74e-01, 1.89e-01, -7.61e-02]
20000 [-2.80e-01, -1.67e-01, 2.23e-01, 1.77e-01, 3.30e+00, 4.01e-01, 1.78e-01, -5.95e-02, 7.74e-01, 1.89e-01, -7.61e-02]
20000 [-2.80e-01, -1.67e-01, 2.23e-01, 1.77e-01, 3.30e+00, 4.01e-01, 1.78e-01, -5.95e-02, 7.74e-01, 1.89e-01, -7.61e-02]
20050 [-1.02e-01, -1.26e-01, 1.80e-01, 8.12e-02, 3.14e+00, 1.95e-01, 1.21e-01, -8.44e-02, 9.15e-01, 2.34e-01, -4.25e-02]
20100 [-9.60e-02, -1.25e-01, 1.37e-01, 7.98e-02, 3.13e+00, 1.84e-01, 1.21e-01, -8.47e-02, 9.11e-01, 2.45e-01, -4.12e-02]
20150 [-9.64e-02, -1.25e-01, 9.45e-02, 8.01e-02, 3.13e+00, 1.85e-01, 1.21e-01, -8.47e-02, 9.10e-01, 2.33e-01, -4.10e-02]
20200 [-9.56e-02, -1.26e-01, 6.22e-02, 7.81e-02, 3.13e+00, 1.84e-01, 1.21e-01, -8.47e-02, 9.09e-01, 1.91e-01, -4.09e-02]
20250 [-9.00e-02, -1.26e-01, 5.28e-02, 7.17e-02, 3.13e+00, 1.83e-01, 1.21e-01, -8.49e-02, 9.09e-01, 1.32e-01, -4.10e-02]
20300 [-8.98e-02, -1.21e-01, 1.00e-01, 7.28e-02, 3.13e+00, 1.83e-01, 1.21e-01, -8.50e-02, 9.08e-01, 1.29e-01, -4.11e-02]
20350 [-9.68e-02, -1.08e-01, 1.70e-01, 7.19e-02, 3.13e+00, 1.84e-01, 1.21e-01, -8.50e-02, 9.07e-01, 1.28e-01, -4.10e-02]
20400 [-1.04e-01, -9.11e-02, 2.35e-01, 7.05e-02, 3.13e+00, 1.87e-01, 1.21e-01, -8.50e-02, 9.06e-01, 1.28e-01, -4.08e-02]
20450 [-1.11e-01, -7.22e-02, 2.89e-01, 6.88e-02, 3.13e+00, 1.91e-01, 1.21e-01, -8.50e-02, 9.04e-01, 1.28e-01, -4.04e-02]
20500 [-1.18e-01, -5.20e-02, 3.32e-01, 6.69e-02, 3.13e+00, 1.98e-01, 1.21e-01, -8.51e-02, 9.01e-01, 1.28e-01, -3.96e-02]
20550 [-1.25e-01, -3.09e-02, 3.66e-01, 6.44e-02, 3.13e+00, 2.06e-01, 1.21e-01, -8.51e-02, 8.98e-01, 1.28e-01, -3.84e-02]
20600 [-1.32e-01, -9.11e-03, 3.91e-01, 6.16e-02, 3.13e+00, 2.15e-01, 1.21e-01, -8.51e-02, 8.93e-01, 1.28e-01, -3.69e-02]
20650 [-1.38e-01, 1.25e-02, 4.10e-01, 5.87e-02, 3.13e+00, 2.25e-01, 1.21e-01, -8.51e-02, 8.88e-01, 1.28e-01, -3.50e-02]
20700 [-1.43e-01, 3.30e-02, 4.23e-01, 5.59e-02, 3.13e+00, 2.37e-01, 1.21e-01, -8.51e-02, 8.82e-01, 1.27e-01, -3.29e-02]
20750 [-1.49e-01, 5.26e-02, 4.33e-01, 5.29e-02, 3.13e+00, 2.50e-01, 1.21e-01, -8.52e-02, 8.75e-01, 1.27e-01, -3.04e-02]
20800 [-1.54e-01, 7.09e-02, 4.40e-01, 4.98e-02, 3.13e+00, 2.63e-01, 1.21e-01, -8.52e-02, 8.69e-01, 1.27e-01, -2.79e-02]
20850 [-1.59e-01, 8.79e-02, 4.46e-01, 4.68e-02, 3.13e+00, 2.76e-01, 1.21e-01, -8.52e-02, 8.62e-01, 1.27e-01, -2.52e-02]
20900 [-1.64e-01, 1.04e-01, 4.50e-01, 4.40e-02, 3.13e+00, 2.89e-01, 1.21e-01, -8.52e-02, 8.55e-01, 1.27e-01, -2.27e-02]
20950 [-1.69e-01, 1.18e-01, 4.54e-01, 4.12e-02, 3.13e+00, 3.02e-01, 1.21e-01, -8.53e-02, 8.48e-01, 1.28e-01, -2.03e-02]
21000 [-1.74e-01, 1.32e-01, 4.58e-01, 3.86e-02, 3.13e+00, 3.15e-01, 1.21e-01, -8.53e-02, 8.42e-01, 1.28e-01, -1.79e-02]
21050 [-1.80e-01, 1.45e-01, 4.61e-01, 3.59e-02, 3.13e+00, 3.28e-01, 1.21e-01, -8.53e-02, 8.35e-01, 1.28e-01, -1.57e-02]
21100 [-1.85e-01, 1.58e-01, 4.64e-01, 3.35e-02, 3.13e+00, 3.41e-01, 1.21e-01, -8.53e-02, 8.30e-01, 1.29e-01, -1.39e-02]
21150 [-1.90e-01, 1.69e-01, 4.68e-01, 3.12e-02, 3.13e+00, 3.54e-01, 1.21e-01, -8.53e-02, 8.25e-01, 1.30e-01, -1.24e-02]
21200 [-1.95e-01, 1.76e-01, 4.70e-01, 2.84e-02, 3.13e+00, 3.67e-01, 1.21e-01, -8.53e-02, 8.17e-01, 1.29e-01, -1.03e-02]
21250 [-2.00e-01, 1.86e-01, 4.75e-01, 2.54e-02, 3.13e+00, 3.79e-01, 1.21e-01, -8.53e-02, 8.09e-01, 1.29e-01, -7.58e-03]
21300 [-2.04e-01, 1.96e-01, 4.81e-01, 2.26e-02, 3.13e+00, 3.92e-01, 1.21e-01, -8.53e-02, 8.01e-01, 1.29e-01, -5.18e-03]
21350 [-2.10e-01, 2.07e-01, 4.86e-01, 2.03e-02, 3.13e+00, 4.04e-01, 1.21e-01, -8.53e-02, 7.94e-01, 1.29e-01, -3.36e-03]
21400 [-2.15e-01, 2.17e-01, 4.90e-01, 1.83e-02, 3.13e+00, 4.11e-01, 1.21e-01, -8.53e-02, 7.80e-01, 1.23e-01, -1.15e-03]
21450 [-2.19e-01, 2.26e-01, 4.93e-01, 1.61e-02, 3.13e+00, 4.18e-01, 1.21e-01, -8.53e-02, 7.68e-01, 1.18e-01, 1.10e-03]
21500 [-2.23e-01, 2.34e-01, 4.91e-01, 2.02e-02, 3.11e+00, 3.78e-01, 1.21e-01, -8.51e-02, 7.05e-01, 7.24e-02, 5.57e-03]
21550 [-2.28e-01, 2.42e-01, 4.86e-01, 1.84e-02, 3.11e+00, 3.88e-01, 1.21e-01, -8.51e-02, 6.95e-01, 7.02e-02, 7.07e-03]
21600 [-2.34e-01, 2.52e-01, 4.83e-01, 1.67e-02, 3.11e+00, 4.04e-01, 1.21e-01, -8.51e-02, 6.91e-01, 7.07e-02, 7.92e-03]
21650 [-2.40e-01, 2.61e-01, 4.83e-01, 1.51e-02, 3.11e+00, 4.19e-01, 1.21e-01, -8.50e-02, 6.88e-01, 7.12e-02, 8.59e-03]
21700 [-2.38e-01, 2.67e-01, 4.69e-01, 4.82e-02, 3.04e+00, 3.29e-01, 1.21e-01, -8.40e-02, 5.46e-01, -6.68e-03, 1.35e-02]
21750 [-2.45e-01, 2.76e-01, 4.55e-01, 4.95e-02, 3.03e+00, 3.46e-01, 1.21e-01, -8.39e-02, 5.41e-01, -8.24e-03, 1.34e-02]
21800 [-2.52e-01, 2.86e-01, 4.47e-01, 4.95e-02, 3.03e+00, 3.63e-01, 1.21e-01, -8.38e-02, 5.41e-01, -7.84e-03, 1.31e-02]
21850 [-2.60e-01, 2.95e-01, 4.43e-01, 4.98e-02, 3.03e+00, 3.79e-01, 1.21e-01, -8.37e-02, 5.41e-01, -7.57e-03, 1.27e-02]
21900 [-2.68e-01, 3.04e-01, 4.41e-01, 5.05e-02, 3.03e+00, 3.95e-01, 1.21e-01, -8.35e-02, 5.42e-01, -7.41e-03, 1.22e-02]
21950 [-2.65e-01, 3.08e-01, 4.33e-01, 7.70e-02, 3.01e+00, 3.65e-01, 1.21e-01, -8.27e-02, 4.91e-01, -8.01e-03, 1.27e-02]
22000 [-2.50e-01, 2.86e-01, 4.11e-01, 9.24e-02, 2.98e+00, 3.41e-01, 1.21e-01, -8.21e-02, 4.53e-01, -9.26e-03, 1.39e-02]
22050 [-2.59e-01, 2.94e-01, 4.11e-01, 9.31e-02, 2.98e+00, 3.57e-01, 1.21e-01, -8.20e-02, 4.55e-01, -9.63e-03, 1.31e-02]
22100 [-2.69e-01, 3.04e-01, 4.11e-01, 9.48e-02, 2.98e+00, 3.74e-01, 1.21e-01, -8.17e-02, 4.58e-01, -9.94e-03, 1.20e-02]
22150 [-2.80e-01, 3.14e-01, 4.11e-01, 9.68e-02, 2.98e+00, 3.90e-01, 1.21e-01, -8.14e-02, 4.60e-01, -7.12e-03, 1.09e-02]
22200 [-2.45e-01, 3.19e-01, 3.98e-01, 1.94e-01, 2.87e+00, 3.01e-01, 1.21e-01, -7.81e-02, 3.22e-01, -6.52e-03, 1.22e-02]
22250 [-2.46e-01, 3.27e-01, 3.84e-01, 2.23e-01, 2.81e+00, 3.00e-01, 1.21e-01, -7.69e-02, 2.83e-01, -6.08e-03, 1.17e-02]
22300 [-2.59e-01, 3.38e-01, 3.75e-01, 2.26e-01, 2.81e+00, 3.20e-01, 1.21e-01, -7.65e-02, 2.87e-01, -6.74e-03, 1.03e-02]
22350 [-2.72e-01, 3.48e-01, 3.68e-01, 2.29e-01, 2.81e+00, 3.38e-01, 1.21e-01, -7.60e-02, 2.91e-01, -7.65e-03, 9.03e-03]
22400 [-2.86e-01, 3.58e-01, 3.63e-01, 2.33e-01, 2.81e+00, 3.56e-01, 1.21e-01, -7.54e-02, 2.95e-01, -8.52e-03, 7.79e-03]
22450 [-2.85e-01, 3.64e-01, 3.55e-01, 2.42e-01, 2.81e+00, 3.66e-01, 1.21e-01, -7.46e-02, 2.96e-01, -8.91e-03, 6.71e-03]
22500 [-2.81e-01, 3.57e-01, 3.53e-01, 2.50e-01, 2.80e+00, 3.69e-01, 1.21e-01, -7.38e-02, 2.91e-01, -9.26e-03, 6.24e-03]
22550 [-2.71e-01, 3.61e-01, 3.48e-01, 2.68e-01, 2.80e+00, 3.52e-01, 1.21e-01, -7.26e-02, 2.74e-01, -1.10e-02, 5.91e-03]
22600 [-2.65e-01, 3.68e-01, 3.45e-01, 2.90e-01, 2.78e+00, 3.38e-01, 1.21e-01, -7.12e-02, 2.48e-01, -1.39e-02, 5.85e-03]
22650 [-2.81e-01, 3.78e-01, 3.40e-01, 2.92e-01, 2.78e+00, 3.56e-01, 1.21e-01, -7.05e-02, 2.50e-01, -1.24e-02, 5.34e-03]
22700 [-2.76e-01, 3.82e-01, 3.30e-01, 3.03e-01, 2.78e+00, 3.58e-01, 1.21e-01, -6.93e-02, 2.43e-01, -1.28e-02, 5.08e-03]
22750 [-2.75e-01, 3.71e-01, 3.38e-01, 3.02e-01, 2.75e+00, 3.54e-01, 1.21e-01, -6.87e-02, 2.29e-01, -1.27e-02, 6.00e-03]
22800 [-2.76e-01, 3.78e-01, 3.33e-01, 3.09e-01, 2.75e+00, 3.52e-01, 1.21e-01, -6.78e-02, 2.18e-01, -1.45e-02, 6.26e-03]
22850 [-2.69e-01, 3.83e-01, 3.24e-01, 3.28e-01, 2.73e+00, 3.38e-01, 1.21e-01, -6.62e-02, 1.90e-01, -1.55e-02, 6.70e-03]
22900 [-2.80e-01, 3.92e-01, 3.17e-01, 3.29e-01, 2.72e+00, 3.52e-01, 1.21e-01, -6.53e-02, 1.87e-01, -1.38e-02, 6.99e-03]
22950 [-2.79e-01, 3.89e-01, 3.09e-01, 3.35e-01, 2.72e+00, 3.50e-01, 1.21e-01, -6.41e-02, 1.74e-01, -1.42e-02, 7.62e-03]
23000 [-2.61e-01, 3.70e-01, 3.04e-01, 3.22e-01, 2.71e+00, 3.19e-01, 1.21e-01, -6.40e-02, 1.76e-01, -1.22e-02, 8.99e-03]
23050 [-2.64e-01, 3.60e-01, 3.04e-01, 3.11e-01, 2.70e+00, 3.17e-01, 1.21e-01, -6.39e-02, 1.76e-01, -1.32e-02, 1.01e-02]
23100 [-2.84e-01, 3.73e-01, 3.02e-01, 3.07e-01, 2.70e+00, 3.36e-01, 1.21e-01, -6.32e-02, 1.73e-01, -1.45e-02, 1.08e-02]
23150 [-2.79e-01, 3.76e-01, 2.96e-01, 3.27e-01, 2.62e+00, 3.35e-01, 1.21e-01, -6.13e-02, 1.34e-01, -1.45e-02, 1.18e-02]
23200 [-2.82e-01, 3.62e-01, 2.96e-01, 3.21e-01, 2.62e+00, 3.38e-01, 1.21e-01, -6.06e-02, 1.26e-01, -1.59e-02, 1.29e-02]
23250 [-2.47e-01, 3.62e-01, 2.82e-01, 3.27e-01, 2.61e+00, 2.87e-01, 1.21e-01, -5.93e-02, 1.04e-01, -1.41e-02, 1.43e-02]
23300 [-2.41e-01, 3.70e-01, 2.81e-01, 3.20e-01, 2.60e+00, 2.70e-01, 1.21e-01, -5.86e-02, 9.48e-02, -1.59e-02, 1.53e-02]
23350 [-2.70e-01, 3.86e-01, 2.79e-01, 3.11e-01, 2.60e+00, 2.95e-01, 1.21e-01, -5.81e-02, 9.07e-02, -1.37e-02, 1.63e-02]
23400 [-2.81e-01, 3.98e-01, 2.69e-01, 3.04e-01, 2.59e+00, 3.12e-01, 1.21e-01, -5.73e-02, 8.54e-02, -1.54e-02, 1.72e-02]
23450 [-2.51e-01, 3.70e-01, 2.68e-01, 2.79e-01, 2.58e+00, 2.75e-01, 1.21e-01, -5.72e-02, 8.75e-02, -1.56e-02, 1.88e-02]
23500 [-2.68e-01, 3.74e-01, 2.87e-01, 2.71e-01, 2.55e+00, 2.86e-01, 1.21e-01, -5.69e-02, 8.08e-02, -1.23e-02, 1.98e-02]
23550 [-2.81e-01, 3.87e-01, 2.73e-01, 2.74e-01, 2.52e+00, 3.05e-01, 1.21e-01, -5.58e-02, 6.95e-02, -1.22e-02, 2.07e-02]
23600 [-2.81e-01, 3.81e-01, 2.69e-01, 2.60e-01, 2.51e+00, 3.07e-01, 1.21e-01, -5.55e-02, 6.78e-02, -1.34e-02, 2.18e-02]
23650 [-2.48e-01, 3.41e-01, 2.70e-01, 2.41e-01, 2.47e+00, 2.33e-01, 1.21e-01, -5.53e-02, 6.59e-02, -1.19e-02, 2.51e-02]
23700 [-2.33e-01, 3.26e-01, 2.68e-01, 2.25e-01, 2.46e+00, 2.00e-01, 1.21e-01, -5.52e-02, 6.27e-02, -1.15e-02, 2.71e-02]
23750 [-2.71e-01, 3.50e-01, 2.50e-01, 2.18e-01, 2.46e+00, 2.32e-01, 1.21e-01, -5.46e-02, 6.02e-02, -1.19e-02, 2.75e-02]
23800 [-2.67e-01, 3.67e-01, 2.31e-01, 2.47e-01, 2.36e+00, 2.54e-01, 1.21e-01, -5.19e-02, 4.53e-02, -9.56e-03, 2.78e-02]
23850 [-2.90e-01, 3.84e-01, 2.43e-01, 2.39e-01, 2.27e+00, 2.75e-01, 1.21e-01, -5.13e-02, 3.90e-02, -1.04e-02, 2.85e-02]
23900 [-2.26e-01, 3.48e-01, 2.38e-01, 2.36e-01, 2.26e+00, 2.29e-01, 1.21e-01, -5.01e-02, 2.59e-02, -1.25e-02, 2.96e-02]
23950 [-2.45e-01, 3.49e-01, 2.56e-01, 2.23e-01, 2.26e+00, 2.31e-01, 1.21e-01, -4.98e-02, 2.04e-02, -9.41e-03, 3.05e-02]
24000 [-2.86e-01, 3.74e-01, 2.50e-01, 2.14e-01, 2.26e+00, 2.62e-01, 1.21e-01, -4.92e-02, 1.70e-02, -1.01e-02, 3.10e-02]
24050 [-2.76e-01, 3.63e-01, 2.41e-01, 2.12e-01, 2.26e+00, 2.70e-01, 1.21e-01, -4.80e-02, 8.04e-03, -1.19e-02, 3.17e-02]
24100 [-2.98e-01, 3.50e-01, 2.55e-01, 1.99e-01, 2.26e+00, 2.88e-01, 1.21e-01, -4.75e-02, 4.73e-03, -5.93e-03, 3.24e-02]
24150 [-2.39e-01, 3.00e-01, 2.52e-01, 2.11e-01, 2.25e+00, 2.29e-01, 1.21e-01, -4.56e-02, -2.15e-02, -6.39e-03, 3.36e-02]
24200 [-2.81e-01, 3.10e-01, 2.60e-01, 2.00e-01, 2.25e+00, 2.60e-01, 1.21e-01, -4.52e-02, -2.61e-02, -7.79e-03, 3.43e-02]
24250 [-2.28e-01, 3.29e-01, 2.30e-01, 2.22e-01, 2.22e+00, 2.23e-01, 1.21e-01, -4.26e-02, -5.40e-02, -4.97e-03, 3.49e-02]
24300 [-2.22e-01, 3.31e-01, 2.43e-01, 2.16e-01, 2.19e+00, 1.76e-01, 1.21e-01, -4.12e-02, -6.59e-02, -6.41e-03, 3.59e-02]
24350 [-2.77e-01, 3.62e-01, 2.34e-01, 2.05e-01, 2.19e+00, 2.12e-01, 1.21e-01, -4.07e-02, -6.90e-02, -8.09e-03, 3.62e-02]
24400 [-2.93e-01, 3.79e-01, 2.13e-01, 2.12e-01, 2.18e+00, 2.39e-01, 1.21e-01, -3.90e-02, -7.67e-02, -1.21e-02, 3.64e-02]
24450 [-2.89e-01, 3.30e-01, 2.28e-01, 2.10e-01, 2.17e+00, 2.46e-01, 1.21e-01, -3.76e-02, -8.54e-02, -1.69e-02, 3.70e-02]
24500 [-3.18e-01, 3.13e-01, 2.46e-01, 1.99e-01, 2.17e+00, 2.70e-01, 1.21e-01, -3.71e-02, -8.91e-02, -1.78e-02, 3.75e-02]
24550 [-1.97e-01, 1.73e-01, 2.53e-01, 2.20e-01, 2.09e+00, 1.62e-01, 1.21e-01, -3.32e-02, -1.21e-01, -1.51e-02, 3.92e-02]
24600 [-2.66e-01, 1.94e-01, 2.69e-01, 2.05e-01, 2.09e+00, 2.10e-01, 1.21e-01, -3.29e-02, -1.26e-01, -1.78e-02, 3.95e-02]
24650 [-3.25e-01, 2.46e-01, 2.48e-01, 1.96e-01, 2.09e+00, 2.57e-01, 1.21e-01, -3.21e-02, -1.28e-01, -1.10e-02, 3.95e-02]
24700 [-7.06e-02, -1.09e-01, 2.20e-01, 2.36e-01, 2.02e+00, -7.95e-02, 1.21e-01, -2.45e-02, -1.62e-01, -8.60e-03, 5.21e-02]
24750 [-1.52e-01, -1.82e-02, 3.66e-01, 2.17e-01, 2.01e+00, -8.59e-02, 1.21e-01, -2.45e-02, -1.34e-01, -2.12e-02, 6.16e-02]
24800 [-2.49e-01, 1.07e-01, 2.68e-01, 2.03e-01, 2.01e+00, -8.67e-02, 1.21e-01, -2.42e-02, -1.11e-01, -3.68e-02, 6.93e-02]
24850 [-3.25e-01, 1.72e-01, 2.12e-01, 1.91e-01, 2.02e+00, -9.81e-02, 1.21e-01, -2.30e-02, -9.78e-02, -8.57e-03, 7.33e-02]
24900 [-7.54e-02, 1.93e-01, 1.76e-01, 2.87e-01, 1.75e+00, -8.56e-02, 1.21e-01, -1.33e-03, -6.59e-02, -5.65e-03, 7.65e-02]
24950 [-5.59e-02, 2.21e-01, 3.22e-01, 2.78e-01, 1.53e+00, -3.99e-02, 1.21e-01, 4.60e-03, -3.79e-02, -7.58e-03, 8.45e-02]
25000 [-1.36e-01, 2.69e-01, 3.29e-01, 2.59e-01, 1.53e+00, -9.48e-02, 1.21e-01, 4.52e-03, -1.16e-02, -1.37e-02, 9.38e-02]
25000 [-1.36e-01, 2.69e-01, 3.29e-01, 2.59e-01, 1.53e+00, -9.48e-02, 1.21e-01, 4.52e-03, -1.16e-02, -1.37e-02, 9.38e-02]
25050 [7.71e-02, 2.18e-01, 3.31e-01, 8.60e-02, 1.36e+00, 1.40e-01, 2.95e-03, -1.84e-02, -1.57e-01, 5.21e-02, 1.32e-05]
25100 [7.19e-02, 2.17e-01, 3.28e-01, 7.65e-02, 1.36e+00, 1.50e-01, -1.64e-03, -2.70e-02, -1.63e-01, 4.98e-02, -3.95e-03]
25150 [6.76e-02, 2.17e-01, 3.25e-01, 7.50e-02, 1.36e+00, 1.51e-01, -1.68e-03, -2.71e-02, -1.62e-01, 4.99e-02, -4.16e-03]
25200 [6.66e-02, 2.17e-01, 3.25e-01, 7.50e-02, 1.35e+00, 1.48e-01, -1.68e-03, -2.71e-02, -1.62e-01, 4.67e-02, -4.25e-03]
25250 [6.71e-02, 2.17e-01, 3.23e-01, 7.50e-02, 1.35e+00, 1.51e-01, -1.68e-03, -2.71e-02, -1.63e-01, 4.35e-02, -4.66e-03]
25300 [6.78e-02, 2.17e-01, 3.20e-01, 7.49e-02, 1.35e+00, 1.58e-01, -1.68e-03, -2.71e-02, -1.63e-01, 4.09e-02, -5.14e-03]
25350 [6.96e-02, 2.18e-01, 3.19e-01, 7.45e-02, 1.35e+00, 1.64e-01, -1.68e-03, -2.71e-02, -1.62e-01, 3.92e-02, -5.33e-03]
25400 [7.34e-02, 2.18e-01, 3.22e-01, 7.39e-02, 1.35e+00, 1.71e-01, -1.68e-03, -2.71e-02, -1.62e-01, 3.88e-02, -5.48e-03]
25450 [7.76e-02, 2.18e-01, 3.27e-01, 7.33e-02, 1.35e+00, 1.79e-01, -1.68e-03, -2.70e-02, -1.62e-01, 3.86e-02, -5.53e-03]
25500 [8.25e-02, 2.19e-01, 3.33e-01, 7.25e-02, 1.35e+00, 1.89e-01, -1.68e-03, -2.70e-02, -1.61e-01, 3.84e-02, -5.64e-03]
25550 [8.76e-02, 2.20e-01, 3.40e-01, 7.14e-02, 1.35e+00, 2.01e-01, -1.68e-03, -2.70e-02, -1.60e-01, 3.82e-02, -5.95e-03]
25600 [9.32e-02, 2.20e-01, 3.46e-01, 7.01e-02, 1.35e+00, 2.13e-01, -1.68e-03, -2.69e-02, -1.59e-01, 3.81e-02, -6.33e-03]
25650 [9.92e-02, 2.21e-01, 3.52e-01, 6.87e-02, 1.35e+00, 2.24e-01, -1.68e-03, -2.68e-02, -1.57e-01, 3.81e-02, -6.59e-03]
25700 [1.06e-01, 2.22e-01, 3.57e-01, 6.72e-02, 1.35e+00, 2.30e-01, -1.68e-03, -2.68e-02, -1.55e-01, 3.85e-02, -6.54e-03]
25750 [1.12e-01, 2.22e-01, 3.62e-01, 6.54e-02, 1.35e+00, 2.34e-01, -1.68e-03, -2.67e-02, -1.53e-01, 3.90e-02, -6.34e-03]
25800 [1.20e-01, 2.23e-01, 3.66e-01, 6.35e-02, 1.35e+00, 2.34e-01, -1.68e-03, -2.66e-02, -1.50e-01, 3.96e-02, -6.05e-03]
25850 [1.27e-01, 2.24e-01, 3.69e-01, 6.14e-02, 1.35e+00, 2.39e-01, -1.68e-03, -2.65e-02, -1.48e-01, 4.00e-02, -5.63e-03]
25900 [1.35e-01, 2.24e-01, 3.70e-01, 5.95e-02, 1.35e+00, 2.15e-01, -1.68e-03, -2.64e-02, -1.45e-01, 4.13e-02, -4.57e-03]
25950 [1.44e-01, 2.25e-01, 3.70e-01, 5.75e-02, 1.35e+00, 2.30e-01, -1.68e-03, -2.63e-02, -1.43e-01, 4.08e-02, -3.68e-03]
26000 [1.53e-01, 2.26e-01, 3.69e-01, 5.39e-02, 1.35e+00, 2.49e-01, -1.68e-03, -2.61e-02, -1.41e-01, 4.08e-02, -3.87e-03]
26050 [1.62e-01, 2.27e-01, 3.68e-01, 5.18e-02, 1.35e+00, 1.99e-01, -1.68e-03, -2.60e-02, -1.37e-01, 4.29e-02, -1.57e-03]
26100 [1.72e-01, 2.27e-01, 3.63e-01, 5.03e-02, 1.35e+00, 2.14e-01, -1.68e-03, -2.59e-02, -1.36e-01, 4.08e-02, 4.25e-05]
26150 [1.82e-01, 2.28e-01, 3.59e-01, 4.77e-02, 1.35e+00, 2.32e-01, -1.68e-03, -2.58e-02, -1.35e-01, 3.98e-02, 1.26e-03]
26200 [1.92e-01, 2.29e-01, 3.56e-01, 4.33e-02, 1.35e+00, 2.52e-01, -1.68e-03, -2.55e-02, -1.33e-01, 3.97e-02, 1.50e-03]
26250 [2.01e-01, 2.30e-01, 3.52e-01, 4.08e-02, 1.35e+00, 1.42e-01, -1.68e-03, -2.53e-02, -1.25e-01, 3.32e-02, 3.13e-03]
26300 [2.12e-01, 2.31e-01, 3.39e-01, 3.98e-02, 1.35e+00, 1.47e-01, -1.68e-03, -2.54e-02, -1.23e-01, 2.54e-02, 4.65e-03]
26350 [2.24e-01, 2.32e-01, 3.27e-01, 3.76e-02, 1.35e+00, 1.61e-01, -1.68e-03, -2.53e-02, -1.23e-01, 2.29e-02, 6.01e-03]
26400 [2.36e-01, 2.33e-01, 3.17e-01, 3.52e-02, 1.35e+00, 1.74e-01, -1.68e-03, -2.52e-02, -1.23e-01, 2.06e-02, 7.36e-03]
26450 [2.48e-01, 2.34e-01, 3.08e-01, 3.26e-02, 1.35e+00, 1.87e-01, -1.68e-03, -2.51e-02, -1.23e-01, 1.85e-02, 8.70e-03]
26500 [2.60e-01, 2.34e-01, 3.01e-01, 2.98e-02, 1.35e+00, 1.99e-01, -1.68e-03, -2.50e-02, -1.24e-01, 1.66e-02, 1.00e-02]
26550 [2.72e-01, 2.35e-01, 2.95e-01, 2.69e-02, 1.35e+00, 2.11e-01, -1.68e-03, -2.48e-02, -1.24e-01, 1.47e-02, 1.13e-02]
26600 [2.84e-01, 2.36e-01, 2.90e-01, 2.37e-02, 1.35e+00, 2.23e-01, -1.68e-03, -2.47e-02, -1.24e-01, 1.30e-02, 1.27e-02]
26650 [2.85e-01, 2.37e-01, 2.86e-01, 1.61e-02, 1.35e+00, 2.27e-01, -1.68e-03, -2.43e-02, -1.26e-01, 1.27e-02, 1.42e-02]
26700 [2.84e-01, 2.38e-01, 2.83e-01, 8.30e-03, 1.35e+00, 2.19e-01, -1.68e-03, -2.39e-02, -1.31e-01, 1.25e-02, 1.60e-02]
26750 [2.78e-01, 2.40e-01, 2.79e-01, -2.91e-03, 1.35e+00, 2.04e-01, -1.68e-03, -2.33e-02, -1.38e-01, 1.26e-02, 1.78e-02]
26800 [2.91e-01, 2.41e-01, 2.75e-01, -5.55e-03, 1.35e+00, 2.17e-01, -1.68e-03, -2.31e-02, -1.38e-01, 1.10e-02, 1.91e-02]
26850 [3.04e-01, 2.42e-01, 2.71e-01, -8.27e-03, 1.35e+00, 2.30e-01, -1.68e-03, -2.30e-02, -1.38e-01, 9.55e-03, 2.03e-02]
26900 [2.49e-01, 2.43e-01, 2.67e-01, -3.40e-02, 1.32e+00, 1.38e-01, -1.68e-03, -2.18e-02, -1.60e-01, 1.01e-02, 2.27e-02]
26950 [2.65e-01, 2.44e-01, 2.60e-01, -3.53e-02, 1.32e+00, 1.49e-01, -1.68e-03, -2.18e-02, -1.61e-01, 8.42e-03, 2.37e-02]
27000 [2.82e-01, 2.45e-01, 2.53e-01, -3.69e-02, 1.32e+00, 1.61e-01, -1.68e-03, -2.17e-02, -1.61e-01, 6.96e-03, 2.46e-02]
27050 [2.98e-01, 2.47e-01, 2.47e-01, -3.87e-02, 1.32e+00, 1.74e-01, -1.68e-03, -2.16e-02, -1.61e-01, 5.69e-03, 2.55e-02]
27100 [3.14e-01, 2.48e-01, 2.42e-01, -4.09e-02, 1.32e+00, 1.86e-01, -1.68e-03, -2.15e-02, -1.62e-01, 4.60e-03, 2.64e-02]
27150 [2.55e-01, 2.49e-01, 2.40e-01, -8.58e-02, 1.28e+00, 1.52e-01, -1.68e-03, -1.92e-02, -1.84e-01, -5.41e-03, 2.81e-02]
27200 [2.62e-01, 2.51e-01, 2.41e-01, -8.84e-02, 1.27e+00, 1.47e-01, -1.68e-03, -1.92e-02, -1.84e-01, -7.21e-03, 2.94e-02]
27250 [2.82e-01, 2.52e-01, 2.39e-01, -8.74e-02, 1.27e+00, 1.59e-01, -1.68e-03, -1.93e-02, -1.85e-01, -8.49e-03, 3.03e-02]
27300 [3.01e-01, 2.53e-01, 2.35e-01, -8.70e-02, 1.27e+00, 1.72e-01, -1.68e-03, -1.93e-02, -1.85e-01, -9.56e-03, 3.13e-02]
27350 [3.19e-01, 2.55e-01, 2.32e-01, -8.71e-02, 1.27e+00, 1.84e-01, -1.68e-03, -1.93e-02, -1.86e-01, -1.04e-02, 3.23e-02]
27400 [2.97e-01, 2.56e-01, 2.29e-01, -1.03e-01, 1.26e+00, 1.73e-01, -1.68e-03, -1.83e-02, -1.97e-01, -1.67e-02, 3.37e-02]
27450 [3.01e-01, 2.58e-01, 2.29e-01, -1.07e-01, 1.26e+00, 1.70e-01, -1.68e-03, -1.80e-02, -2.00e-01, -1.74e-02, 3.50e-02]
27500 [3.20e-01, 2.59e-01, 2.27e-01, -1.06e-01, 1.26e+00, 1.83e-01, -1.68e-03, -1.80e-02, -2.01e-01, -1.08e-02, 3.60e-02]
27550 [3.36e-01, 2.61e-01, 2.24e-01, -1.07e-01, 1.26e+00, 1.94e-01, -1.68e-03, -1.79e-02, -2.02e-01, -9.06e-03, 3.71e-02]
27600 [2.41e-01, 2.62e-01, 2.24e-01, -1.24e-01, 1.23e+00, 7.22e-02, -1.68e-03, -1.69e-02, -2.20e-01, -6.42e-03, 4.07e-02]
27650 [2.67e-01, 2.64e-01, 2.21e-01, -1.19e-01, 1.23e+00, 7.56e-02, -1.68e-03, -1.72e-02, -2.20e-01, -8.42e-03, 4.17e-02]
27700 [2.93e-01, 2.66e-01, 2.14e-01, -1.15e-01, 1.23e+00, 7.97e-02, -1.68e-03, -1.75e-02, -2.19e-01, -1.27e-02, 4.25e-02]
27750 [3.17e-01, 2.68e-01, 2.06e-01, -1.12e-01, 1.23e+00, 8.26e-02, -1.68e-03, -1.76e-02, -2.19e-01, -9.10e-03, 4.33e-02]
27800 [3.40e-01, 2.69e-01, 1.98e-01, -1.10e-01, 1.23e+00, 8.43e-02, -1.68e-03, -1.77e-02, -2.18e-01, -4.90e-03, 4.40e-02]
27850 [2.46e-01, 2.71e-01, 1.92e-01, -2.13e-01, 1.05e+00, 7.92e-02, -1.68e-03, -1.01e-02, -2.18e-01, -7.82e-03, 4.52e-02]
27900 [2.39e-01, 2.73e-01, 2.09e-01, -2.12e-01, 9.35e-01, 6.14e-02, -1.68e-03, -9.60e-03, -1.96e-01, -1.46e-02, 4.81e-02]
27950 [2.72e-01, 2.75e-01, 2.13e-01, -1.98e-01, 9.34e-01, 5.81e-02, -1.68e-03, -1.05e-02, -1.95e-01, -2.19e-02, 4.95e-02]
28000 [3.01e-01, 2.77e-01, 2.09e-01, -1.86e-01, 9.35e-01, 5.26e-02, -1.68e-03, -1.13e-02, -1.93e-01, -3.25e-03, 5.11e-02]
28050 [3.28e-01, 2.79e-01, 2.02e-01, -1.76e-01, 9.36e-01, 4.39e-02, -1.68e-03, -1.18e-02, -1.90e-01, -9.24e-03, 5.30e-02]
28100 [3.53e-01, 2.81e-01, 1.97e-01, -1.67e-01, 9.37e-01, 2.98e-02, -1.68e-03, -1.22e-02, -1.87e-01, -1.60e-02, 5.55e-02]
28150 [2.47e-01, 2.83e-01, 1.94e-01, -1.75e-01, 9.32e-01, 8.47e-03, -1.68e-03, -1.04e-02, -1.84e-01, -9.96e-03, 5.95e-02]
28200 [1.59e-01, 2.85e-01, 2.42e-01, -1.64e-01, 9.13e-01, -3.40e-02, -1.68e-03, -9.61e-03, -1.72e-01, -1.03e-02, 6.82e-02]
28250 [1.99e-01, 2.88e-01, 2.83e-01, -1.49e-01, 9.14e-01, -8.13e-02, -1.68e-03, -1.04e-02, -1.58e-01, -1.89e-02, 8.35e-02]
28300 [2.32e-01, 2.90e-01, 3.27e-01, -1.32e-01, 9.15e-01, -1.34e-01, -1.68e-03, -1.10e-02, -1.40e-01, 2.32e-02, 1.15e-01]
28350 [2.58e-01, 2.92e-01, 3.71e-01, -1.17e-01, 9.16e-01, -1.43e-01, -1.68e-03, -1.14e-02, -1.13e-01, 5.84e-02, 1.64e-01]
28400 [2.79e-01, 2.93e-01, 3.99e-01, -1.06e-01, 9.17e-01, -1.27e-01, -1.68e-03, -1.15e-02, -8.41e-02, 7.33e-02, 2.20e-01]
28450 [2.97e-01, 2.95e-01, 4.04e-01, -1.03e-01, 9.13e-01, -1.47e-01, -1.68e-03, -1.13e-02, -6.07e-02, 6.63e-02, 2.72e-01]
28500 [2.98e-01, 2.97e-01, 4.08e-01, -1.05e-01, 9.07e-01, 1.20e-02, -1.68e-03, -1.06e-02, -2.62e-02, 8.07e-02, 3.15e-01]
28550 [3.11e-01, 2.98e-01, 3.37e-01, -1.12e-01, 8.90e-01, -3.48e-02, -1.68e-03, -9.95e-03, -2.20e-02, 5.39e-02, 3.27e-01]
28600 [3.34e-01, 3.00e-01, 3.32e-01, -1.10e-01, 8.91e-01, -1.13e-01, -1.68e-03, -9.72e-03, -2.07e-02, 4.75e-02, 3.50e-01]
28650 [3.54e-01, 3.02e-01, 3.60e-01, -1.07e-01, 8.92e-01, -1.66e-01, -1.68e-03, -9.43e-03, -1.75e-02, 4.25e-02, 3.83e-01]
28700 [1.08e-01, 3.04e-01, 3.66e-01, -1.50e-01, 8.01e-01, 1.78e-02, -1.68e-03, -1.09e-02, 3.96e-02, -1.81e-02, 3.76e-01]
28750 [1.27e-01, 3.07e-01, 3.76e-01, -1.46e-01, 7.77e-01, -8.71e-02, -1.68e-03, -1.14e-02, 4.21e-02, -7.01e-03, 3.85e-01]
28800 [1.62e-01, 3.09e-01, 4.43e-01, -1.41e-01, 7.78e-01, -1.75e-01, -1.68e-03, -1.14e-02, 4.97e-02, -5.58e-03, 4.23e-01]
28850 [1.77e-01, 3.11e-01, 4.82e-01, -1.37e-01, 7.75e-01, 1.14e-01, -1.68e-03, -1.14e-02, 4.76e-02, 2.35e-02, 3.18e-01]
28900 [1.98e-01, 3.13e-01, 3.78e-01, -1.30e-01, 7.66e-01, 1.72e-01, -1.68e-03, -1.19e-02, 4.12e-02, 8.30e-03, 2.87e-01]
28950 [2.36e-01, 3.15e-01, 3.26e-01, -1.23e-01, 7.66e-01, 1.98e-01, -1.68e-03, -1.23e-02, 3.60e-02, -8.88e-03, 2.93e-01]
29000 [2.74e-01, 3.18e-01, 2.97e-01, -1.18e-01, 7.67e-01, 2.16e-01, -1.68e-03, -1.26e-02, 3.18e-02, -2.44e-02, 2.98e-01]
29050 [3.09e-01, 3.21e-01, 2.76e-01, -1.16e-01, 7.67e-01, 2.29e-01, -1.68e-03, -1.27e-02, 2.80e-02, -3.82e-02, 3.02e-01]
29100 [2.85e-01, 3.23e-01, 2.42e-01, -1.42e-01, 7.28e-01, -1.38e-02, -1.68e-03, -1.07e-02, -1.67e-02, 9.71e-04, 3.01e-01]
29150 [3.23e-01, 3.26e-01, 2.20e-01, -1.41e-01, 7.21e-01, -3.54e-02, -1.68e-03, -1.07e-02, -1.52e-02, -1.38e-02, 3.06e-01]
29200 [3.58e-01, 3.29e-01, 2.07e-01, -1.41e-01, 7.22e-01, -5.31e-02, -1.68e-03, -1.05e-02, -1.38e-02, -2.74e-02, 3.12e-01]
29250 [1.15e-01, 3.32e-01, 2.19e-01, -1.75e-01, 6.76e-01, -4.86e-02, -1.68e-03, -8.29e-03, -1.10e-02, -3.03e-02, 3.17e-01]
29300 [1.45e-01, 3.35e-01, 2.86e-01, -1.61e-01, 6.56e-01, -6.44e-02, -1.68e-03, -9.23e-03, -4.17e-03, -2.09e-02, 3.26e-01]
29350 [2.01e-01, 3.39e-01, 3.26e-01, -1.50e-01, 6.57e-01, -1.10e-01, -1.68e-03, -9.89e-03, 5.52e-03, -1.53e-02, 3.46e-01]
29400 [2.41e-01, 3.42e-01, 3.96e-01, -1.40e-01, 6.58e-01, -1.69e-01, -1.68e-03, -1.00e-02, 1.81e-02, 3.14e-03, 3.90e-01]
29450 [2.70e-01, 3.44e-01, 4.57e-01, -1.32e-01, 6.59e-01, -2.16e-01, -1.68e-03, -9.84e-03, 3.00e-02, 7.54e-03, 4.49e-01]
29500 [2.66e-01, 3.46e-01, 4.14e-01, -1.24e-01, 6.51e-01, -3.41e-02, -1.68e-03, -9.86e-03, 3.85e-02, 2.42e-02, 4.45e-01]
29550 [2.95e-01, 3.48e-01, 3.84e-01, -1.25e-01, 6.51e-01, -1.30e-01, -1.68e-03, -9.59e-03, 3.20e-02, 1.58e-02, 4.72e-01]
29600 [3.22e-01, 3.51e-01, 4.24e-01, -1.24e-01, 6.52e-01, -1.86e-01, -1.68e-03, -9.16e-03, 3.24e-02, 1.12e-02, 5.20e-01]
29650 [3.43e-01, 3.53e-01, 4.69e-01, -1.21e-01, 6.53e-01, -2.27e-01, -1.68e-03, -8.67e-03, 3.59e-02, 6.74e-03, 5.78e-01]
29700 [5.15e-02, 3.54e-01, 3.79e-01, -1.14e-01, 5.05e-01, 1.03e-01, -1.68e-03, -7.37e-03, 4.87e-02, 3.06e-03, 3.12e-01]
29750 [8.96e-02, 3.59e-01, 3.33e-01, -1.05e-01, 4.90e-01, 1.16e-01, -1.68e-03, -7.76e-03, 4.01e-02, -1.85e-03, 3.09e-01]
29800 [1.47e-01, 3.63e-01, 3.15e-01, -9.85e-02, 4.91e-01, 1.34e-01, -1.68e-03, -8.27e-03, 3.61e-02, -1.03e-02, 3.12e-01]
29850 [2.07e-01, 3.67e-01, 2.93e-01, -9.37e-02, 4.91e-01, 1.44e-01, -1.68e-03, -8.84e-03, 3.21e-02, -1.94e-02, 3.15e-01]
29900 [2.64e-01, 3.71e-01, 2.64e-01, -9.29e-02, 4.92e-01, 1.45e-01, -1.68e-03, -9.23e-03, 2.82e-02, -2.77e-02, 3.17e-01]
29950 [3.16e-01, 3.75e-01, 2.35e-01, -9.69e-02, 4.92e-01, 1.39e-01, -1.68e-03, -9.28e-03, 2.40e-02, -3.44e-02, 3.19e-01]
30000 [3.62e-01, 3.78e-01, 2.08e-01, -1.05e-01, 4.93e-01, 1.30e-01, -1.68e-03, -8.98e-03, 1.93e-02, -3.98e-02, 3.21e-01]
