0 [5.74e-01, 9.31e-01, 1.29e-01, -2.28e-01, -4.55e-02, 2.95e-01, 1.00e+00, 3.65e+00, -1.67e-01, 4.14e-02, 1.40e+01]
100 [5.55e-01, 9.26e-01, 1.35e-01, -2.19e-01, -6.44e-02, 2.55e-01, 1.01e+00, 3.63e+00, -1.62e-01, 7.39e-02, 1.40e+01]
200 [5.53e-01, 9.26e-01, 1.37e-01, -2.19e-01, -6.16e-02, 2.54e-01, 1.01e+00, 3.63e+00, -1.62e-01, 7.50e-02, 1.40e+01]
300 [5.52e-01, 9.26e-01, 1.38e-01, -2.19e-01, -6.11e-02, 2.53e-01, 1.01e+00, 3.63e+00, -1.62e-01, 7.54e-02, 1.40e+01]
400 [5.51e-01, 9.26e-01, 1.37e-01, -2.19e-01, -6.13e-02, 2.51e-01, 1.01e+00, 3.63e+00, -1.62e-01, 7.57e-02, 1.40e+01]
500 [5.51e-01, 9.26e-01, 1.35e-01, -2.19e-01, -6.16e-02, 2.50e-01, 1.01e+00, 3.63e+00, -1.62e-01, 7.60e-02, 1.40e+01]
600 [5.50e-01, 9.26e-01, 1.33e-01, -2.19e-01, -6.18e-02, 2.48e-01, 1.01e+00, 3.63e+00, -1.62e-01, 7.62e-02, 1.40e+01]
700 [5.50e-01, 9.26e-01, 1.30e-01, -2.19e-01, -6.19e-02, 2.47e-01, 1.01e+00, 3.63e+00, -1.62e-01, 7.64e-02, 1.40e+01]
800 [5.49e-01, 9.26e-01, 1.27e-01, -2.19e-01, -6.19e-02, 2.45e-01, 1.01e+00, 3.63e+00, -1.62e-01, 7.67e-02, 1.40e+01]
900 [5.49e-01, 9.26e-01, 1.23e-01, -2.19e-01, -6.18e-02, 2.44e-01, 1.01e+00, 3.63e+00, -1.62e-01, 7.68e-02, 1.40e+01]
1000 [5.49e-01, 9.26e-01, 1.19e-01, -2.19e-01, -6.18e-02, 2.42e-01, 1.01e+00, 3.63e+00, -1.62e-01, 7.70e-02, 1.40e+01]
1100 [5.49e-01, 9.26e-01, 1.15e-01, -2.19e-01, -6.18e-02, 2.41e-01, 1.01e+00, 3.63e+00, -1.62e-01, 7.71e-02, 1.40e+01]
1200 [5.48e-01, 9.26e-01, 1.10e-01, -2.19e-01, -6.18e-02, 2.40e-01, 1.01e+00, 3.63e+00, -1.62e-01, 7.72e-02, 1.40e+01]
1300 [5.48e-01, 9.26e-01, 1.05e-01, -2.19e-01, -6.18e-02, 2.39e-01, 1.01e+00, 3.63e+00, -1.62e-01, 7.73e-02, 1.40e+01]
1400 [5.48e-01, 9.25e-01, 1.01e-01, -2.19e-01, -6.19e-02, 2.38e-01, 1.01e+00, 3.63e+00, -1.62e-01, 7.73e-02, 1.40e+01]
1500 [5.47e-01, 9.25e-01, 9.71e-02, -2.19e-01, -6.19e-02, 2.37e-01, 1.01e+00, 3.63e+00, -1.62e-01, 7.73e-02, 1.40e+01]
1600 [5.47e-01, 9.25e-01, 9.39e-02, -2.19e-01, -6.19e-02, 2.36e-01, 1.01e+00, 3.63e+00, -1.62e-01, 7.74e-02, 1.40e+01]
1700 [5.47e-01, 9.24e-01, 9.13e-02, -2.19e-01, -6.20e-02, 2.36e-01, 1.01e+00, 3.63e+00, -1.62e-01, 7.74e-02, 1.40e+01]
1800 [5.47e-01, 9.24e-01, 8.89e-02, -2.19e-01, -6.20e-02, 2.35e-01, 1.01e+00, 3.63e+00, -1.62e-01, 7.73e-02, 1.40e+01]
1900 [5.47e-01, 9.23e-01, 8.69e-02, -2.19e-01, -6.20e-02, 2.35e-01, 1.01e+00, 3.63e+00, -1.62e-01, 7.73e-02, 1.40e+01]
2000 [5.47e-01, 9.22e-01, 8.50e-02, -2.19e-01, -6.21e-02, 2.34e-01, 1.01e+00, 3.63e+00, -1.62e-01, 7.72e-02, 1.40e+01]
2100 [5.47e-01, 9.22e-01, 8.33e-02, -2.19e-01, -6.21e-02, 2.34e-01, 1.01e+00, 3.63e+00, -1.62e-01, 7.72e-02, 1.40e+01]
2200 [5.47e-01, 9.21e-01, 8.18e-02, -2.19e-01, -6.22e-02, 2.34e-01, 1.01e+00, 3.63e+00, -1.62e-01, 7.71e-02, 1.40e+01]
2300 [5.47e-01, 9.20e-01, 8.04e-02, -2.19e-01, -6.22e-02, 2.33e-01, 1.01e+00, 3.63e+00, -1.62e-01, 7.70e-02, 1.40e+01]
2400 [5.47e-01, 9.20e-01, 7.92e-02, -2.19e-01, -6.23e-02, 2.33e-01, 1.01e+00, 3.63e+00, -1.62e-01, 7.70e-02, 1.40e+01]
2500 [5.47e-01, 9.19e-01, 7.80e-02, -2.19e-01, -6.23e-02, 2.33e-01, 1.01e+00, 3.63e+00, -1.62e-01, 7.69e-02, 1.40e+01]
2600 [5.47e-01, 9.18e-01, 7.68e-02, -2.19e-01, -6.23e-02, 2.33e-01, 1.01e+00, 3.63e+00, -1.62e-01, 7.68e-02, 1.40e+01]
2700 [5.47e-01, 9.17e-01, 7.57e-02, -2.19e-01, -6.23e-02, 2.33e-01, 1.01e+00, 3.63e+00, -1.62e-01, 7.67e-02, 1.40e+01]
2800 [5.47e-01, 9.16e-01, 7.47e-02, -2.19e-01, -6.24e-02, 2.32e-01, 1.01e+00, 3.63e+00, -1.62e-01, 7.67e-02, 1.40e+01]
2900 [5.47e-01, 9.15e-01, 7.37e-02, -2.19e-01, -6.24e-02, 2.32e-01, 1.01e+00, 3.63e+00, -1.62e-01, 7.66e-02, 1.40e+01]
3000 [5.47e-01, 9.14e-01, 7.27e-02, -2.19e-01, -6.24e-02, 2.32e-01, 1.01e+00, 3.63e+00, -1.62e-01, 7.65e-02, 1.40e+01]
3100 [5.47e-01, 9.13e-01, 7.17e-02, -2.19e-01, -6.24e-02, 2.32e-01, 1.01e+00, 3.63e+00, -1.62e-01, 7.65e-02, 1.40e+01]
3200 [5.48e-01, 9.11e-01, 7.06e-02, -2.19e-01, -6.25e-02, 2.32e-01, 1.01e+00, 3.63e+00, -1.62e-01, 7.64e-02, 1.40e+01]
3300 [5.48e-01, 9.10e-01, 6.96e-02, -2.19e-01, -6.25e-02, 2.31e-01, 1.01e+00, 3.63e+00, -1.62e-01, 7.63e-02, 1.40e+01]
3400 [5.48e-01, 9.09e-01, 6.85e-02, -2.19e-01, -6.25e-02, 2.31e-01, 1.01e+00, 3.63e+00, -1.62e-01, 7.63e-02, 1.40e+01]
3500 [5.48e-01, 9.07e-01, 6.74e-02, -2.19e-01, -6.26e-02, 2.31e-01, 1.01e+00, 3.63e+00, -1.62e-01, 7.62e-02, 1.40e+01]
3600 [5.49e-01, 9.06e-01, 6.63e-02, -2.19e-01, -6.26e-02, 2.31e-01, 1.01e+00, 3.63e+00, -1.62e-01, 7.61e-02, 1.40e+01]
3700 [5.49e-01, 9.04e-01, 6.51e-02, -2.19e-01, -6.26e-02, 2.30e-01, 1.01e+00, 3.63e+00, -1.62e-01, 7.61e-02, 1.40e+01]
3800 [5.49e-01, 9.03e-01, 6.39e-02, -2.19e-01, -6.27e-02, 2.30e-01, 1.01e+00, 3.63e+00, -1.62e-01, 7.60e-02, 1.40e+01]
3900 [5.50e-01, 9.01e-01, 6.26e-02, -2.19e-01, -6.27e-02, 2.30e-01, 1.01e+00, 3.63e+00, -1.62e-01, 7.60e-02, 1.40e+01]
4000 [5.50e-01, 8.99e-01, 6.13e-02, -2.19e-01, -6.28e-02, 2.29e-01, 1.01e+00, 3.63e+00, -1.62e-01, 7.59e-02, 1.40e+01]
4100 [5.51e-01, 8.97e-01, 6.00e-02, -2.20e-01, -6.28e-02, 2.29e-01, 1.01e+00, 3.63e+00, -1.62e-01, 7.59e-02, 1.40e+01]
4200 [5.51e-01, 8.95e-01, 5.87e-02, -2.20e-01, -6.29e-02, 2.28e-01, 1.01e+00, 3.63e+00, -1.62e-01, 7.59e-02, 1.40e+01]
4300 [5.51e-01, 8.93e-01, 5.73e-02, -2.20e-01, -6.29e-02, 2.28e-01, 1.01e+00, 3.63e+00, -1.62e-01, 7.58e-02, 1.40e+01]
4400 [5.52e-01, 8.91e-01, 5.58e-02, -2.20e-01, -6.30e-02, 2.28e-01, 1.01e+00, 3.63e+00, -1.62e-01, 7.58e-02, 1.40e+01]
4500 [5.53e-01, 8.89e-01, 5.44e-02, -2.20e-01, -6.30e-02, 2.27e-01, 1.01e+00, 3.63e+00, -1.62e-01, 7.57e-02, 1.40e+01]
4600 [5.53e-01, 8.86e-01, 5.29e-02, -2.20e-01, -6.31e-02, 2.27e-01, 1.01e+00, 3.63e+00, -1.62e-01, 7.57e-02, 1.40e+01]
4700 [5.54e-01, 8.84e-01, 5.14e-02, -2.20e-01, -6.32e-02, 2.26e-01, 1.01e+00, 3.63e+00, -1.62e-01, 7.57e-02, 1.40e+01]
4800 [5.54e-01, 8.81e-01, 4.99e-02, -2.20e-01, -6.32e-02, 2.26e-01, 1.01e+00, 3.63e+00, -1.62e-01, 7.56e-02, 1.40e+01]
4900 [5.55e-01, 8.78e-01, 4.84e-02, -2.20e-01, -6.33e-02, 2.25e-01, 1.01e+00, 3.63e+00, -1.62e-01, 7.56e-02, 1.40e+01]
5000 [5.56e-01, 8.75e-01, 4.68e-02, -2.20e-01, -6.33e-02, 2.25e-01, 1.01e+00, 3.63e+00, -1.62e-01, 7.56e-02, 1.40e+01]
5100 [5.57e-01, 8.72e-01, 4.53e-02, -2.20e-01, -6.34e-02, 2.24e-01, 1.01e+00, 3.63e+00, -1.62e-01, 7.55e-02, 1.40e+01]
5200 [5.57e-01, 8.69e-01, 4.39e-02, -2.20e-01, -6.35e-02, 2.23e-01, 1.01e+00, 3.63e+00, -1.62e-01, 7.55e-02, 1.40e+01]
5300 [5.58e-01, 8.65e-01, 4.24e-02, -2.20e-01, -6.36e-02, 2.23e-01, 1.01e+00, 3.63e+00, -1.62e-01, 7.55e-02, 1.40e+01]
5400 [5.59e-01, 8.62e-01, 4.10e-02, -2.20e-01, -6.36e-02, 2.22e-01, 1.01e+00, 3.63e+00, -1.62e-01, 7.54e-02, 1.40e+01]
5500 [5.60e-01, 8.58e-01, 3.96e-02, -2.20e-01, -6.37e-02, 2.21e-01, 1.01e+00, 3.63e+00, -1.62e-01, 7.54e-02, 1.40e+01]
5600 [5.61e-01, 8.54e-01, 3.83e-02, -2.20e-01, -6.38e-02, 2.21e-01, 1.01e+00, 3.63e+00, -1.62e-01, 7.54e-02, 1.40e+01]
5700 [5.61e-01, 8.49e-01, 3.70e-02, -2.20e-01, -6.39e-02, 2.20e-01, 1.01e+00, 3.63e+00, -1.62e-01, 7.54e-02, 1.40e+01]
5800 [5.62e-01, 8.45e-01, 3.59e-02, -2.20e-01, -6.40e-02, 2.19e-01, 1.01e+00, 3.63e+00, -1.62e-01, 7.54e-02, 1.40e+01]
5900 [5.63e-01, 8.40e-01, 3.48e-02, -2.20e-01, -6.41e-02, 2.19e-01, 1.01e+00, 3.63e+00, -1.62e-01, 7.53e-02, 1.40e+01]
6000 [5.64e-01, 8.35e-01, 3.39e-02, -2.20e-01, -6.42e-02, 2.18e-01, 1.01e+00, 3.63e+00, -1.62e-01, 7.53e-02, 1.40e+01]
6100 [5.65e-01, 8.30e-01, 3.30e-02, -2.20e-01, -6.44e-02, 2.17e-01, 1.01e+00, 3.63e+00, -1.62e-01, 7.53e-02, 1.40e+01]
6200 [5.66e-01, 8.25e-01, 3.23e-02, -2.20e-01, -6.45e-02, 2.16e-01, 1.01e+00, 3.63e+00, -1.62e-01, 7.53e-02, 1.40e+01]
6300 [5.67e-01, 8.19e-01, 3.17e-02, -2.20e-01, -6.47e-02, 2.15e-01, 1.01e+00, 3.63e+00, -1.62e-01, 7.52e-02, 1.40e+01]
6400 [5.68e-01, 8.13e-01, 3.12e-02, -2.20e-01, -6.48e-02, 2.15e-01, 1.01e+00, 3.63e+00, -1.62e-01, 7.52e-02, 1.40e+01]
6500 [5.69e-01, 8.07e-01, 3.09e-02, -2.20e-01, -6.50e-02, 2.14e-01, 1.01e+00, 3.63e+00, -1.62e-01, 7.52e-02, 1.40e+01]
6600 [5.70e-01, 8.00e-01, 3.07e-02, -2.20e-01, -6.52e-02, 2.13e-01, 1.01e+00, 3.63e+00, -1.62e-01, 7.52e-02, 1.40e+01]
6700 [5.71e-01, 7.93e-01, 3.06e-02, -2.20e-01, -6.54e-02, 2.12e-01, 1.01e+00, 3.63e+00, -1.62e-01, 7.51e-02, 1.40e+01]
6800 [5.73e-01, 7.86e-01, 3.07e-02, -2.20e-01, -6.56e-02, 2.11e-01, 1.01e+00, 3.63e+00, -1.62e-01, 7.51e-02, 1.40e+01]
6900 [5.74e-01, 7.78e-01, 3.10e-02, -2.19e-01, -6.58e-02, 2.10e-01, 1.01e+00, 3.63e+00, -1.62e-01, 7.51e-02, 1.40e+01]
7000 [5.75e-01, 7.70e-01, 3.13e-02, -2.19e-01, -6.60e-02, 2.10e-01, 1.01e+00, 3.63e+00, -1.62e-01, 7.50e-02, 1.40e+01]
7100 [5.77e-01, 7.61e-01, 3.18e-02, -2.19e-01, -6.63e-02, 2.09e-01, 1.01e+00, 3.63e+00, -1.62e-01, 7.50e-02, 1.40e+01]
7200 [5.78e-01, 7.52e-01, 3.25e-02, -2.19e-01, -6.66e-02, 2.08e-01, 1.01e+00, 3.63e+00, -1.62e-01, 7.50e-02, 1.40e+01]
7300 [5.79e-01, 7.43e-01, 3.32e-02, -2.19e-01, -6.69e-02, 2.07e-01, 1.01e+00, 3.63e+00, -1.62e-01, 7.49e-02, 1.40e+01]
7400 [5.81e-01, 7.33e-01, 3.40e-02, -2.19e-01, -6.72e-02, 2.06e-01, 1.01e+00, 3.63e+00, -1.62e-01, 7.49e-02, 1.40e+01]
7500 [5.83e-01, 7.22e-01, 3.50e-02, -2.19e-01, -6.76e-02, 2.05e-01, 1.01e+00, 3.63e+00, -1.62e-01, 7.48e-02, 1.40e+01]
7600 [5.84e-01, 7.11e-01, 3.60e-02, -2.19e-01, -6.79e-02, 2.05e-01, 1.01e+00, 3.63e+00, -1.62e-01, 7.48e-02, 1.40e+01]
7700 [5.86e-01, 6.99e-01, 3.71e-02, -2.19e-01, -6.83e-02, 2.04e-01, 1.01e+00, 3.63e+00, -1.62e-01, 7.47e-02, 1.40e+01]
7800 [5.88e-01, 6.87e-01, 3.83e-02, -2.19e-01, -6.88e-02, 2.03e-01, 1.01e+00, 3.63e+00, -1.62e-01, 7.47e-02, 1.40e+01]
7900 [5.90e-01, 6.74e-01, 3.95e-02, -2.19e-01, -6.93e-02, 2.03e-01, 1.01e+00, 3.63e+00, -1.62e-01, 7.46e-02, 1.40e+01]
8000 [5.92e-01, 6.60e-01, 4.08e-02, -2.19e-01, -6.98e-02, 2.02e-01, 1.01e+00, 3.63e+00, -1.62e-01, 7.45e-02, 1.40e+01]
8100 [5.95e-01, 6.46e-01, 4.21e-02, -2.19e-01, -7.03e-02, 2.01e-01, 1.01e+00, 3.63e+00, -1.62e-01, 7.44e-02, 1.40e+01]
8200 [5.97e-01, 6.30e-01, 4.35e-02, -2.18e-01, -7.09e-02, 2.01e-01, 1.01e+00, 3.63e+00, -1.62e-01, 7.43e-02, 1.40e+01]
8300 [6.00e-01, 6.14e-01, 4.49e-02, -2.18e-01, -7.15e-02, 2.00e-01, 1.01e+00, 3.63e+00, -1.62e-01, 7.42e-02, 1.40e+01]
8400 [6.02e-01, 5.97e-01, 4.64e-02, -2.18e-01, -7.22e-02, 2.00e-01, 1.01e+00, 3.63e+00, -1.62e-01, 7.41e-02, 1.40e+01]
8500 [6.05e-01, 5.79e-01, 4.80e-02, -2.18e-01, -7.30e-02, 2.00e-01, 1.01e+00, 3.63e+00, -1.62e-01, 7.40e-02, 1.40e+01]
8600 [6.08e-01, 5.60e-01, 4.96e-02, -2.18e-01, -7.37e-02, 1.99e-01, 1.01e+00, 3.63e+00, -1.62e-01, 7.39e-02, 1.40e+01]
8700 [6.11e-01, 5.40e-01, 5.13e-02, -2.18e-01, -7.46e-02, 1.99e-01, 1.01e+00, 3.63e+00, -1.62e-01, 7.38e-02, 1.40e+01]
8800 [6.15e-01, 5.19e-01, 5.30e-02, -2.18e-01, -7.55e-02, 1.99e-01, 1.01e+00, 3.63e+00, -1.62e-01, 7.37e-02, 1.40e+01]
8900 [6.18e-01, 4.96e-01, 5.49e-02, -2.17e-01, -7.65e-02, 1.99e-01, 1.01e+00, 3.63e+00, -1.62e-01, 7.36e-02, 1.40e+01]
9000 [6.22e-01, 4.73e-01, 5.70e-02, -2.17e-01, -7.75e-02, 1.99e-01, 1.01e+00, 3.63e+00, -1.62e-01, 7.34e-02, 1.40e+01]
9100 [6.26e-01, 4.48e-01, 5.91e-02, -2.17e-01, -7.86e-02, 1.99e-01, 1.01e+00, 3.63e+00, -1.62e-01, 7.33e-02, 1.40e+01]
9200 [6.22e-01, 4.22e-01, 6.29e-02, -2.17e-01, -7.97e-02, 2.00e-01, 1.01e+00, 3.63e+00, -1.61e-01, 7.29e-02, 1.40e+01]
9300 [6.26e-01, 3.94e-01, 6.69e-02, -2.17e-01, -8.11e-02, 2.00e-01, 1.01e+00, 3.63e+00, -1.61e-01, 7.27e-02, 1.40e+01]
9400 [6.31e-01, 3.65e-01, 6.99e-02, -2.16e-01, -8.24e-02, 2.01e-01, 1.01e+00, 3.63e+00, -1.61e-01, 7.26e-02, 1.40e+01]
9500 [6.36e-01, 3.35e-01, 7.30e-02, -2.16e-01, -8.39e-02, 2.02e-01, 1.01e+00, 3.63e+00, -1.61e-01, 7.24e-02, 1.40e+01]
9600 [6.30e-01, 3.04e-01, 7.82e-02, -2.16e-01, -8.55e-02, 2.03e-01, 1.01e+00, 3.63e+00, -1.61e-01, 7.18e-02, 1.40e+01]
9700 [6.29e-01, 2.73e-01, 8.67e-02, -2.16e-01, -8.72e-02, 2.05e-01, 1.01e+00, 3.63e+00, -1.61e-01, 7.14e-02, 1.40e+01]
9800 [6.35e-01, 2.41e-01, 9.19e-02, -2.15e-01, -8.90e-02, 2.08e-01, 1.01e+00, 3.63e+00, -1.61e-01, 7.11e-02, 1.40e+01]
9900 [6.41e-01, 2.11e-01, 9.69e-02, -2.15e-01, -9.10e-02, 2.11e-01, 1.01e+00, 3.63e+00, -1.61e-01, 7.09e-02, 1.40e+01]
10000 [6.48e-01, 1.83e-01, 1.03e-01, -2.15e-01, -9.30e-02, 2.14e-01, 1.01e+00, 3.63e+00, -1.62e-01, 7.06e-02, 1.40e+01]
10000 [6.48e-01, 1.83e-01, 1.03e-01, -2.15e-01, -9.30e-02, 2.14e-01, 1.01e+00, 3.63e+00, -1.62e-01, 7.06e-02, 1.40e+01]
10100 [6.32e-01, 1.45e-01, 1.15e-01, -2.16e-01, -1.07e-01, 1.94e-01, 1.01e+00, 3.62e+00, -1.64e-01, 7.98e-02, 1.40e+01]
10200 [6.35e-01, 1.18e-01, 1.21e-01, -2.11e-01, -1.13e-01, 1.96e-01, 1.01e+00, 3.62e+00, -1.65e-01, 7.95e-02, 1.40e+01]
10300 [6.39e-01, 1.09e-01, 1.27e-01, -2.05e-01, -1.20e-01, 2.00e-01, 1.01e+00, 3.61e+00, -1.65e-01, 7.90e-02, 1.40e+01]
10400 [6.44e-01, 1.05e-01, 1.30e-01, -2.00e-01, -1.29e-01, 2.04e-01, 1.01e+00, 3.61e+00, -1.65e-01, 7.85e-02, 1.40e+01]
10500 [6.49e-01, 1.03e-01, 1.30e-01, -1.95e-01, -1.39e-01, 2.10e-01, 1.01e+00, 3.61e+00, -1.65e-01, 7.79e-02, 1.40e+01]
10600 [6.55e-01, 1.01e-01, 1.29e-01, -1.92e-01, -1.51e-01, 2.16e-01, 1.01e+00, 3.60e+00, -1.65e-01, 7.72e-02, 1.40e+01]
10700 [6.62e-01, 9.99e-02, 1.28e-01, -1.90e-01, -1.64e-01, 2.23e-01, 1.01e+00, 3.60e+00, -1.65e-01, 7.65e-02, 1.40e+01]
10800 [6.10e-01, 9.16e-02, 1.44e-01, -2.07e-01, -1.98e-01, 2.28e-01, 1.01e+00, 3.56e+00, -1.64e-01, 7.17e-02, 1.40e+01]
10900 [6.12e-01, 9.86e-02, 1.55e-01, -2.01e-01, -2.09e-01, 2.38e-01, 1.01e+00, 3.56e+00, -1.65e-01, 6.99e-02, 1.40e+01]
11000 [6.18e-01, 9.96e-02, 1.52e-01, -1.98e-01, -2.21e-01, 2.49e-01, 1.01e+00, 3.56e+00, -1.65e-01, 6.86e-02, 1.40e+01]
11100 [6.25e-01, 9.91e-02, 1.49e-01, -1.96e-01, -2.33e-01, 2.61e-01, 1.01e+00, 3.55e+00, -1.64e-01, 6.74e-02, 1.40e+01]
11200 [6.32e-01, 9.84e-02, 1.47e-01, -1.95e-01, -2.45e-01, 2.73e-01, 1.01e+00, 3.55e+00, -1.63e-01, 6.61e-02, 1.40e+01]
11300 [6.39e-01, 9.75e-02, 1.47e-01, -1.94e-01, -2.58e-01, 2.85e-01, 1.01e+00, 3.55e+00, -1.62e-01, 6.49e-02, 1.40e+01]
11400 [6.46e-01, 9.66e-02, 1.47e-01, -1.95e-01, -2.72e-01, 2.97e-01, 1.01e+00, 3.54e+00, -1.60e-01, 6.36e-02, 1.40e+01]
11500 [6.54e-01, 9.58e-02, 1.49e-01, -1.96e-01, -2.87e-01, 3.10e-01, 1.01e+00, 3.54e+00, -1.58e-01, 6.23e-02, 1.40e+01]
11600 [6.62e-01, 9.51e-02, 1.51e-01, -1.98e-01, -3.03e-01, 3.23e-01, 1.01e+00, 3.54e+00, -1.56e-01, 6.10e-02, 1.40e+01]
11700 [6.71e-01, 9.44e-02, 1.53e-01, -2.01e-01, -3.19e-01, 3.37e-01, 1.01e+00, 3.54e+00, -1.53e-01, 5.96e-02, 1.40e+01]
11800 [6.08e-01, 9.46e-02, 1.76e-01, -2.16e-01, -3.26e-01, 3.22e-01, 1.01e+00, 3.50e+00, -1.61e-01, 5.30e-02, 1.40e+01]
11900 [6.16e-01, 9.63e-02, 1.79e-01, -2.12e-01, -3.39e-01, 3.42e-01, 1.01e+00, 3.50e+00, -1.61e-01, 5.06e-02, 1.40e+01]
12000 [6.24e-01, 9.58e-02, 1.79e-01, -2.09e-01, -3.53e-01, 3.63e-01, 1.01e+00, 3.50e+00, -1.59e-01, 4.86e-02, 1.40e+01]
12100 [6.33e-01, 9.50e-02, 1.81e-01, -2.08e-01, -3.67e-01, 3.83e-01, 1.01e+00, 3.49e+00, -1.57e-01, 4.66e-02, 1.40e+01]
12200 [6.41e-01, 9.42e-02, 1.85e-01, -2.07e-01, -3.81e-01, 4.03e-01, 1.01e+00, 3.49e+00, -1.55e-01, 4.47e-02, 1.40e+01]
12300 [6.50e-01, 9.34e-02, 1.89e-01, -2.07e-01, -3.96e-01, 4.24e-01, 1.01e+00, 3.49e+00, -1.52e-01, 4.29e-02, 1.40e+01]
12400 [6.58e-01, 9.30e-02, 1.90e-01, -2.11e-01, -4.11e-01, 3.71e-01, 1.01e+00, 3.49e+00, -1.59e-01, 4.92e-02, 1.40e+01]
12500 [6.68e-01, 9.37e-02, 1.79e-01, -2.14e-01, -4.27e-01, 3.75e-01, 1.01e+00, 3.49e+00, -1.56e-01, 4.82e-02, 1.40e+01]
12600 [6.77e-01, 9.37e-02, 1.76e-01, -2.15e-01, -4.43e-01, 3.91e-01, 1.01e+00, 3.48e+00, -1.53e-01, 4.61e-02, 1.40e+01]
12700 [6.42e-01, 9.00e-02, 1.85e-01, -2.17e-01, -4.49e-01, 4.05e-01, 1.01e+00, 3.47e+00, -1.51e-01, 3.79e-02, 1.40e+01]
12800 [6.50e-01, 9.50e-02, 1.95e-01, -2.12e-01, -4.65e-01, 4.22e-01, 1.01e+00, 3.47e+00, -1.51e-01, 3.44e-02, 1.40e+01]
12900 [6.60e-01, 9.44e-02, 1.98e-01, -2.11e-01, -4.83e-01, 4.41e-01, 1.01e+00, 3.47e+00, -1.48e-01, 3.22e-02, 1.40e+01]
13000 [6.71e-01, 9.38e-02, 2.01e-01, -2.10e-01, -5.01e-01, 4.60e-01, 1.01e+00, 3.47e+00, -1.44e-01, 3.02e-02, 1.40e+01]
13100 [6.81e-01, 9.33e-02, 2.05e-01, -2.11e-01, -5.20e-01, 4.79e-01, 1.01e+00, 3.46e+00, -1.40e-01, 2.84e-02, 1.40e+01]
13200 [6.92e-01, 9.27e-02, 2.09e-01, -2.12e-01, -5.39e-01, 4.94e-01, 1.01e+00, 3.46e+00, -1.38e-01, 2.73e-02, 1.40e+01]
13300 [6.86e-01, 9.44e-02, 1.99e-01, -2.20e-01, -5.46e-01, 4.19e-01, 1.01e+00, 3.46e+00, -1.54e-01, 3.93e-02, 1.40e+01]
13400 [6.98e-01, 9.49e-02, 1.93e-01, -2.22e-01, -5.68e-01, 4.32e-01, 1.01e+00, 3.46e+00, -1.50e-01, 3.68e-02, 1.40e+01]
13500 [6.70e-01, 9.50e-02, 1.98e-01, -2.19e-01, -5.81e-01, 4.43e-01, 1.01e+00, 3.45e+00, -1.48e-01, 2.76e-02, 1.40e+01]
13600 [6.82e-01, 9.64e-02, 2.02e-01, -2.15e-01, -6.03e-01, 4.56e-01, 1.01e+00, 3.45e+00, -1.46e-01, 2.46e-02, 1.40e+01]
13700 [6.95e-01, 9.61e-02, 2.03e-01, -2.14e-01, -6.27e-01, 4.70e-01, 1.01e+00, 3.45e+00, -1.42e-01, 2.25e-02, 1.40e+01]
13800 [7.08e-01, 9.58e-02, 2.04e-01, -2.14e-01, -6.51e-01, 4.84e-01, 1.01e+00, 3.45e+00, -1.39e-01, 2.07e-02, 1.40e+01]
13900 [6.90e-01, 9.61e-02, 2.06e-01, -2.19e-01, -6.73e-01, 4.95e-01, 1.01e+00, 3.44e+00, -1.36e-01, 1.42e-02, 1.40e+01]
14000 [6.66e-01, 9.86e-02, 2.18e-01, -2.14e-01, -6.37e-01, 4.92e-01, 1.01e+00, 3.43e+00, -1.50e-01, 4.88e-03, 1.40e+01]
14100 [6.79e-01, 9.82e-02, 2.21e-01, -2.10e-01, -6.61e-01, 5.09e-01, 1.01e+00, 3.42e+00, -1.47e-01, 3.29e-03, 1.40e+01]
14200 [6.92e-01, 9.78e-02, 2.24e-01, -2.09e-01, -6.86e-01, 5.26e-01, 1.01e+00, 3.42e+00, -1.42e-01, 2.21e-03, 1.40e+01]
14300 [7.05e-01, 9.76e-02, 2.27e-01, -2.09e-01, -7.10e-01, 5.43e-01, 1.01e+00, 3.42e+00, -1.37e-01, 1.50e-03, 1.40e+01]
14400 [7.16e-01, 9.75e-02, 2.27e-01, -2.17e-01, -7.26e-01, 5.02e-01, 1.01e+00, 3.42e+00, -1.53e-01, 2.02e-02, 1.40e+01]
14500 [7.28e-01, 9.90e-02, 2.13e-01, -2.29e-01, -6.75e-01, 4.75e-01, 1.01e+00, 3.42e+00, -1.51e-01, 2.13e-02, 1.40e+01]
14600 [7.25e-01, 9.96e-02, 2.07e-01, -2.32e-01, -7.03e-01, 4.85e-01, 1.01e+00, 3.42e+00, -1.47e-01, 1.56e-02, 1.40e+01]
14700 [7.12e-01, 1.02e-01, 2.12e-01, -2.23e-01, -7.22e-01, 4.96e-01, 1.01e+00, 3.41e+00, -1.45e-01, 4.66e-03, 1.40e+01]
14800 [7.27e-01, 1.02e-01, 2.12e-01, -2.21e-01, -7.51e-01, 5.07e-01, 1.01e+00, 3.41e+00, -1.42e-01, 2.78e-03, 1.40e+01]
14900 [7.42e-01, 1.02e-01, 2.11e-01, -2.20e-01, -7.81e-01, 5.18e-01, 1.01e+00, 3.41e+00, -1.38e-01, 1.58e-03, 1.40e+01]
15000 [7.57e-01, 1.02e-01, 2.11e-01, -2.21e-01, -8.11e-01, 5.30e-01, 1.01e+00, 3.41e+00, -1.34e-01, 8.92e-04, 1.40e+01]
15100 [6.96e-01, 1.06e-01, 2.20e-01, -2.14e-01, -7.48e-01, 5.35e-01, 1.01e+00, 3.39e+00, -1.34e-01, -1.90e-02, 1.40e+01]
15200 [7.10e-01, 1.05e-01, 2.26e-01, -2.09e-01, -7.72e-01, 5.48e-01, 1.01e+00, 3.38e+00, -1.31e-01, -1.87e-02, 1.40e+01]
15300 [7.24e-01, 1.05e-01, 2.29e-01, -2.08e-01, -7.97e-01, 5.62e-01, 1.01e+00, 3.38e+00, -1.27e-01, -1.77e-02, 1.40e+01]
15400 [7.38e-01, 1.05e-01, 2.32e-01, -2.08e-01, -8.23e-01, 5.76e-01, 1.01e+00, 3.38e+00, -1.22e-01, -1.64e-02, 1.40e+01]
15500 [7.51e-01, 1.06e-01, 2.34e-01, -2.09e-01, -8.49e-01, 5.91e-01, 1.01e+00, 3.38e+00, -1.17e-01, -1.49e-02, 1.40e+01]
15600 [7.65e-01, 1.05e-01, 2.31e-01, -2.19e-01, -7.82e-01, 5.24e-01, 1.01e+00, 3.39e+00, -1.40e-01, 6.28e-03, 1.39e+01]
15700 [7.58e-01, 1.08e-01, 2.22e-01, -2.35e-01, -7.83e-01, 5.30e-01, 1.01e+00, 3.39e+00, -1.35e-01, -3.14e-03, 1.39e+01]
15800 [7.72e-01, 1.10e-01, 2.18e-01, -2.32e-01, -8.06e-01, 5.40e-01, 1.01e+00, 3.39e+00, -1.32e-01, -5.91e-03, 1.39e+01]
15900 [7.74e-01, 1.10e-01, 2.16e-01, -2.27e-01, -8.29e-01, 5.51e-01, 1.01e+00, 3.39e+00, -1.28e-01, -1.06e-02, 1.39e+01]
16000 [7.47e-01, 1.13e-01, 2.22e-01, -2.21e-01, -8.43e-01, 5.61e-01, 1.01e+00, 3.38e+00, -1.28e-01, -2.26e-02, 1.39e+01]
16100 [7.63e-01, 1.13e-01, 2.24e-01, -2.17e-01, -8.68e-01, 5.72e-01, 1.01e+00, 3.38e+00, -1.24e-01, -2.14e-02, 1.39e+01]
16200 [7.79e-01, 1.13e-01, 2.25e-01, -2.17e-01, -8.94e-01, 5.84e-01, 1.01e+00, 3.38e+00, -1.20e-01, -1.97e-02, 1.39e+01]
16300 [7.95e-01, 1.14e-01, 2.26e-01, -2.17e-01, -9.20e-01, 5.96e-01, 1.01e+00, 3.39e+00, -1.15e-01, -1.77e-02, 1.39e+01]
16400 [7.34e-01, 1.13e-01, 2.28e-01, -2.19e-01, -9.32e-01, 5.95e-01, 1.01e+00, 3.38e+00, -1.28e-01, -4.29e-02, 1.39e+01]
16500 [7.43e-01, 1.18e-01, 2.36e-01, -2.06e-01, -9.55e-01, 6.07e-01, 1.01e+00, 3.38e+00, -1.28e-01, -4.06e-02, 1.39e+01]
16600 [7.57e-01, 1.18e-01, 2.41e-01, -2.04e-01, -9.83e-01, 6.21e-01, 1.01e+00, 3.38e+00, -1.23e-01, -3.61e-02, 1.39e+01]
16700 [7.71e-01, 1.18e-01, 2.44e-01, -2.04e-01, -1.01e+00, 6.36e-01, 1.01e+00, 3.38e+00, -1.16e-01, -3.15e-02, 1.39e+01]
16800 [7.82e-01, 1.19e-01, 2.44e-01, -2.14e-01, -9.18e-01, 5.93e-01, 1.01e+00, 3.39e+00, -1.54e-01, -4.32e-03, 1.39e+01]
16900 [7.96e-01, 1.21e-01, 2.37e-01, -2.28e-01, -8.97e-01, 6.01e-01, 1.01e+00, 3.39e+00, -1.50e-01, -6.26e-03, 1.39e+01]
17000 [8.10e-01, 1.22e-01, 2.34e-01, -2.31e-01, -9.11e-01, 6.14e-01, 1.01e+00, 3.40e+00, -1.43e-01, -8.62e-03, 1.39e+01]
17100 [7.78e-01, 1.24e-01, 2.33e-01, -2.31e-01, -9.21e-01, 6.19e-01, 1.01e+00, 3.40e+00, -1.38e-01, -2.10e-02, 1.39e+01]
17200 [7.90e-01, 1.26e-01, 2.37e-01, -2.23e-01, -9.35e-01, 6.29e-01, 1.01e+00, 3.41e+00, -1.34e-01, -2.31e-02, 1.39e+01]
17300 [8.05e-01, 1.26e-01, 2.39e-01, -2.21e-01, -9.50e-01, 6.43e-01, 1.01e+00, 3.42e+00, -1.29e-01, -2.25e-02, 1.39e+01]
17400 [8.20e-01, 1.27e-01, 2.40e-01, -2.21e-01, -9.66e-01, 6.57e-01, 1.01e+00, 3.43e+00, -1.22e-01, -2.13e-02, 1.39e+01]
17500 [8.29e-01, 1.28e-01, 2.43e-01, -2.32e-01, -9.78e-01, 6.23e-01, 1.01e+00, 3.44e+00, -1.21e-01, -2.36e-02, 1.39e+01]
17600 [8.29e-01, 1.31e-01, 2.34e-01, -2.35e-01, -9.76e-01, 6.03e-01, 1.01e+00, 3.44e+00, -1.21e-01, -2.64e-02, 1.39e+01]
17700 [8.44e-01, 1.32e-01, 2.28e-01, -2.28e-01, -9.94e-01, 6.15e-01, 1.01e+00, 3.45e+00, -1.15e-01, -2.44e-02, 1.39e+01]
17800 [8.15e-01, 1.35e-01, 2.29e-01, -2.20e-01, -1.01e+00, 6.26e-01, 1.01e+00, 3.45e+00, -1.12e-01, -3.18e-02, 1.39e+01]
17900 [8.32e-01, 1.36e-01, 2.30e-01, -2.14e-01, -1.03e+00, 6.38e-01, 1.01e+00, 3.45e+00, -1.05e-01, -2.70e-02, 1.39e+01]
18000 [8.49e-01, 1.37e-01, 2.31e-01, -2.14e-01, -1.05e+00, 6.51e-01, 1.01e+00, 3.46e+00, -9.71e-02, -2.20e-02, 1.39e+01]
18100 [8.01e-01, 1.38e-01, 2.32e-01, -2.59e-01, -9.41e-01, 6.58e-01, 1.01e+00, 3.48e+00, -8.71e-02, -4.63e-02, 1.39e+01]
18200 [8.15e-01, 1.41e-01, 2.38e-01, -2.27e-01, -9.30e-01, 6.71e-01, 1.01e+00, 3.47e+00, -8.94e-02, -4.08e-02, 1.39e+01]
18300 [8.31e-01, 1.42e-01, 2.42e-01, -2.18e-01, -9.40e-01, 6.85e-01, 1.01e+00, 3.47e+00, -8.35e-02, -3.39e-02, 1.39e+01]
18400 [8.46e-01, 1.43e-01, 2.44e-01, -2.21e-01, -9.50e-01, 6.53e-01, 1.01e+00, 3.49e+00, -1.07e-01, -5.79e-03, 1.39e+01]
18500 [8.62e-01, 1.45e-01, 2.36e-01, -2.25e-01, -9.58e-01, 6.37e-01, 1.01e+00, 3.49e+00, -1.04e-01, -3.65e-03, 1.39e+01]
18600 [8.44e-01, 1.49e-01, 2.32e-01, -2.24e-01, -9.69e-01, 6.49e-01, 1.01e+00, 3.50e+00, -9.65e-02, -1.44e-02, 1.39e+01]
18700 [8.61e-01, 1.49e-01, 2.32e-01, -2.18e-01, -9.82e-01, 6.62e-01, 1.01e+00, 3.50e+00, -8.87e-02, -1.34e-02, 1.39e+01]
18800 [8.77e-01, 1.50e-01, 2.31e-01, -2.18e-01, -9.95e-01, 6.75e-01, 1.01e+00, 3.52e+00, -7.91e-02, -1.10e-02, 1.39e+01]
18900 [8.32e-01, 1.54e-01, 2.34e-01, -2.27e-01, -1.01e+00, 6.84e-01, 1.01e+00, 3.52e+00, -7.77e-02, -2.27e-02, 1.39e+01]
19000 [8.48e-01, 1.54e-01, 2.39e-01, -2.11e-01, -1.02e+00, 6.98e-01, 1.01e+00, 3.52e+00, -7.17e-02, -1.86e-02, 1.39e+01]
19100 [8.64e-01, 1.55e-01, 2.42e-01, -2.11e-01, -1.04e+00, 7.11e-01, 1.01e+00, 3.54e+00, -6.09e-02, -1.37e-02, 1.39e+01]
19200 [8.80e-01, 1.56e-01, 2.39e-01, -2.19e-01, -1.02e+00, 6.44e-01, 1.01e+00, 3.54e+00, -1.08e-01, 1.70e-02, 1.39e+01]
19300 [8.73e-01, 1.60e-01, 2.30e-01, -2.30e-01, -1.03e+00, 6.55e-01, 1.01e+00, 3.54e+00, -9.99e-02, -5.19e-04, 1.38e+01]
19400 [8.89e-01, 1.61e-01, 2.27e-01, -2.20e-01, -1.05e+00, 6.67e-01, 1.01e+00, 3.55e+00, -9.08e-02, -2.80e-03, 1.38e+01]
19500 [8.71e-01, 1.62e-01, 2.26e-01, -2.36e-01, -1.06e+00, 6.78e-01, 1.01e+00, 3.55e+00, -8.24e-02, -9.59e-03, 1.38e+01]
19600 [8.72e-01, 1.65e-01, 2.29e-01, -2.16e-01, -1.07e+00, 6.89e-01, 1.01e+00, 3.55e+00, -7.74e-02, -1.20e-02, 1.39e+01]
19700 [8.90e-01, 1.66e-01, 2.31e-01, -2.13e-01, -1.08e+00, 7.01e-01, 1.01e+00, 3.56e+00, -6.64e-02, -7.31e-03, 1.39e+01]
19800 [9.08e-01, 1.67e-01, 2.31e-01, -2.16e-01, -1.10e+00, 7.13e-01, 1.01e+00, 3.58e+00, -5.38e-02, -3.07e-03, 1.39e+01]
19900 [8.87e-01, 1.68e-01, 2.30e-01, -2.20e-01, -1.01e+00, 6.60e-01, 1.01e+00, 3.59e+00, -7.12e-02, -7.82e-03, 1.38e+01]
20000 [9.05e-01, 1.70e-01, 2.24e-01, -2.16e-01, -1.02e+00, 6.72e-01, 1.01e+00, 3.58e+00, -6.34e-02, -5.60e-03, 1.38e+01]
20000 [9.05e-01, 1.70e-01, 2.24e-01, -2.16e-01, -1.02e+00, 6.72e-01, 1.01e+00, 3.58e+00, -6.34e-02, -5.60e-03, 1.38e+01]
20100 [8.96e-01, 1.72e-01, 2.30e-01, -2.18e-01, -1.00e+00, 6.55e-01, 1.01e+00, 3.58e+00, -6.66e-02, -4.08e-03, 1.38e+01]
20200 [9.01e-01, 1.74e-01, 2.27e-01, -2.18e-01, -1.00e+00, 6.57e-01, 1.01e+00, 3.58e+00, -6.63e-02, -4.06e-03, 1.38e+01]
20300 [9.08e-01, 1.76e-01, 2.24e-01, -2.18e-01, -1.00e+00, 6.59e-01, 1.01e+00, 3.58e+00, -6.59e-02, -4.02e-03, 1.38e+01]
20400 [9.16e-01, 1.77e-01, 2.20e-01, -2.18e-01, -1.00e+00, 6.62e-01, 1.01e+00, 3.58e+00, -6.53e-02, -3.92e-03, 1.38e+01]
20500 [9.26e-01, 1.78e-01, 2.16e-01, -2.18e-01, -1.00e+00, 6.65e-01, 1.01e+00, 3.58e+00, -6.46e-02, -3.76e-03, 1.38e+01]
20600 [9.37e-01, 1.80e-01, 2.13e-01, -2.18e-01, -1.00e+00, 6.68e-01, 1.01e+00, 3.58e+00, -6.38e-02, -3.54e-03, 1.38e+01]
20700 [8.91e-01, 1.84e-01, 2.15e-01, -2.26e-01, -1.00e+00, 6.71e-01, 1.01e+00, 3.58e+00, -6.36e-02, -4.85e-03, 1.38e+01]
20800 [9.01e-01, 1.85e-01, 2.16e-01, -2.24e-01, -1.01e+00, 6.74e-01, 1.01e+00, 3.58e+00, -6.31e-02, -4.77e-03, 1.38e+01]
20900 [9.12e-01, 1.86e-01, 2.16e-01, -2.23e-01, -1.01e+00, 6.78e-01, 1.01e+00, 3.58e+00, -6.24e-02, -4.62e-03, 1.38e+01]
21000 [9.23e-01, 1.87e-01, 2.15e-01, -2.23e-01, -1.01e+00, 6.82e-01, 1.01e+00, 3.58e+00, -6.15e-02, -4.40e-03, 1.38e+01]
21100 [9.35e-01, 1.88e-01, 2.14e-01, -2.23e-01, -1.01e+00, 6.87e-01, 1.01e+00, 3.58e+00, -6.05e-02, -4.14e-03, 1.38e+01]
21200 [9.47e-01, 1.89e-01, 2.12e-01, -2.24e-01, -1.01e+00, 6.91e-01, 1.01e+00, 3.59e+00, -5.92e-02, -3.82e-03, 1.38e+01]
21300 [8.91e-01, 1.88e-01, 2.16e-01, -2.35e-01, -1.01e+00, 6.94e-01, 1.01e+00, 3.58e+00, -5.94e-02, -5.17e-03, 1.38e+01]
21400 [9.01e-01, 1.92e-01, 2.18e-01, -2.31e-01, -1.01e+00, 6.99e-01, 1.01e+00, 3.58e+00, -5.89e-02, -5.16e-03, 1.38e+01]
21500 [9.12e-01, 1.94e-01, 2.19e-01, -2.29e-01, -1.01e+00, 7.05e-01, 1.01e+00, 3.58e+00, -5.79e-02, -5.02e-03, 1.38e+01]
21600 [9.23e-01, 1.95e-01, 2.19e-01, -2.29e-01, -1.01e+00, 7.10e-01, 1.01e+00, 3.59e+00, -5.67e-02, -4.81e-03, 1.38e+01]
21700 [9.35e-01, 1.97e-01, 2.19e-01, -2.31e-01, -1.02e+00, 7.14e-01, 1.01e+00, 3.59e+00, -5.52e-02, -4.47e-03, 1.38e+01]
21800 [9.46e-01, 1.98e-01, 2.17e-01, -2.31e-01, -1.02e+00, 6.78e-01, 1.01e+00, 3.59e+00, -5.75e-02, -3.88e-03, 1.38e+01]
21900 [9.34e-01, 2.01e-01, 2.10e-01, -2.37e-01, -1.02e+00, 6.84e-01, 1.01e+00, 3.59e+00, -5.69e-02, -4.63e-03, 1.38e+01]
22000 [9.43e-01, 2.02e-01, 2.09e-01, -2.35e-01, -1.02e+00, 6.90e-01, 1.01e+00, 3.59e+00, -5.58e-02, -4.40e-03, 1.38e+01]
22100 [9.57e-01, 2.03e-01, 2.07e-01, -2.35e-01, -1.02e+00, 6.97e-01, 1.01e+00, 3.59e+00, -5.44e-02, -3.83e-03, 1.38e+01]
22200 [9.28e-01, 2.03e-01, 2.08e-01, -2.45e-01, -1.03e+00, 7.01e-01, 1.01e+00, 3.60e+00, -5.34e-02, -4.46e-03, 1.38e+01]
22300 [9.34e-01, 2.07e-01, 2.10e-01, -2.42e-01, -1.03e+00, 7.07e-01, 1.01e+00, 3.60e+00, -5.28e-02, -4.56e-03, 1.38e+01]
22400 [9.49e-01, 2.08e-01, 2.11e-01, -2.41e-01, -1.03e+00, 7.14e-01, 1.01e+00, 3.60e+00, -5.14e-02, -3.99e-03, 1.38e+01]
22500 [9.63e-01, 2.09e-01, 2.11e-01, -2.41e-01, -1.03e+00, 6.84e-01, 1.01e+00, 3.60e+00, -5.38e-02, -1.72e-03, 1.38e+01]
22600 [9.48e-01, 2.10e-01, 2.07e-01, -2.46e-01, -1.04e+00, 6.92e-01, 1.01e+00, 3.61e+00, -5.31e-02, -2.42e-03, 1.38e+01]
22700 [9.60e-01, 2.13e-01, 2.05e-01, -2.43e-01, -1.04e+00, 6.99e-01, 1.01e+00, 3.61e+00, -5.20e-02, -1.92e-03, 1.38e+01]
22800 [9.76e-01, 2.14e-01, 2.04e-01, -2.44e-01, -1.04e+00, 7.07e-01, 1.01e+00, 3.61e+00, -5.00e-02, -1.04e-03, 1.38e+01]
22900 [9.41e-01, 2.09e-01, 2.06e-01, -2.49e-01, -1.03e+00, 7.09e-01, 1.01e+00, 3.62e+00, -4.95e-02, -3.69e-03, 1.38e+01]
23000 [9.56e-01, 2.15e-01, 2.08e-01, -2.47e-01, -1.04e+00, 7.16e-01, 1.01e+00, 3.62e+00, -4.79e-02, -2.98e-03, 1.38e+01]
23100 [9.71e-01, 2.17e-01, 2.07e-01, -2.49e-01, -1.04e+00, 6.88e-01, 1.01e+00, 3.62e+00, -5.05e-02, -1.18e-04, 1.38e+01]
23200 [9.79e-01, 2.19e-01, 2.01e-01, -2.52e-01, -1.04e+00, 6.97e-01, 1.01e+00, 3.63e+00, -4.96e-02, 2.66e-04, 1.38e+01]
23300 [9.71e-01, 2.21e-01, 2.00e-01, -2.53e-01, -1.05e+00, 7.00e-01, 1.01e+00, 3.63e+00, -5.00e-02, -6.91e-05, 1.38e+01]
23400 [9.88e-01, 2.22e-01, 1.99e-01, -2.53e-01, -1.05e+00, 7.09e-01, 1.01e+00, 3.63e+00, -4.82e-02, 1.09e-03, 1.38e+01]
23500 [9.57e-01, 2.18e-01, 1.99e-01, -2.67e-01, -1.04e+00, 7.03e-01, 1.01e+00, 3.64e+00, -4.62e-02, -5.62e-03, 1.38e+01]
23600 [9.72e-01, 2.24e-01, 2.00e-01, -2.57e-01, -1.04e+00, 7.11e-01, 1.01e+00, 3.64e+00, -4.63e-02, -5.39e-03, 1.38e+01]
23700 [9.84e-01, 2.25e-01, 2.01e-01, -2.62e-01, -1.04e+00, 6.82e-01, 1.01e+00, 3.64e+00, -4.96e-02, -5.34e-04, 1.38e+01]
23800 [1.00e+00, 2.27e-01, 1.95e-01, -2.55e-01, -1.05e+00, 6.88e-01, 1.01e+00, 3.64e+00, -4.92e-02, 7.43e-04, 1.38e+01]
23900 [9.74e-01, 2.30e-01, 1.93e-01, -2.63e-01, -1.05e+00, 6.93e-01, 1.01e+00, 3.65e+00, -5.09e-02, 2.28e-03, 1.38e+01]
24000 [9.92e-01, 2.31e-01, 1.93e-01, -2.57e-01, -1.06e+00, 7.03e-01, 1.01e+00, 3.65e+00, -4.98e-02, 3.78e-03, 1.39e+01]
24100 [1.01e+00, 2.32e-01, 1.93e-01, -2.61e-01, -1.07e+00, 7.13e-01, 1.01e+00, 3.66e+00, -4.70e-02, 5.63e-03, 1.39e+01]
24200 [1.01e+00, 2.33e-01, 1.90e-01, -2.61e-01, -1.07e+00, 6.58e-01, 1.01e+00, 3.66e+00, -5.14e-02, 4.58e-03, 1.39e+01]
24300 [9.93e-01, 2.35e-01, 1.85e-01, -2.61e-01, -1.07e+00, 6.70e-01, 1.01e+00, 3.66e+00, -5.15e-02, 4.28e-03, 1.39e+01]
24400 [1.01e+00, 2.37e-01, 1.83e-01, -2.54e-01, -1.08e+00, 6.82e-01, 1.01e+00, 3.66e+00, -5.04e-02, 6.29e-03, 1.39e+01]
24500 [1.02e+00, 2.37e-01, 1.82e-01, -2.61e-01, -1.09e+00, 6.92e-01, 1.01e+00, 3.67e+00, -4.77e-02, 8.26e-03, 1.39e+01]
24600 [9.84e-01, 2.38e-01, 1.89e-01, -2.71e-01, -1.07e+00, 7.01e-01, 1.01e+00, 3.67e+00, -5.48e-02, -3.32e-04, 1.39e+01]
24700 [1.00e+00, 2.40e-01, 1.90e-01, -2.66e-01, -1.08e+00, 7.11e-01, 1.01e+00, 3.68e+00, -5.33e-02, 2.58e-03, 1.39e+01]
24800 [1.02e+00, 2.41e-01, 1.87e-01, -2.62e-01, -1.08e+00, 6.60e-01, 1.01e+00, 3.68e+00, -6.59e-02, 1.18e-02, 1.39e+01]
24900 [1.02e+00, 2.42e-01, 1.79e-01, -2.62e-01, -1.08e+00, 6.72e-01, 1.01e+00, 3.68e+00, -6.32e-02, 9.64e-03, 1.39e+01]
25000 [1.04e+00, 2.44e-01, 1.77e-01, -2.64e-01, -1.09e+00, 6.84e-01, 1.01e+00, 3.69e+00, -5.98e-02, 1.17e-02, 1.39e+01]
25100 [1.02e+00, 2.45e-01, 1.78e-01, -2.65e-01, -1.09e+00, 6.93e-01, 1.01e+00, 3.70e+00, -5.88e-02, 1.23e-02, 1.39e+01]
25200 [1.05e+00, 2.46e-01, 1.79e-01, -2.72e-01, -1.10e+00, 7.03e-01, 1.01e+00, 3.71e+00, -5.50e-02, 1.45e-02, 1.39e+01]
25300 [1.02e+00, 2.42e-01, 1.82e-01, -2.77e-01, -1.07e+00, 6.94e-01, 1.01e+00, 3.71e+00, -6.05e-02, 1.30e-03, 1.39e+01]
25400 [1.03e+00, 2.47e-01, 1.77e-01, -2.79e-01, -1.08e+00, 6.95e-01, 1.01e+00, 3.72e+00, -5.89e-02, 5.79e-03, 1.39e+01]
25500 [1.05e+00, 2.48e-01, 1.76e-01, -2.79e-01, -1.10e+00, 7.05e-01, 1.01e+00, 3.73e+00, -5.78e-02, 8.59e-03, 1.39e+01]
25600 [1.05e+00, 2.50e-01, 1.77e-01, -2.77e-01, -1.11e+00, 6.71e-01, 1.01e+00, 3.73e+00, -6.35e-02, 1.22e-02, 1.39e+01]
25700 [1.02e+00, 2.52e-01, 1.74e-01, -2.83e-01, -1.12e+00, 6.85e-01, 1.01e+00, 3.74e+00, -6.39e-02, 1.08e-02, 1.39e+01]
25800 [1.04e+00, 2.54e-01, 1.75e-01, -2.75e-01, -1.13e+00, 6.98e-01, 1.01e+00, 3.74e+00, -6.39e-02, 1.31e-02, 1.39e+01]
25900 [1.06e+00, 2.54e-01, 1.76e-01, -2.83e-01, -1.13e+00, 6.54e-01, 1.01e+00, 3.76e+00, -5.93e-02, 1.16e-02, 1.39e+01]
26000 [1.07e+00, 2.56e-01, 1.68e-01, -2.73e-01, -1.14e+00, 6.53e-01, 1.01e+00, 3.76e+00, -6.42e-02, 1.13e-02, 1.39e+01]
26100 [1.06e+00, 2.58e-01, 1.66e-01, -2.70e-01, -1.15e+00, 6.67e-01, 1.01e+00, 3.76e+00, -6.43e-02, 1.33e-02, 1.39e+01]
26200 [1.03e+00, 2.57e-01, 1.66e-01, -3.06e-01, -1.16e+00, 6.78e-01, 1.01e+00, 3.77e+00, -6.45e-02, 8.12e-03, 1.39e+01]
26300 [1.05e+00, 2.58e-01, 1.67e-01, -2.78e-01, -1.17e+00, 6.88e-01, 1.01e+00, 3.76e+00, -6.99e-02, 8.16e-03, 1.39e+01]
26400 [1.07e+00, 2.60e-01, 1.68e-01, -2.81e-01, -1.18e+00, 7.00e-01, 1.01e+00, 3.77e+00, -6.71e-02, 1.38e-02, 1.39e+01]
26500 [1.08e+00, 2.60e-01, 1.68e-01, -2.73e-01, -1.16e+00, 6.46e-01, 1.01e+00, 3.77e+00, -5.60e-02, 1.33e-02, 1.39e+01]
26600 [1.08e+00, 2.63e-01, 1.64e-01, -2.67e-01, -1.18e+00, 6.60e-01, 1.01e+00, 3.78e+00, -5.40e-02, 1.88e-02, 1.39e+01]
26700 [1.04e+00, 2.63e-01, 1.62e-01, -3.18e-01, -1.16e+00, 6.72e-01, 1.01e+00, 3.78e+00, -6.60e-02, 5.14e-03, 1.39e+01]
26800 [1.06e+00, 2.65e-01, 1.64e-01, -2.85e-01, -1.15e+00, 6.85e-01, 1.01e+00, 3.77e+00, -7.58e-02, 7.96e-03, 1.39e+01]
26900 [1.08e+00, 2.66e-01, 1.65e-01, -2.89e-01, -1.17e+00, 6.97e-01, 1.01e+00, 3.79e+00, -7.34e-02, 1.44e-02, 1.39e+01]
27000 [1.08e+00, 2.67e-01, 1.59e-01, -2.74e-01, -1.17e+00, 6.39e-01, 1.01e+00, 3.79e+00, -1.33e-01, 3.92e-02, 1.39e+01]
27100 [1.08e+00, 2.68e-01, 1.57e-01, -2.86e-01, -1.17e+00, 6.50e-01, 1.01e+00, 3.80e+00, -1.15e-01, 2.17e-02, 1.39e+01]
27200 [1.09e+00, 2.69e-01, 1.57e-01, -2.82e-01, -1.17e+00, 6.58e-01, 1.01e+00, 3.80e+00, -9.79e-02, 1.46e-02, 1.40e+01]
27300 [1.09e+00, 2.71e-01, 1.55e-01, -2.90e-01, -1.19e+00, 6.69e-01, 1.01e+00, 3.81e+00, -9.37e-02, 1.34e-02, 1.40e+01]
27400 [1.07e+00, 2.70e-01, 1.56e-01, -3.07e-01, -1.21e+00, 6.80e-01, 1.01e+00, 3.82e+00, -9.41e-02, 1.10e-02, 1.40e+01]
27500 [1.09e+00, 2.72e-01, 1.58e-01, -2.93e-01, -1.23e+00, 6.91e-01, 1.01e+00, 3.82e+00, -9.59e-02, 1.35e-02, 1.40e+01]
27600 [1.11e+00, 2.73e-01, 1.59e-01, -2.90e-01, -1.23e+00, 6.49e-01, 1.01e+00, 3.83e+00, -7.42e-02, 8.85e-03, 1.40e+01]
27700 [1.11e+00, 2.75e-01, 1.55e-01, -2.85e-01, -1.25e+00, 6.64e-01, 1.01e+00, 3.83e+00, -7.60e-02, 1.52e-02, 1.40e+01]
27800 [1.08e+00, 2.76e-01, 1.55e-01, -2.90e-01, -1.27e+00, 6.76e-01, 1.01e+00, 3.83e+00, -8.13e-02, 1.41e-02, 1.40e+01]
27900 [1.10e+00, 2.78e-01, 1.57e-01, -2.88e-01, -1.27e+00, 6.89e-01, 1.01e+00, 3.84e+00, -8.11e-02, 1.55e-02, 1.40e+01]
28000 [1.12e+00, 2.78e-01, 1.56e-01, -2.96e-01, -1.26e+00, 6.78e-01, 1.01e+00, 3.85e+00, -8.82e-02, 2.02e-02, 1.40e+01]
28100 [1.12e+00, 2.79e-01, 1.55e-01, -2.99e-01, -1.27e+00, 6.89e-01, 1.01e+00, 3.85e+00, -9.07e-02, 2.03e-02, 1.40e+01]
28200 [1.13e+00, 2.80e-01, 1.54e-01, -2.97e-01, -1.28e+00, 6.67e-01, 1.01e+00, 3.86e+00, -9.04e-02, 2.15e-02, 1.40e+01]
28300 [1.12e+00, 2.82e-01, 1.54e-01, -2.94e-01, -1.30e+00, 6.82e-01, 1.01e+00, 3.86e+00, -9.61e-02, 2.19e-02, 1.40e+01]
28400 [1.10e+00, 2.74e-01, 1.55e-01, -3.07e-01, -1.23e+00, 6.31e-01, 1.01e+00, 3.87e+00, -1.65e-02, -2.76e-02, 1.40e+01]
28500 [1.11e+00, 2.61e-01, 1.57e-01, -2.71e-01, -1.20e+00, 6.35e-01, 1.01e+00, 3.84e+00, -1.04e-02, 9.32e-03, 1.41e+01]
28600 [1.10e+00, 2.69e-01, 1.49e-01, -2.84e-01, -1.21e+00, 6.53e-01, 1.01e+00, 3.85e+00, -1.11e-02, 2.04e-02, 1.41e+01]
28700 [1.13e+00, 2.75e-01, 1.49e-01, -2.79e-01, -1.23e+00, 6.69e-01, 1.01e+00, 3.86e+00, -1.33e-02, 2.94e-02, 1.41e+01]
28800 [1.09e+00, 2.79e-01, 1.50e-01, -3.05e-01, -1.25e+00, 6.83e-01, 1.01e+00, 3.87e+00, -1.63e-02, 2.91e-02, 1.41e+01]
28900 [1.11e+00, 2.82e-01, 1.52e-01, -2.88e-01, -1.27e+00, 6.56e-01, 1.01e+00, 3.86e+00, -6.23e-02, 4.34e-02, 1.41e+01]
29000 [1.13e+00, 2.84e-01, 1.50e-01, -2.87e-01, -1.29e+00, 6.70e-01, 1.01e+00, 3.87e+00, -6.44e-02, 4.10e-02, 1.41e+01]
29100 [1.15e+00, 2.85e-01, 1.48e-01, -2.98e-01, -1.31e+00, 6.85e-01, 1.01e+00, 3.89e+00, -6.07e-02, 3.84e-02, 1.41e+01]
29200 [1.08e+00, 2.87e-01, 1.52e-01, -3.13e-01, -1.20e+00, 6.92e-01, 1.01e+00, 3.86e+00, -9.20e-02, 5.10e-03, 1.41e+01]
29300 [1.10e+00, 2.89e-01, 1.53e-01, -3.06e-01, -1.21e+00, 6.55e-01, 1.01e+00, 3.86e+00, -1.15e-01, 2.04e-02, 1.42e+01]
29400 [1.12e+00, 2.90e-01, 1.51e-01, -3.03e-01, -1.23e+00, 6.73e-01, 1.01e+00, 3.87e+00, -1.15e-01, 2.14e-02, 1.42e+01]
29500 [1.13e+00, 2.91e-01, 1.50e-01, -3.11e-01, -1.25e+00, 6.88e-01, 1.01e+00, 3.88e+00, -1.12e-01, 2.26e-02, 1.42e+01]
29600 [1.15e+00, 2.92e-01, 1.47e-01, -3.17e-01, -1.26e+00, 6.14e-01, 1.01e+00, 3.89e+00, -1.49e-01, 3.10e-02, 1.42e+01]
29700 [1.14e+00, 2.93e-01, 1.40e-01, -3.16e-01, -1.28e+00, 6.28e-01, 1.01e+00, 3.89e+00, -1.52e-01, 2.13e-02, 1.42e+01]
29800 [1.16e+00, 2.94e-01, 1.37e-01, -3.13e-01, -1.29e+00, 6.42e-01, 1.01e+00, 3.90e+00, -1.51e-01, 2.04e-02, 1.42e+01]
29900 [1.14e+00, 2.95e-01, 1.40e-01, -3.11e-01, -1.31e+00, 6.55e-01, 1.01e+00, 3.90e+00, -1.49e-01, 1.83e-02, 1.42e+01]
30000 [1.15e+00, 2.96e-01, 1.38e-01, -3.19e-01, -1.32e+00, 6.67e-01, 1.01e+00, 3.92e+00, -1.43e-01, 1.82e-02, 1.42e+01]
30000 [1.15e+00, 2.96e-01, 1.38e-01, -3.19e-01, -1.32e+00, 6.67e-01, 1.01e+00, 3.92e+00, -1.43e-01, 1.82e-02, 1.42e+01]
30100 [1.14e+00, 2.91e-01, 1.45e-01, -3.05e-01, -1.30e+00, 6.41e-01, 1.01e+00, 3.92e+00, -1.27e-01, 1.03e-02, 1.42e+01]
30200 [1.14e+00, 2.91e-01, 1.44e-01, -3.05e-01, -1.30e+00, 6.42e-01, 1.01e+00, 3.92e+00, -1.27e-01, 1.03e-02, 1.42e+01]
30300 [1.14e+00, 2.91e-01, 1.44e-01, -3.05e-01, -1.30e+00, 6.45e-01, 1.01e+00, 3.92e+00, -1.27e-01, 1.06e-02, 1.42e+01]
30400 [1.14e+00, 2.92e-01, 1.44e-01, -3.05e-01, -1.30e+00, 6.47e-01, 1.01e+00, 3.92e+00, -1.27e-01, 1.12e-02, 1.42e+01]
30500 [1.15e+00, 2.93e-01, 1.43e-01, -3.05e-01, -1.31e+00, 6.50e-01, 1.01e+00, 3.92e+00, -1.26e-01, 1.20e-02, 1.42e+01]
30600 [1.15e+00, 2.94e-01, 1.43e-01, -3.05e-01, -1.31e+00, 6.54e-01, 1.01e+00, 3.92e+00, -1.26e-01, 1.27e-02, 1.42e+01]
30700 [1.15e+00, 2.95e-01, 1.43e-01, -3.06e-01, -1.32e+00, 6.58e-01, 1.01e+00, 3.92e+00, -1.26e-01, 1.36e-02, 1.42e+01]
30800 [1.15e+00, 2.96e-01, 1.42e-01, -3.07e-01, -1.32e+00, 6.61e-01, 1.01e+00, 3.92e+00, -1.25e-01, 1.45e-02, 1.42e+01]
30900 [1.16e+00, 2.97e-01, 1.42e-01, -3.08e-01, -1.33e+00, 6.65e-01, 1.01e+00, 3.92e+00, -1.25e-01, 1.53e-02, 1.42e+01]
31000 [1.16e+00, 2.98e-01, 1.42e-01, -3.09e-01, -1.33e+00, 6.70e-01, 1.01e+00, 3.92e+00, -1.25e-01, 1.63e-02, 1.42e+01]
31100 [1.16e+00, 2.99e-01, 1.41e-01, -3.11e-01, -1.34e+00, 6.74e-01, 1.01e+00, 3.92e+00, -1.24e-01, 1.72e-02, 1.42e+01]
31200 [1.17e+00, 3.00e-01, 1.41e-01, -3.13e-01, -1.35e+00, 6.78e-01, 1.01e+00, 3.92e+00, -1.24e-01, 1.80e-02, 1.42e+01]
31300 [1.15e+00, 3.01e-01, 1.39e-01, -3.29e-01, -1.35e+00, 6.59e-01, 1.01e+00, 3.92e+00, -1.18e-01, 1.49e-02, 1.42e+01]
31400 [1.16e+00, 3.02e-01, 1.39e-01, -3.28e-01, -1.35e+00, 6.62e-01, 1.01e+00, 3.92e+00, -1.21e-01, 1.46e-02, 1.42e+01]
31500 [1.16e+00, 3.03e-01, 1.39e-01, -3.26e-01, -1.36e+00, 6.68e-01, 1.01e+00, 3.92e+00, -1.23e-01, 1.64e-02, 1.42e+01]
31600 [1.17e+00, 3.04e-01, 1.39e-01, -3.25e-01, -1.37e+00, 6.73e-01, 1.01e+00, 3.92e+00, -1.25e-01, 1.81e-02, 1.42e+01]
31700 [1.17e+00, 3.04e-01, 1.39e-01, -3.25e-01, -1.38e+00, 6.78e-01, 1.01e+00, 3.92e+00, -1.26e-01, 1.95e-02, 1.42e+01]
31800 [1.18e+00, 3.05e-01, 1.39e-01, -3.27e-01, -1.39e+00, 6.84e-01, 1.01e+00, 3.93e+00, -1.27e-01, 2.07e-02, 1.42e+01]
31900 [1.15e+00, 3.06e-01, 1.38e-01, -3.20e-01, -1.31e+00, 6.82e-01, 1.01e+00, 3.92e+00, -1.35e-01, 1.01e-02, 1.42e+01]
32000 [1.16e+00, 3.07e-01, 1.39e-01, -3.23e-01, -1.31e+00, 6.87e-01, 1.01e+00, 3.92e+00, -1.36e-01, 1.22e-02, 1.43e+01]
32100 [1.16e+00, 3.08e-01, 1.40e-01, -3.27e-01, -1.32e+00, 6.92e-01, 1.01e+00, 3.93e+00, -1.36e-01, 1.43e-02, 1.43e+01]
32200 [1.17e+00, 3.09e-01, 1.39e-01, -3.27e-01, -1.33e+00, 6.59e-01, 1.01e+00, 3.93e+00, -1.45e-01, 1.77e-02, 1.43e+01]
32300 [1.18e+00, 3.10e-01, 1.38e-01, -3.27e-01, -1.34e+00, 6.67e-01, 1.01e+00, 3.93e+00, -1.46e-01, 1.82e-02, 1.43e+01]
32400 [1.18e+00, 3.11e-01, 1.37e-01, -3.31e-01, -1.35e+00, 6.74e-01, 1.01e+00, 3.93e+00, -1.48e-01, 1.82e-02, 1.43e+01]
32500 [1.16e+00, 3.12e-01, 1.38e-01, -3.36e-01, -1.36e+00, 6.75e-01, 1.01e+00, 3.93e+00, -1.56e-01, 1.75e-02, 1.43e+01]
32600 [1.17e+00, 3.13e-01, 1.38e-01, -3.36e-01, -1.37e+00, 6.83e-01, 1.01e+00, 3.93e+00, -1.58e-01, 1.76e-02, 1.43e+01]
32700 [1.17e+00, 3.14e-01, 1.38e-01, -3.35e-01, -1.38e+00, 6.44e-01, 1.01e+00, 3.93e+00, -1.53e-01, 1.45e-02, 1.43e+01]
32800 [1.18e+00, 3.15e-01, 1.36e-01, -3.31e-01, -1.39e+00, 6.54e-01, 1.01e+00, 3.93e+00, -1.56e-01, 1.60e-02, 1.43e+01]
32900 [1.17e+00, 3.17e-01, 1.34e-01, -3.34e-01, -1.40e+00, 6.61e-01, 1.01e+00, 3.93e+00, -1.57e-01, 1.20e-02, 1.43e+01]
33000 [1.18e+00, 3.18e-01, 1.34e-01, -3.32e-01, -1.41e+00, 6.70e-01, 1.01e+00, 3.93e+00, -1.60e-01, 1.44e-02, 1.43e+01]
33100 [1.19e+00, 3.19e-01, 1.34e-01, -3.41e-01, -1.42e+00, 6.68e-01, 1.01e+00, 3.94e+00, -1.47e-01, 6.46e-03, 1.43e+01]
33200 [1.18e+00, 2.91e-01, 1.41e-01, -3.26e-01, -1.38e+00, 6.14e-01, 1.01e+00, 3.94e+00, -8.42e-02, -2.06e-02, 1.43e+01]
33300 [1.19e+00, 2.99e-01, 1.36e-01, -3.19e-01, -1.39e+00, 6.28e-01, 1.01e+00, 3.94e+00, -8.95e-02, -5.57e-03, 1.43e+01]
33400 [1.16e+00, 3.05e-01, 1.34e-01, -3.20e-01, -1.39e+00, 6.36e-01, 1.01e+00, 3.94e+00, -1.09e-01, 7.12e-03, 1.43e+01]
33500 [1.18e+00, 3.10e-01, 1.33e-01, -3.17e-01, -1.41e+00, 6.49e-01, 1.01e+00, 3.94e+00, -1.13e-01, 1.55e-02, 1.43e+01]
33600 [1.19e+00, 3.14e-01, 1.32e-01, -3.18e-01, -1.42e+00, 6.60e-01, 1.01e+00, 3.94e+00, -1.15e-01, 2.08e-02, 1.43e+01]
33700 [1.17e+00, 3.16e-01, 1.32e-01, -3.49e-01, -1.40e+00, 6.44e-01, 1.01e+00, 3.94e+00, -1.57e-01, 2.80e-02, 1.43e+01]
33800 [1.18e+00, 3.18e-01, 1.30e-01, -3.37e-01, -1.35e+00, 6.23e-01, 1.01e+00, 3.94e+00, -1.66e-01, 1.17e-02, 1.43e+01]
33900 [1.19e+00, 3.20e-01, 1.28e-01, -3.33e-01, -1.37e+00, 6.36e-01, 1.01e+00, 3.94e+00, -1.68e-01, 1.36e-02, 1.44e+01]
34000 [1.17e+00, 3.22e-01, 1.27e-01, -3.32e-01, -1.38e+00, 6.41e-01, 1.01e+00, 3.94e+00, -1.70e-01, 1.54e-02, 1.44e+01]
34100 [1.17e+00, 3.23e-01, 1.28e-01, -3.30e-01, -1.40e+00, 6.46e-01, 1.01e+00, 3.94e+00, -1.72e-01, 1.69e-02, 1.44e+01]
34200 [1.19e+00, 3.24e-01, 1.29e-01, -3.31e-01, -1.41e+00, 6.58e-01, 1.01e+00, 3.95e+00, -1.73e-01, 1.80e-02, 1.44e+01]
34300 [1.20e+00, 3.25e-01, 1.29e-01, -3.37e-01, -1.43e+00, 6.70e-01, 1.01e+00, 3.95e+00, -1.74e-01, 1.87e-02, 1.44e+01]
34400 [1.18e+00, 3.23e-01, 1.26e-01, -3.39e-01, -1.42e+00, 6.22e-01, 1.01e+00, 3.95e+00, -2.02e-01, 1.78e-02, 1.44e+01]
34500 [1.20e+00, 3.25e-01, 1.24e-01, -3.35e-01, -1.43e+00, 6.36e-01, 1.01e+00, 3.95e+00, -2.04e-01, 1.51e-02, 1.44e+01]
34600 [1.18e+00, 3.27e-01, 1.24e-01, -3.49e-01, -1.44e+00, 6.39e-01, 1.01e+00, 3.95e+00, -1.96e-01, 9.12e-03, 1.44e+01]
34700 [1.19e+00, 3.29e-01, 1.25e-01, -3.41e-01, -1.46e+00, 6.52e-01, 1.01e+00, 3.95e+00, -1.99e-01, 1.16e-02, 1.44e+01]
34800 [1.21e+00, 3.30e-01, 1.26e-01, -3.44e-01, -1.48e+00, 6.65e-01, 1.01e+00, 3.96e+00, -2.02e-01, 1.30e-02, 1.44e+01]
34900 [1.17e+00, 3.23e-01, 1.34e-01, -3.34e-01, -1.41e+00, 5.99e-01, 1.01e+00, 3.96e+00, -1.14e-01, -8.04e-03, 1.44e+01]
35000 [1.19e+00, 3.27e-01, 1.29e-01, -3.24e-01, -1.43e+00, 6.15e-01, 1.01e+00, 3.95e+00, -1.19e-01, 4.86e-03, 1.45e+01]
35100 [1.20e+00, 3.29e-01, 1.25e-01, -3.22e-01, -1.45e+00, 6.31e-01, 1.01e+00, 3.96e+00, -1.22e-01, 1.50e-02, 1.45e+01]
35200 [1.18e+00, 3.31e-01, 1.23e-01, -3.49e-01, -1.46e+00, 6.19e-01, 1.01e+00, 3.96e+00, -1.42e-01, 1.72e-02, 1.45e+01]
35300 [1.19e+00, 3.32e-01, 1.21e-01, -3.31e-01, -1.46e+00, 6.20e-01, 1.01e+00, 3.95e+00, -1.61e-01, 2.27e-02, 1.45e+01]
35400 [1.20e+00, 3.34e-01, 1.21e-01, -3.28e-01, -1.48e+00, 6.35e-01, 1.01e+00, 3.96e+00, -1.63e-01, 2.35e-02, 1.45e+01]
35500 [1.22e+00, 3.35e-01, 1.21e-01, -3.32e-01, -1.50e+00, 6.49e-01, 1.01e+00, 3.96e+00, -1.64e-01, 2.38e-02, 1.45e+01]
35600 [1.18e+00, 3.28e-01, 1.26e-01, -3.23e-01, -1.48e+00, 6.09e-01, 1.01e+00, 3.95e+00, -1.22e-01, 9.22e-03, 1.45e+01]
35700 [1.20e+00, 3.32e-01, 1.23e-01, -3.18e-01, -1.50e+00, 6.27e-01, 1.01e+00, 3.95e+00, -1.25e-01, 1.84e-02, 1.45e+01]
35800 [1.20e+00, 3.35e-01, 1.19e-01, -3.47e-01, -1.50e+00, 6.38e-01, 1.01e+00, 3.96e+00, -1.16e-01, 1.22e-02, 1.46e+01]
35900 [1.21e+00, 3.36e-01, 1.20e-01, -3.36e-01, -1.48e+00, 6.45e-01, 1.01e+00, 3.96e+00, -1.26e-01, 1.68e-02, 1.46e+01]
36000 [1.22e+00, 3.37e-01, 1.21e-01, -3.36e-01, -1.50e+00, 6.59e-01, 1.01e+00, 3.96e+00, -1.30e-01, 2.32e-02, 1.46e+01]
36100 [1.19e+00, 3.38e-01, 1.20e-01, -3.39e-01, -1.47e+00, 6.04e-01, 1.01e+00, 3.96e+00, -1.27e-01, 1.40e-02, 1.46e+01]
36200 [1.21e+00, 3.40e-01, 1.19e-01, -3.27e-01, -1.50e+00, 6.22e-01, 1.01e+00, 3.96e+00, -1.34e-01, 2.08e-02, 1.46e+01]
36300 [1.23e+00, 3.41e-01, 1.18e-01, -3.28e-01, -1.52e+00, 6.39e-01, 1.01e+00, 3.96e+00, -1.36e-01, 2.48e-02, 1.46e+01]
36400 [1.19e+00, 3.38e-01, 1.19e-01, -3.41e-01, -1.50e+00, 5.84e-01, 1.01e+00, 3.95e+00, -1.80e-01, 3.12e-02, 1.46e+01]
36500 [1.21e+00, 3.40e-01, 1.16e-01, -3.29e-01, -1.52e+00, 6.03e-01, 1.01e+00, 3.95e+00, -1.84e-01, 2.65e-02, 1.46e+01]
36600 [1.23e+00, 3.42e-01, 1.15e-01, -3.30e-01, -1.55e+00, 6.22e-01, 1.01e+00, 3.95e+00, -1.84e-01, 2.43e-02, 1.47e+01]
36700 [1.21e+00, 3.41e-01, 1.14e-01, -3.35e-01, -1.53e+00, 6.30e-01, 1.01e+00, 3.95e+00, -1.72e-01, 1.27e-02, 1.47e+01]
36800 [1.23e+00, 3.43e-01, 1.16e-01, -3.37e-01, -1.56e+00, 6.47e-01, 1.01e+00, 3.95e+00, -1.74e-01, 1.67e-02, 1.47e+01]
36900 [1.21e+00, 3.44e-01, 1.18e-01, -3.74e-01, -1.57e+00, 6.55e-01, 1.01e+00, 3.97e+00, -1.69e-01, 8.85e-03, 1.47e+01]
37000 [1.21e+00, 3.38e-01, 1.24e-01, -3.58e-01, -1.53e+00, 6.63e-01, 1.01e+00, 3.96e+00, -1.82e-01, 7.66e-03, 1.47e+01]
37100 [1.22e+00, 3.42e-01, 1.22e-01, -3.47e-01, -1.56e+00, 6.34e-01, 1.01e+00, 3.96e+00, -1.91e-01, 1.22e-02, 1.48e+01]
37200 [1.21e+00, 3.44e-01, 1.17e-01, -3.45e-01, -1.56e+00, 6.52e-01, 1.01e+00, 3.96e+00, -1.99e-01, 1.40e-02, 1.48e+01]
37300 [1.22e+00, 3.45e-01, 1.20e-01, -3.47e-01, -1.55e+00, 6.58e-01, 1.01e+00, 3.96e+00, -2.07e-01, 1.48e-02, 1.48e+01]
37400 [1.24e+00, 3.47e-01, 1.19e-01, -3.46e-01, -1.57e+00, 6.32e-01, 1.01e+00, 3.96e+00, -2.06e-01, 1.53e-02, 1.48e+01]
37500 [1.21e+00, 3.48e-01, 1.18e-01, -3.63e-01, -1.58e+00, 6.50e-01, 1.01e+00, 3.97e+00, -2.19e-01, 1.24e-02, 1.48e+01]
37600 [1.23e+00, 3.49e-01, 1.20e-01, -3.59e-01, -1.60e+00, 6.40e-01, 1.01e+00, 3.98e+00, -2.19e-01, 1.16e-02, 1.49e+01]
37700 [1.25e+00, 3.50e-01, 1.17e-01, -3.52e-01, -1.62e+00, 6.31e-01, 1.01e+00, 3.98e+00, -2.16e-01, 1.04e-02, 1.49e+01]
37800 [1.24e+00, 3.51e-01, 1.17e-01, -3.55e-01, -1.64e+00, 6.47e-01, 1.01e+00, 3.98e+00, -2.20e-01, 9.26e-03, 1.49e+01]
37900 [1.24e+00, 3.50e-01, 1.20e-01, -3.67e-01, -1.62e+00, 6.11e-01, 1.01e+00, 3.99e+00, -1.58e-01, -7.64e-03, 1.49e+01]
38000 [1.25e+00, 3.51e-01, 1.14e-01, -3.46e-01, -1.64e+00, 6.09e-01, 1.01e+00, 3.98e+00, -1.52e-01, 4.10e-03, 1.49e+01]
38100 [1.23e+00, 3.48e-01, 1.15e-01, -3.59e-01, -1.64e+00, 6.25e-01, 1.01e+00, 3.98e+00, -1.71e-01, 1.40e-02, 1.50e+01]
38200 [1.25e+00, 3.49e-01, 1.16e-01, -3.45e-01, -1.67e+00, 6.44e-01, 1.01e+00, 3.98e+00, -1.81e-01, 1.76e-02, 1.50e+01]
38300 [1.24e+00, 3.51e-01, 1.15e-01, -3.60e-01, -1.69e+00, 6.55e-01, 1.01e+00, 3.99e+00, -1.88e-01, 1.43e-02, 1.50e+01]
38400 [1.26e+00, 3.53e-01, 1.15e-01, -3.55e-01, -1.71e+00, 6.17e-01, 1.01e+00, 3.99e+00, -2.36e-01, 2.06e-02, 1.50e+01]
38500 [1.26e+00, 3.55e-01, 1.13e-01, -3.44e-01, -1.66e+00, 6.34e-01, 1.01e+00, 3.99e+00, -2.27e-01, 1.61e-02, 1.51e+01]
38600 [1.23e+00, 3.55e-01, 1.14e-01, -3.70e-01, -1.66e+00, 6.48e-01, 1.01e+00, 4.00e+00, -2.30e-01, 9.52e-03, 1.51e+01]
38700 [1.26e+00, 3.57e-01, 1.16e-01, -3.64e-01, -1.69e+00, 6.25e-01, 1.01e+00, 4.00e+00, -2.24e-01, 1.09e-02, 1.51e+01]
38800 [1.25e+00, 3.56e-01, 1.12e-01, -3.61e-01, -1.70e+00, 6.24e-01, 1.01e+00, 4.00e+00, -2.30e-01, 7.13e-03, 1.51e+01]
38900 [1.27e+00, 3.57e-01, 1.12e-01, -3.64e-01, -1.73e+00, 6.43e-01, 1.01e+00, 4.00e+00, -2.33e-01, 9.07e-03, 1.51e+01]
39000 [1.26e+00, 3.58e-01, 1.14e-01, -3.70e-01, -1.74e+00, 6.58e-01, 1.01e+00, 4.01e+00, -2.45e-01, 8.26e-03, 1.52e+01]
39100 [1.27e+00, 3.58e-01, 1.12e-01, -3.58e-01, -1.74e+00, 6.25e-01, 1.01e+00, 4.00e+00, -2.15e-01, 5.70e-03, 1.52e+01]
39200 [1.25e+00, 3.59e-01, 1.11e-01, -3.84e-01, -1.70e+00, 6.41e-01, 1.01e+00, 4.01e+00, -2.25e-01, 5.48e-03, 1.52e+01]
39300 [1.27e+00, 3.60e-01, 1.13e-01, -3.69e-01, -1.71e+00, 6.58e-01, 1.01e+00, 4.01e+00, -2.40e-01, 7.82e-03, 1.53e+01]
39400 [1.28e+00, 3.60e-01, 1.11e-01, -3.62e-01, -1.73e+00, 6.03e-01, 1.01e+00, 4.01e+00, -2.46e-01, 6.74e-03, 1.53e+01]
39500 [1.29e+00, 3.61e-01, 1.08e-01, -3.62e-01, -1.76e+00, 6.20e-01, 1.01e+00, 4.01e+00, -2.51e-01, 8.27e-03, 1.53e+01]
39600 [1.27e+00, 3.63e-01, 1.09e-01, -3.69e-01, -1.79e+00, 6.36e-01, 1.01e+00, 4.02e+00, -2.58e-01, 6.01e-03, 1.53e+01]
39700 [1.28e+00, 3.62e-01, 1.10e-01, -3.70e-01, -1.76e+00, 6.47e-01, 1.01e+00, 4.02e+00, -2.51e-01, 5.43e-03, 1.53e+01]
39800 [1.27e+00, 3.61e-01, 1.13e-01, -3.66e-01, -1.77e+00, 6.22e-01, 1.01e+00, 4.02e+00, -2.47e-01, 1.26e-02, 1.53e+01]
39900 [1.28e+00, 3.62e-01, 1.10e-01, -3.73e-01, -1.78e+00, 6.34e-01, 1.01e+00, 4.02e+00, -2.49e-01, 6.02e-03, 1.54e+01]
40000 [1.27e+00, 3.64e-01, 1.10e-01, -3.89e-01, -1.80e+00, 6.41e-01, 1.01e+00, 4.04e+00, -2.37e-01, 2.36e-03, 1.54e+01]
40000 [1.27e+00, 3.64e-01, 1.10e-01, -3.89e-01, -1.80e+00, 6.41e-01, 1.01e+00, 4.04e+00, -2.37e-01, 2.36e-03, 1.54e+01]
40100 [1.25e+00, 3.60e-01, 1.03e-01, -3.78e-01, -1.77e+00, 6.17e-01, 1.01e+00, 4.04e+00, -2.28e-01, 7.79e-03, 1.54e+01]
40200 [1.25e+00, 3.60e-01, 1.03e-01, -3.77e-01, -1.77e+00, 6.19e-01, 1.01e+00, 4.04e+00, -2.28e-01, 7.63e-03, 1.54e+01]
40300 [1.25e+00, 3.62e-01, 1.04e-01, -3.76e-01, -1.77e+00, 6.20e-01, 1.01e+00, 4.04e+00, -2.29e-01, 7.54e-03, 1.54e+01]
40400 [1.26e+00, 3.63e-01, 1.04e-01, -3.75e-01, -1.77e+00, 6.22e-01, 1.01e+00, 4.03e+00, -2.29e-01, 7.40e-03, 1.54e+01]
40500 [1.26e+00, 3.64e-01, 1.05e-01, -3.74e-01, -1.77e+00, 6.25e-01, 1.01e+00, 4.03e+00, -2.30e-01, 7.30e-03, 1.54e+01]
40600 [1.26e+00, 3.65e-01, 1.05e-01, -3.73e-01, -1.77e+00, 6.27e-01, 1.01e+00, 4.03e+00, -2.31e-01, 7.29e-03, 1.54e+01]
40700 [1.26e+00, 3.66e-01, 1.06e-01, -3.72e-01, -1.77e+00, 6.30e-01, 1.01e+00, 4.03e+00, -2.31e-01, 7.38e-03, 1.54e+01]
40800 [1.26e+00, 3.67e-01, 1.07e-01, -3.71e-01, -1.77e+00, 6.34e-01, 1.01e+00, 4.03e+00, -2.32e-01, 7.54e-03, 1.54e+01]
40900 [1.27e+00, 3.68e-01, 1.07e-01, -3.70e-01, -1.78e+00, 6.37e-01, 1.01e+00, 4.03e+00, -2.33e-01, 7.76e-03, 1.54e+01]
41000 [1.27e+00, 3.69e-01, 1.08e-01, -3.69e-01, -1.78e+00, 6.41e-01, 1.01e+00, 4.03e+00, -2.34e-01, 8.02e-03, 1.54e+01]
41100 [1.27e+00, 3.69e-01, 1.08e-01, -3.69e-01, -1.78e+00, 6.45e-01, 1.01e+00, 4.03e+00, -2.35e-01, 8.29e-03, 1.54e+01]
41200 [1.28e+00, 3.70e-01, 1.09e-01, -3.69e-01, -1.78e+00, 6.49e-01, 1.01e+00, 4.03e+00, -2.36e-01, 8.57e-03, 1.54e+01]
41300 [1.28e+00, 3.70e-01, 1.10e-01, -3.69e-01, -1.78e+00, 6.53e-01, 1.01e+00, 4.03e+00, -2.37e-01, 8.84e-03, 1.54e+01]
41400 [1.28e+00, 3.71e-01, 1.10e-01, -3.69e-01, -1.78e+00, 6.57e-01, 1.01e+00, 4.03e+00, -2.37e-01, 9.10e-03, 1.54e+01]
41500 [1.28e+00, 3.71e-01, 1.11e-01, -3.70e-01, -1.79e+00, 6.24e-01, 1.01e+00, 4.03e+00, -2.37e-01, 9.85e-03, 1.54e+01]
41600 [1.29e+00, 3.72e-01, 1.09e-01, -3.69e-01, -1.79e+00, 6.29e-01, 1.01e+00, 4.03e+00, -2.38e-01, 9.77e-03, 1.54e+01]
41700 [1.29e+00, 3.72e-01, 1.09e-01, -3.69e-01, -1.79e+00, 6.35e-01, 1.01e+00, 4.03e+00, -2.39e-01, 9.78e-03, 1.54e+01]
41800 [1.28e+00, 3.73e-01, 1.09e-01, -3.73e-01, -1.79e+00, 6.34e-01, 1.01e+00, 4.04e+00, -2.36e-01, 7.09e-03, 1.54e+01]
41900 [1.29e+00, 3.74e-01, 1.09e-01, -3.72e-01, -1.80e+00, 6.40e-01, 1.01e+00, 4.04e+00, -2.38e-01, 7.93e-03, 1.54e+01]
42000 [1.29e+00, 3.75e-01, 1.09e-01, -3.72e-01, -1.80e+00, 6.46e-01, 1.01e+00, 4.04e+00, -2.39e-01, 8.52e-03, 1.54e+01]
42100 [1.28e+00, 3.75e-01, 1.08e-01, -3.77e-01, -1.80e+00, 6.33e-01, 1.01e+00, 4.04e+00, -2.35e-01, 6.79e-03, 1.54e+01]
42200 [1.28e+00, 3.76e-01, 1.08e-01, -3.76e-01, -1.80e+00, 6.31e-01, 1.01e+00, 4.04e+00, -2.36e-01, 8.04e-03, 1.54e+01]
42300 [1.29e+00, 3.76e-01, 1.08e-01, -3.74e-01, -1.81e+00, 6.38e-01, 1.01e+00, 4.04e+00, -2.37e-01, 8.81e-03, 1.54e+01]
42400 [1.30e+00, 3.76e-01, 1.09e-01, -3.73e-01, -1.81e+00, 6.46e-01, 1.01e+00, 4.04e+00, -2.39e-01, 9.38e-03, 1.54e+01]
42500 [1.29e+00, 3.74e-01, 1.09e-01, -3.75e-01, -1.81e+00, 6.29e-01, 1.01e+00, 4.04e+00, -2.35e-01, 5.68e-03, 1.54e+01]
42600 [1.30e+00, 3.76e-01, 1.08e-01, -3.74e-01, -1.81e+00, 6.38e-01, 1.01e+00, 4.04e+00, -2.37e-01, 6.75e-03, 1.54e+01]
42700 [1.29e+00, 3.77e-01, 1.09e-01, -3.76e-01, -1.81e+00, 6.46e-01, 1.01e+00, 4.04e+00, -2.39e-01, 8.41e-03, 1.54e+01]
42800 [1.30e+00, 3.79e-01, 1.09e-01, -3.76e-01, -1.82e+00, 6.51e-01, 1.01e+00, 4.04e+00, -2.41e-01, 9.63e-03, 1.54e+01]
42900 [1.30e+00, 3.80e-01, 1.07e-01, -3.77e-01, -1.82e+00, 6.27e-01, 1.01e+00, 4.04e+00, -2.42e-01, 9.72e-03, 1.54e+01]
43000 [1.29e+00, 3.81e-01, 1.07e-01, -3.77e-01, -1.83e+00, 6.37e-01, 1.01e+00, 4.04e+00, -2.44e-01, 9.75e-03, 1.54e+01]
43100 [1.29e+00, 3.79e-01, 1.08e-01, -3.77e-01, -1.82e+00, 6.41e-01, 1.01e+00, 4.04e+00, -2.44e-01, 7.80e-03, 1.54e+01]
43200 [1.30e+00, 3.81e-01, 1.08e-01, -3.76e-01, -1.83e+00, 6.51e-01, 1.01e+00, 4.04e+00, -2.46e-01, 8.55e-03, 1.54e+01]
43300 [1.29e+00, 3.81e-01, 1.06e-01, -3.80e-01, -1.83e+00, 6.00e-01, 1.01e+00, 4.04e+00, -2.52e-01, 1.17e-02, 1.54e+01]
43400 [1.30e+00, 3.83e-01, 1.04e-01, -3.77e-01, -1.84e+00, 6.12e-01, 1.01e+00, 4.04e+00, -2.55e-01, 1.02e-02, 1.54e+01]
43500 [1.29e+00, 3.82e-01, 1.03e-01, -3.85e-01, -1.83e+00, 6.23e-01, 1.01e+00, 4.04e+00, -2.56e-01, 4.94e-03, 1.54e+01]
43600 [1.30e+00, 3.84e-01, 1.03e-01, -3.82e-01, -1.84e+00, 6.34e-01, 1.01e+00, 4.05e+00, -2.59e-01, 5.81e-03, 1.54e+01]
43700 [1.29e+00, 3.82e-01, 1.07e-01, -3.73e-01, -1.82e+00, 6.29e-01, 1.01e+00, 4.04e+00, -2.55e-01, 7.70e-03, 1.54e+01]
43800 [1.30e+00, 3.84e-01, 1.07e-01, -3.72e-01, -1.82e+00, 6.39e-01, 1.01e+00, 4.05e+00, -2.57e-01, 7.61e-03, 1.54e+01]
43900 [1.28e+00, 3.50e-01, 1.11e-01, -3.75e-01, -1.81e+00, 6.05e-01, 1.01e+00, 4.05e+00, -2.45e-01, -3.23e-03, 1.54e+01]
44000 [1.24e+00, 3.20e-01, 1.18e-01, -3.32e-01, -1.79e+00, 5.84e-01, 1.01e+00, 4.02e+00, -2.33e-01, 1.54e-02, 1.54e+01]
44100 [1.26e+00, 3.27e-01, 1.17e-01, -3.30e-01, -1.80e+00, 6.06e-01, 1.01e+00, 4.02e+00, -2.33e-01, 1.34e-02, 1.54e+01]
44200 [1.27e+00, 3.34e-01, 1.16e-01, -3.33e-01, -1.81e+00, 6.27e-01, 1.01e+00, 4.01e+00, -2.33e-01, 1.42e-02, 1.54e+01]
44300 [1.26e+00, 3.40e-01, 1.15e-01, -3.45e-01, -1.81e+00, 5.67e-01, 1.01e+00, 4.01e+00, -2.32e-01, 1.13e-02, 1.54e+01]
44400 [1.27e+00, 3.45e-01, 1.10e-01, -3.46e-01, -1.82e+00, 5.72e-01, 1.01e+00, 4.01e+00, -2.36e-01, 9.89e-03, 1.54e+01]
44500 [1.28e+00, 3.50e-01, 1.08e-01, -3.47e-01, -1.83e+00, 5.88e-01, 1.01e+00, 4.01e+00, -2.38e-01, 1.12e-02, 1.54e+01]
44600 [1.30e+00, 3.55e-01, 1.06e-01, -3.50e-01, -1.84e+00, 6.04e-01, 1.01e+00, 4.01e+00, -2.40e-01, 1.25e-02, 1.54e+01]
44700 [1.25e+00, 3.59e-01, 1.08e-01, -3.56e-01, -1.85e+00, 6.18e-01, 1.01e+00, 4.01e+00, -2.46e-01, 1.07e-02, 1.54e+01]
44800 [1.26e+00, 3.63e-01, 1.09e-01, -3.55e-01, -1.86e+00, 6.33e-01, 1.01e+00, 4.01e+00, -2.50e-01, 1.10e-02, 1.55e+01]
44900 [1.28e+00, 3.67e-01, 1.10e-01, -3.58e-01, -1.85e+00, 6.37e-01, 1.01e+00, 4.01e+00, -2.43e-01, 1.14e-02, 1.55e+01]
45000 [1.29e+00, 3.70e-01, 1.09e-01, -3.61e-01, -1.85e+00, 6.44e-01, 1.01e+00, 4.02e+00, -2.47e-01, 1.25e-02, 1.55e+01]
45100 [1.28e+00, 3.72e-01, 1.07e-01, -3.74e-01, -1.85e+00, 6.10e-01, 1.01e+00, 4.02e+00, -2.50e-01, 9.87e-03, 1.55e+01]
45200 [1.30e+00, 3.75e-01, 1.06e-01, -3.69e-01, -1.86e+00, 6.27e-01, 1.01e+00, 4.02e+00, -2.56e-01, 8.98e-03, 1.55e+01]
45300 [1.29e+00, 3.77e-01, 1.06e-01, -3.89e-01, -1.86e+00, 6.41e-01, 1.01e+00, 4.02e+00, -2.55e-01, 2.92e-03, 1.55e+01]
45400 [1.29e+00, 3.79e-01, 1.08e-01, -3.81e-01, -1.80e+00, 6.52e-01, 1.01e+00, 4.02e+00, -2.63e-01, 1.60e-03, 1.55e+01]
45500 [1.30e+00, 3.81e-01, 1.07e-01, -3.77e-01, -1.82e+00, 6.27e-01, 1.01e+00, 4.02e+00, -2.67e-01, 7.51e-03, 1.55e+01]
45600 [1.29e+00, 3.82e-01, 1.06e-01, -3.75e-01, -1.83e+00, 6.39e-01, 1.01e+00, 4.02e+00, -2.72e-01, 7.00e-03, 1.55e+01]
45700 [1.30e+00, 3.83e-01, 1.07e-01, -3.76e-01, -1.84e+00, 6.52e-01, 1.01e+00, 4.02e+00, -2.79e-01, 5.43e-03, 1.55e+01]
45800 [1.31e+00, 3.85e-01, 1.05e-01, -3.76e-01, -1.85e+00, 6.20e-01, 1.01e+00, 4.02e+00, -2.73e-01, 9.04e-03, 1.55e+01]
45900 [1.29e+00, 3.85e-01, 1.05e-01, -3.88e-01, -1.84e+00, 6.33e-01, 1.01e+00, 4.02e+00, -2.83e-01, 2.65e-03, 1.55e+01]
46000 [1.31e+00, 3.86e-01, 1.05e-01, -3.85e-01, -1.85e+00, 6.48e-01, 1.01e+00, 4.03e+00, -2.91e-01, 3.02e-03, 1.55e+01]
46100 [1.31e+00, 3.87e-01, 1.03e-01, -3.85e-01, -1.86e+00, 5.97e-01, 1.01e+00, 4.03e+00, -2.87e-01, 3.79e-03, 1.55e+01]
46200 [1.31e+00, 3.88e-01, 1.01e-01, -3.91e-01, -1.88e+00, 6.13e-01, 1.01e+00, 4.03e+00, -2.93e-01, -1.87e-04, 1.55e+01]
46300 [1.31e+00, 3.89e-01, 1.01e-01, -3.84e-01, -1.89e+00, 6.29e-01, 1.01e+00, 4.04e+00, -3.01e-01, 1.74e-04, 1.56e+01]
46400 [1.32e+00, 3.90e-01, 1.02e-01, -3.87e-01, -1.87e+00, 6.41e-01, 1.01e+00, 4.04e+00, -2.90e-01, -3.62e-03, 1.56e+01]
46500 [1.32e+00, 3.90e-01, 1.02e-01, -3.98e-01, -1.89e+00, 6.47e-01, 1.01e+00, 4.05e+00, -2.90e-01, -4.13e-03, 1.56e+01]
46600 [1.33e+00, 3.91e-01, 1.01e-01, -3.93e-01, -1.88e+00, 6.30e-01, 1.01e+00, 4.05e+00, -2.77e-01, -1.14e-04, 1.56e+01]
46700 [1.33e+00, 3.91e-01, 1.02e-01, -3.89e-01, -1.90e+00, 6.41e-01, 1.01e+00, 4.05e+00, -2.91e-01, 2.03e-03, 1.56e+01]
46800 [1.33e+00, 3.92e-01, 1.03e-01, -4.00e-01, -1.91e+00, 6.24e-01, 1.01e+00, 4.06e+00, -2.98e-01, -1.18e-04, 1.56e+01]
46900 [1.33e+00, 3.93e-01, 1.00e-01, -3.93e-01, -1.88e+00, 6.21e-01, 1.01e+00, 4.06e+00, -2.97e-01, -4.29e-03, 1.56e+01]
47000 [1.34e+00, 3.94e-01, 1.00e-01, -3.94e-01, -1.90e+00, 6.38e-01, 1.01e+00, 4.06e+00, -3.04e-01, -3.04e-03, 1.56e+01]
47100 [1.33e+00, 3.95e-01, 1.02e-01, -3.90e-01, -1.90e+00, 6.46e-01, 1.01e+00, 4.07e+00, -3.08e-01, -4.39e-04, 1.56e+01]
47200 [1.33e+00, 3.94e-01, 1.00e-01, -3.92e-01, -1.87e+00, 6.24e-01, 1.01e+00, 4.08e+00, -3.10e-01, 1.58e-03, 1.57e+01]
47300 [1.31e+00, 3.93e-01, 1.02e-01, -3.88e-01, -1.87e+00, 6.20e-01, 1.01e+00, 4.07e+00, -3.11e-01, -7.47e-03, 1.57e+01]
47400 [1.33e+00, 3.95e-01, 1.02e-01, -3.87e-01, -1.89e+00, 6.40e-01, 1.01e+00, 4.08e+00, -3.20e-01, -6.27e-03, 1.57e+01]
47500 [1.35e+00, 3.96e-01, 9.92e-02, -3.92e-01, -1.90e+00, 5.77e-01, 1.01e+00, 4.08e+00, -3.07e-01, 4.48e-03, 1.57e+01]
47600 [1.35e+00, 3.98e-01, 9.49e-02, -3.92e-01, -1.93e+00, 5.92e-01, 1.01e+00, 4.09e+00, -3.15e-01, -1.65e-03, 1.57e+01]
47700 [1.34e+00, 3.99e-01, 9.50e-02, -3.95e-01, -1.95e+00, 6.08e-01, 1.01e+00, 4.10e+00, -3.25e-01, -6.67e-03, 1.57e+01]
47800 [1.35e+00, 4.00e-01, 9.53e-02, -3.93e-01, -1.90e+00, 6.22e-01, 1.01e+00, 4.11e+00, -3.20e-01, -7.99e-03, 1.57e+01]
47900 [1.35e+00, 4.01e-01, 9.61e-02, -3.98e-01, -1.92e+00, 6.36e-01, 1.01e+00, 4.11e+00, -3.28e-01, -7.11e-03, 1.58e+01]
48000 [1.34e+00, 4.02e-01, 9.86e-02, -4.04e-01, -1.93e+00, 6.20e-01, 1.01e+00, 4.12e+00, -3.23e-01, -8.81e-03, 1.58e+01]
48100 [1.36e+00, 4.01e-01, 9.74e-02, -3.96e-01, -1.95e+00, 6.21e-01, 1.01e+00, 4.13e+00, -3.29e-01, -8.47e-03, 1.58e+01]
48200 [1.36e+00, 4.01e-01, 9.70e-02, -4.06e-01, -1.96e+00, 6.36e-01, 1.01e+00, 4.14e+00, -3.33e-01, -9.92e-03, 1.58e+01]
48300 [1.36e+00, 4.02e-01, 9.77e-02, -4.06e-01, -1.94e+00, 6.17e-01, 1.01e+00, 4.15e+00, -2.80e-01, -1.29e-02, 1.58e+01]
48400 [1.35e+00, 4.02e-01, 9.79e-02, -3.93e-01, -1.93e+00, 6.29e-01, 1.01e+00, 4.16e+00, -2.89e-01, -3.20e-03, 1.58e+01]
48500 [1.37e+00, 4.04e-01, 9.80e-02, -3.96e-01, -1.96e+00, 6.44e-01, 1.01e+00, 4.17e+00, -2.99e-01, -3.96e-04, 1.59e+01]
48600 [1.35e+00, 4.03e-01, 9.61e-02, -4.07e-01, -1.90e+00, 6.00e-01, 1.01e+00, 4.17e+00, -3.24e-01, 1.37e-04, 1.59e+01]
48700 [1.36e+00, 4.05e-01, 9.38e-02, -4.02e-01, -1.93e+00, 6.18e-01, 1.01e+00, 4.18e+00, -3.32e-01, -3.97e-03, 1.59e+01]
48800 [1.37e+00, 4.06e-01, 9.49e-02, -3.99e-01, -1.95e+00, 6.33e-01, 1.01e+00, 4.19e+00, -3.42e-01, -6.28e-03, 1.59e+01]
48900 [1.34e+00, 4.06e-01, 9.61e-02, -4.16e-01, -1.95e+00, 6.31e-01, 1.01e+00, 4.21e+00, -3.59e-01, -9.46e-03, 1.59e+01]
49000 [1.37e+00, 4.07e-01, 9.71e-02, -4.09e-01, -1.95e+00, 6.02e-01, 1.01e+00, 4.22e+00, -3.31e-01, -6.47e-03, 1.60e+01]
49100 [1.35e+00, 4.08e-01, 9.48e-02, -4.01e-01, -1.96e+00, 6.15e-01, 1.01e+00, 4.22e+00, -3.34e-01, -7.69e-03, 1.60e+01]
49200 [1.38e+00, 4.10e-01, 9.50e-02, -4.00e-01, -1.98e+00, 6.33e-01, 1.01e+00, 4.24e+00, -3.40e-01, -7.17e-03, 1.60e+01]
49300 [1.38e+00, 4.07e-01, 9.52e-02, -4.03e-01, -1.95e+00, 6.25e-01, 1.01e+00, 4.25e+00, -3.19e-01, -6.49e-03, 1.60e+01]
49400 [1.36e+00, 4.09e-01, 9.57e-02, -4.23e-01, -1.97e+00, 6.41e-01, 1.01e+00, 4.27e+00, -3.29e-01, -9.49e-03, 1.61e+01]
49500 [1.38e+00, 4.11e-01, 9.46e-02, -4.08e-01, -1.99e+00, 6.10e-01, 1.01e+00, 4.28e+00, -3.32e-01, -7.75e-03, 1.61e+01]
49600 [1.31e+00, 4.10e-01, 9.62e-02, -4.02e-01, -1.85e+00, 5.93e-01, 1.01e+00, 4.26e+00, -3.47e-01, -9.47e-03, 1.61e+01]
49700 [1.33e+00, 4.12e-01, 9.61e-02, -3.95e-01, -1.86e+00, 6.14e-01, 1.01e+00, 4.26e+00, -3.54e-01, -8.48e-03, 1.61e+01]
49800 [1.36e+00, 4.14e-01, 9.63e-02, -3.96e-01, -1.87e+00, 6.34e-01, 1.01e+00, 4.27e+00, -3.58e-01, -8.68e-03, 1.62e+01]
49900 [1.38e+00, 4.15e-01, 9.37e-02, -4.02e-01, -1.88e+00, 5.63e-01, 1.01e+00, 4.28e+00, -3.48e-01, -1.13e-03, 1.61e+01]
50000 [1.35e+00, 4.15e-01, 8.80e-02, -4.04e-01, -1.89e+00, 5.76e-01, 1.01e+00, 4.28e+00, -3.51e-01, -5.25e-03, 1.62e+01]
50000 [1.35e+00, 4.15e-01, 8.80e-02, -4.04e-01, -1.89e+00, 5.76e-01, 1.01e+00, 4.28e+00, -3.51e-01, -5.25e-03, 1.62e+01]
50100 [1.33e+00, 4.09e-01, 8.66e-02, -4.17e-01, -1.86e+00, 5.61e-01, 1.01e+00, 4.28e+00, -3.36e-01, -1.55e-02, 1.62e+01]
50200 [1.33e+00, 4.09e-01, 8.67e-02, -4.16e-01, -1.86e+00, 5.63e-01, 1.01e+00, 4.28e+00, -3.36e-01, -1.59e-02, 1.62e+01]
50300 [1.34e+00, 4.09e-01, 8.68e-02, -4.15e-01, -1.86e+00, 5.65e-01, 1.01e+00, 4.28e+00, -3.37e-01, -1.63e-02, 1.62e+01]
50400 [1.34e+00, 4.10e-01, 8.70e-02, -4.13e-01, -1.86e+00, 5.67e-01, 1.01e+00, 4.28e+00, -3.37e-01, -1.65e-02, 1.62e+01]
50500 [1.34e+00, 4.11e-01, 8.73e-02, -4.12e-01, -1.86e+00, 5.70e-01, 1.01e+00, 4.28e+00, -3.38e-01, -1.66e-02, 1.62e+01]
50600 [1.34e+00, 4.11e-01, 8.76e-02, -4.10e-01, -1.87e+00, 5.74e-01, 1.01e+00, 4.28e+00, -3.39e-01, -1.65e-02, 1.62e+01]
50700 [1.34e+00, 4.12e-01, 8.79e-02, -4.09e-01, -1.87e+00, 5.77e-01, 1.01e+00, 4.28e+00, -3.40e-01, -1.63e-02, 1.62e+01]
50800 [1.35e+00, 4.13e-01, 8.82e-02, -4.07e-01, -1.87e+00, 5.82e-01, 1.01e+00, 4.28e+00, -3.41e-01, -1.61e-02, 1.62e+01]
50900 [1.35e+00, 4.14e-01, 8.85e-02, -4.06e-01, -1.87e+00, 5.86e-01, 1.01e+00, 4.28e+00, -3.42e-01, -1.57e-02, 1.62e+01]
51000 [1.35e+00, 4.15e-01, 8.89e-02, -4.05e-01, -1.88e+00, 5.91e-01, 1.01e+00, 4.28e+00, -3.43e-01, -1.53e-02, 1.62e+01]
51100 [1.35e+00, 4.15e-01, 8.93e-02, -4.04e-01, -1.88e+00, 5.96e-01, 1.01e+00, 4.28e+00, -3.44e-01, -1.49e-02, 1.62e+01]
51200 [1.36e+00, 4.16e-01, 8.97e-02, -4.03e-01, -1.88e+00, 6.01e-01, 1.01e+00, 4.28e+00, -3.46e-01, -1.44e-02, 1.62e+01]
51300 [1.36e+00, 4.17e-01, 9.02e-02, -4.03e-01, -1.89e+00, 5.85e-01, 1.01e+00, 4.29e+00, -3.47e-01, -1.08e-02, 1.62e+01]
51400 [1.36e+00, 4.17e-01, 8.93e-02, -4.02e-01, -1.89e+00, 5.78e-01, 1.01e+00, 4.29e+00, -3.49e-01, -9.03e-03, 1.62e+01]
51500 [1.37e+00, 4.18e-01, 8.86e-02, -4.01e-01, -1.90e+00, 5.84e-01, 1.01e+00, 4.29e+00, -3.50e-01, -9.61e-03, 1.62e+01]
51600 [1.37e+00, 4.18e-01, 8.94e-02, -4.00e-01, -1.90e+00, 5.90e-01, 1.01e+00, 4.29e+00, -3.51e-01, -8.90e-03, 1.62e+01]
51700 [1.36e+00, 4.19e-01, 9.28e-02, -3.96e-01, -1.90e+00, 5.91e-01, 1.01e+00, 4.29e+00, -3.49e-01, -4.65e-03, 1.62e+01]
51800 [1.37e+00, 4.20e-01, 9.19e-02, -3.96e-01, -1.91e+00, 5.99e-01, 1.01e+00, 4.29e+00, -3.50e-01, -5.32e-03, 1.62e+01]
51900 [1.37e+00, 4.20e-01, 9.14e-02, -3.97e-01, -1.92e+00, 6.07e-01, 1.01e+00, 4.29e+00, -3.51e-01, -5.98e-03, 1.62e+01]
52000 [1.37e+00, 4.21e-01, 9.14e-02, -3.98e-01, -1.92e+00, 5.74e-01, 1.01e+00, 4.29e+00, -3.54e-01, -8.43e-04, 1.62e+01]
52100 [1.37e+00, 4.22e-01, 8.95e-02, -3.98e-01, -1.93e+00, 5.78e-01, 1.01e+00, 4.29e+00, -3.55e-01, -2.76e-03, 1.62e+01]
52200 [1.38e+00, 4.23e-01, 8.83e-02, -3.98e-01, -1.93e+00, 5.87e-01, 1.01e+00, 4.29e+00, -3.56e-01, -4.77e-03, 1.62e+01]
52300 [1.37e+00, 4.23e-01, 8.94e-02, -3.96e-01, -1.93e+00, 5.95e-01, 1.01e+00, 4.29e+00, -3.54e-01, -5.65e-03, 1.62e+01]
52400 [1.38e+00, 4.24e-01, 8.95e-02, -3.97e-01, -1.93e+00, 6.04e-01, 1.01e+00, 4.29e+00, -3.56e-01, -6.63e-03, 1.62e+01]
52500 [1.38e+00, 4.25e-01, 8.96e-02, -4.03e-01, -1.94e+00, 6.08e-01, 1.01e+00, 4.29e+00, -3.52e-01, -8.67e-03, 1.62e+01]
52600 [1.37e+00, 4.25e-01, 8.90e-02, -4.05e-01, -1.92e+00, 5.74e-01, 1.01e+00, 4.29e+00, -3.16e-01, -1.10e-02, 1.62e+01]
52700 [1.38e+00, 4.26e-01, 8.76e-02, -4.03e-01, -1.93e+00, 5.85e-01, 1.01e+00, 4.29e+00, -3.19e-01, -9.00e-03, 1.62e+01]
52800 [1.37e+00, 4.27e-01, 8.68e-02, -4.03e-01, -1.93e+00, 5.92e-01, 1.01e+00, 4.30e+00, -3.22e-01, -7.55e-03, 1.62e+01]
52900 [1.37e+00, 4.28e-01, 8.77e-02, -4.01e-01, -1.94e+00, 6.01e-01, 1.01e+00, 4.30e+00, -3.22e-01, -6.22e-03, 1.62e+01]
53000 [1.38e+00, 4.29e-01, 8.86e-02, -4.00e-01, -1.95e+00, 6.12e-01, 1.01e+00, 4.30e+00, -3.24e-01, -5.18e-03, 1.62e+01]
53100 [1.38e+00, 4.28e-01, 8.65e-02, -4.02e-01, -1.93e+00, 5.76e-01, 1.01e+00, 4.30e+00, -3.64e-01, -2.94e-03, 1.62e+01]
53200 [1.39e+00, 4.30e-01, 8.65e-02, -4.02e-01, -1.94e+00, 5.88e-01, 1.01e+00, 4.30e+00, -3.65e-01, -7.09e-03, 1.62e+01]
53300 [1.38e+00, 4.23e-01, 8.85e-02, -4.10e-01, -1.92e+00, 5.88e-01, 1.01e+00, 4.30e+00, -3.48e-01, -3.38e-03, 1.62e+01]
53400 [1.38e+00, 4.23e-01, 8.81e-02, -4.05e-01, -1.92e+00, 5.97e-01, 1.01e+00, 4.30e+00, -3.48e-01, -1.17e-03, 1.62e+01]
53500 [1.38e+00, 4.26e-01, 8.68e-02, -4.07e-01, -1.93e+00, 5.96e-01, 1.01e+00, 4.30e+00, -3.48e-01, -5.94e-03, 1.62e+01]
53600 [1.39e+00, 4.28e-01, 8.75e-02, -4.04e-01, -1.94e+00, 6.02e-01, 1.01e+00, 4.30e+00, -3.48e-01, -7.23e-03, 1.62e+01]
53700 [1.38e+00, 4.30e-01, 8.94e-02, -3.99e-01, -1.94e+00, 5.79e-01, 1.01e+00, 4.30e+00, -3.31e-01, -4.33e-03, 1.62e+01]
53800 [1.39e+00, 4.32e-01, 8.66e-02, -3.97e-01, -1.92e+00, 5.72e-01, 1.01e+00, 4.30e+00, -3.29e-01, -4.41e-03, 1.62e+01]
53900 [1.40e+00, 4.34e-01, 8.53e-02, -3.98e-01, -1.94e+00, 5.87e-01, 1.01e+00, 4.31e+00, -3.31e-01, -5.05e-03, 1.62e+01]
54000 [1.38e+00, 4.35e-01, 8.61e-02, -4.10e-01, -1.93e+00, 5.93e-01, 1.01e+00, 4.31e+00, -3.28e-01, -9.14e-03, 1.62e+01]
54100 [1.39e+00, 4.37e-01, 8.70e-02, -4.07e-01, -1.94e+00, 6.09e-01, 1.01e+00, 4.31e+00, -3.32e-01, -7.51e-03, 1.63e+01]
54200 [1.40e+00, 4.38e-01, 8.67e-02, -4.09e-01, -1.95e+00, 5.58e-01, 1.01e+00, 4.31e+00, -3.34e-01, -1.80e-03, 1.63e+01]
54300 [1.40e+00, 4.38e-01, 8.42e-02, -4.08e-01, -1.96e+00, 5.70e-01, 1.01e+00, 4.32e+00, -3.37e-01, -5.00e-03, 1.63e+01]
54400 [1.40e+00, 4.39e-01, 8.31e-02, -4.07e-01, -1.95e+00, 5.84e-01, 1.01e+00, 4.32e+00, -3.35e-01, -9.90e-03, 1.63e+01]
54500 [1.40e+00, 4.40e-01, 8.40e-02, -4.10e-01, -1.95e+00, 5.97e-01, 1.01e+00, 4.32e+00, -3.36e-01, -9.68e-03, 1.63e+01]
54600 [1.41e+00, 4.42e-01, 8.54e-02, -4.10e-01, -1.97e+00, 6.11e-01, 1.01e+00, 4.32e+00, -3.40e-01, -9.14e-03, 1.63e+01]
54700 [1.40e+00, 4.42e-01, 8.45e-02, -4.14e-01, -1.92e+00, 5.59e-01, 1.01e+00, 4.33e+00, -3.51e-01, -8.34e-03, 1.63e+01]
54800 [1.41e+00, 4.44e-01, 8.26e-02, -4.11e-01, -1.93e+00, 5.75e-01, 1.01e+00, 4.33e+00, -3.55e-01, -1.14e-02, 1.63e+01]
54900 [1.40e+00, 4.44e-01, 8.42e-02, -4.13e-01, -1.94e+00, 5.84e-01, 1.01e+00, 4.33e+00, -3.61e-01, -1.15e-02, 1.63e+01]
55000 [1.42e+00, 4.46e-01, 8.43e-02, -4.13e-01, -1.96e+00, 6.00e-01, 1.01e+00, 4.34e+00, -3.65e-01, -1.24e-02, 1.63e+01]
55100 [1.41e+00, 4.47e-01, 8.41e-02, -4.13e-01, -1.92e+00, 6.01e-01, 1.01e+00, 4.34e+00, -3.71e-01, -1.20e-02, 1.63e+01]
55200 [1.41e+00, 4.48e-01, 8.45e-02, -4.21e-01, -1.93e+00, 5.53e-01, 1.01e+00, 4.34e+00, -3.59e-01, -1.35e-02, 1.63e+01]
55300 [1.42e+00, 4.50e-01, 8.20e-02, -4.16e-01, -1.95e+00, 5.59e-01, 1.01e+00, 4.34e+00, -3.61e-01, -1.51e-02, 1.63e+01]
55400 [1.41e+00, 4.49e-01, 8.26e-02, -4.14e-01, -1.95e+00, 5.72e-01, 1.01e+00, 4.35e+00, -3.58e-01, -1.33e-02, 1.63e+01]
55500 [1.43e+00, 4.52e-01, 8.23e-02, -4.14e-01, -1.97e+00, 5.88e-01, 1.01e+00, 4.35e+00, -3.62e-01, -1.31e-02, 1.63e+01]
55600 [1.41e+00, 4.54e-01, 8.18e-02, -4.28e-01, -1.92e+00, 5.81e-01, 1.01e+00, 4.36e+00, -3.58e-01, -1.80e-02, 1.63e+01]
55700 [1.43e+00, 4.56e-01, 8.20e-02, -4.22e-01, -1.94e+00, 5.98e-01, 1.01e+00, 4.36e+00, -3.64e-01, -1.61e-02, 1.64e+01]
55800 [1.41e+00, 4.57e-01, 8.34e-02, -4.15e-01, -1.94e+00, 5.99e-01, 1.01e+00, 4.36e+00, -3.67e-01, -8.90e-03, 1.64e+01]
55900 [1.43e+00, 4.59e-01, 8.26e-02, -4.18e-01, -1.96e+00, 5.67e-01, 1.01e+00, 4.37e+00, -3.55e-01, -4.62e-03, 1.64e+01]
56000 [1.43e+00, 4.59e-01, 8.11e-02, -4.21e-01, -1.97e+00, 5.83e-01, 1.01e+00, 4.37e+00, -3.58e-01, -1.09e-02, 1.64e+01]
56100 [1.32e+00, 4.10e-01, 8.75e-02, -3.91e-01, -1.87e+00, 5.01e-01, 1.01e+00, 4.35e+00, -3.55e-01, -3.94e-03, 1.64e+01]
56200 [1.28e+00, 4.09e-01, 8.88e-02, -3.76e-01, -1.79e+00, 4.63e-01, 1.01e+00, 4.33e+00, -3.52e-01, -1.50e-02, 1.64e+01]
56300 [1.29e+00, 4.15e-01, 8.61e-02, -3.71e-01, -1.80e+00, 4.89e-01, 1.01e+00, 4.32e+00, -3.53e-01, -1.53e-02, 1.64e+01]
56400 [1.30e+00, 4.21e-01, 8.49e-02, -3.69e-01, -1.80e+00, 5.12e-01, 1.01e+00, 4.32e+00, -3.53e-01, -1.51e-02, 1.64e+01]
56500 [1.31e+00, 4.25e-01, 8.48e-02, -3.67e-01, -1.80e+00, 5.35e-01, 1.01e+00, 4.32e+00, -3.53e-01, -1.44e-02, 1.64e+01]
56600 [1.32e+00, 4.30e-01, 8.53e-02, -3.67e-01, -1.81e+00, 5.56e-01, 1.01e+00, 4.32e+00, -3.53e-01, -1.34e-02, 1.64e+01]
56700 [1.33e+00, 4.33e-01, 8.64e-02, -3.68e-01, -1.81e+00, 5.78e-01, 1.01e+00, 4.32e+00, -3.53e-01, -1.21e-02, 1.64e+01]
56800 [1.34e+00, 4.36e-01, 8.78e-02, -3.71e-01, -1.82e+00, 5.99e-01, 1.01e+00, 4.32e+00, -3.53e-01, -1.08e-02, 1.64e+01]
56900 [1.36e+00, 4.39e-01, 8.51e-02, -3.74e-01, -1.82e+00, 5.09e-01, 1.01e+00, 4.32e+00, -3.45e-01, -2.26e-03, 1.64e+01]
57000 [1.37e+00, 4.41e-01, 8.15e-02, -3.77e-01, -1.83e+00, 5.20e-01, 1.01e+00, 4.32e+00, -3.44e-01, -4.76e-03, 1.64e+01]
57100 [1.38e+00, 4.44e-01, 7.95e-02, -3.80e-01, -1.83e+00, 5.30e-01, 1.01e+00, 4.32e+00, -3.43e-01, -6.24e-03, 1.64e+01]
57200 [1.39e+00, 4.45e-01, 7.85e-02, -3.83e-01, -1.84e+00, 5.40e-01, 1.01e+00, 4.32e+00, -3.43e-01, -7.03e-03, 1.64e+01]
57300 [1.35e+00, 4.48e-01, 7.97e-02, -3.91e-01, -1.84e+00, 5.49e-01, 1.01e+00, 4.32e+00, -3.45e-01, -1.21e-02, 1.64e+01]
57400 [1.36e+00, 4.50e-01, 8.11e-02, -3.90e-01, -1.85e+00, 5.59e-01, 1.01e+00, 4.33e+00, -3.47e-01, -1.20e-02, 1.64e+01]
57500 [1.37e+00, 4.51e-01, 8.20e-02, -3.91e-01, -1.85e+00, 5.70e-01, 1.01e+00, 4.33e+00, -3.49e-01, -1.12e-02, 1.64e+01]
57600 [1.39e+00, 4.53e-01, 8.26e-02, -3.93e-01, -1.86e+00, 5.81e-01, 1.01e+00, 4.33e+00, -3.51e-01, -1.04e-02, 1.64e+01]
57700 [1.40e+00, 4.54e-01, 8.32e-02, -3.96e-01, -1.87e+00, 5.92e-01, 1.01e+00, 4.33e+00, -3.52e-01, -9.83e-03, 1.64e+01]
57800 [1.37e+00, 4.56e-01, 8.20e-02, -4.07e-01, -1.87e+00, 5.27e-01, 1.01e+00, 4.34e+00, -3.49e-01, -6.89e-03, 1.64e+01]
57900 [1.39e+00, 4.58e-01, 7.99e-02, -4.04e-01, -1.88e+00, 5.36e-01, 1.01e+00, 4.34e+00, -3.52e-01, -1.07e-02, 1.64e+01]
58000 [1.40e+00, 4.59e-01, 7.87e-02, -4.03e-01, -1.88e+00, 5.46e-01, 1.01e+00, 4.34e+00, -3.54e-01, -1.17e-02, 1.64e+01]
58100 [1.42e+00, 4.61e-01, 7.82e-02, -4.04e-01, -1.89e+00, 5.56e-01, 1.01e+00, 4.34e+00, -3.56e-01, -1.21e-02, 1.64e+01]
58200 [1.37e+00, 4.62e-01, 7.62e-02, -4.07e-01, -1.89e+00, 5.64e-01, 1.01e+00, 4.34e+00, -3.55e-01, -1.90e-02, 1.64e+01]
58300 [1.39e+00, 4.64e-01, 7.89e-02, -4.04e-01, -1.90e+00, 5.73e-01, 1.01e+00, 4.34e+00, -3.60e-01, -1.70e-02, 1.64e+01]
58400 [1.40e+00, 4.66e-01, 8.05e-02, -4.04e-01, -1.90e+00, 5.84e-01, 1.01e+00, 4.35e+00, -3.64e-01, -1.49e-02, 1.64e+01]
58500 [1.40e+00, 4.67e-01, 8.27e-02, -4.19e-01, -1.88e+00, 5.45e-01, 1.01e+00, 4.35e+00, -2.97e-01, -1.37e-02, 1.64e+01]
58600 [1.41e+00, 4.68e-01, 7.93e-02, -4.12e-01, -1.88e+00, 5.35e-01, 1.01e+00, 4.35e+00, -2.81e-01, -9.83e-03, 1.64e+01]
58700 [1.42e+00, 4.70e-01, 7.64e-02, -4.09e-01, -1.89e+00, 5.47e-01, 1.01e+00, 4.35e+00, -2.85e-01, -6.16e-03, 1.64e+01]
58800 [1.41e+00, 4.72e-01, 7.71e-02, -4.10e-01, -1.89e+00, 5.57e-01, 1.01e+00, 4.36e+00, -2.89e-01, -5.11e-03, 1.64e+01]
58900 [1.43e+00, 4.74e-01, 7.74e-02, -4.07e-01, -1.90e+00, 5.68e-01, 1.01e+00, 4.36e+00, -2.92e-01, -1.65e-03, 1.65e+01]
59000 [1.40e+00, 4.76e-01, 7.64e-02, -4.08e-01, -1.88e+00, 5.48e-01, 1.01e+00, 4.36e+00, -3.05e-01, -4.98e-03, 1.65e+01]
59100 [1.41e+00, 4.78e-01, 7.67e-02, -4.04e-01, -1.89e+00, 5.55e-01, 1.01e+00, 4.36e+00, -3.11e-01, -3.45e-03, 1.65e+01]
59200 [1.43e+00, 4.80e-01, 7.69e-02, -4.04e-01, -1.90e+00, 5.68e-01, 1.01e+00, 4.37e+00, -3.13e-01, -2.78e-03, 1.65e+01]
59300 [1.44e+00, 4.79e-01, 7.92e-02, -4.06e-01, -1.90e+00, 5.67e-01, 1.01e+00, 4.37e+00, -3.03e-01, -2.98e-03, 1.65e+01]
59400 [1.43e+00, 4.81e-01, 7.83e-02, -4.17e-01, -1.91e+00, 5.80e-01, 1.01e+00, 4.38e+00, -3.08e-01, -5.77e-03, 1.65e+01]
59500 [1.45e+00, 4.83e-01, 7.79e-02, -4.15e-01, -1.92e+00, 5.43e-01, 1.01e+00, 4.39e+00, -3.24e-01, 3.10e-03, 1.65e+01]
59600 [1.44e+00, 4.84e-01, 7.58e-02, -4.19e-01, -1.93e+00, 5.56e-01, 1.01e+00, 4.39e+00, -3.26e-01, -6.16e-03, 1.65e+01]
59700 [1.44e+00, 4.83e-01, 7.58e-02, -4.12e-01, -1.89e+00, 5.68e-01, 1.01e+00, 4.40e+00, -3.19e-01, -1.16e-02, 1.65e+01]
59800 [1.44e+00, 4.85e-01, 7.69e-02, -4.15e-01, -1.90e+00, 5.79e-01, 1.01e+00, 4.40e+00, -3.21e-01, -6.17e-03, 1.65e+01]
59900 [1.44e+00, 4.87e-01, 7.81e-02, -4.16e-01, -1.91e+00, 5.54e-01, 1.01e+00, 4.41e+00, -3.30e-01, -3.09e-03, 1.65e+01]
60000 [1.46e+00, 4.89e-01, 7.63e-02, -4.16e-01, -1.93e+00, 5.64e-01, 1.01e+00, 4.42e+00, -3.33e-01, -5.70e-03, 1.65e+01]
60000 [1.46e+00, 4.89e-01, 7.63e-02, -4.16e-01, -1.93e+00, 5.64e-01, 1.01e+00, 4.42e+00, -3.33e-01, -5.70e-03, 1.65e+01]
60100 [1.45e+00, 4.86e-01, 7.14e-02, -4.27e-01, -1.92e+00, 5.48e-01, 1.01e+00, 4.42e+00, -3.24e-01, -2.03e-03, 1.65e+01]
60200 [1.45e+00, 4.86e-01, 7.14e-02, -4.27e-01, -1.92e+00, 5.49e-01, 1.01e+00, 4.42e+00, -3.24e-01, -2.51e-03, 1.65e+01]
60300 [1.45e+00, 4.87e-01, 7.16e-02, -4.26e-01, -1.93e+00, 5.51e-01, 1.01e+00, 4.42e+00, -3.24e-01, -2.93e-03, 1.65e+01]
60400 [1.45e+00, 4.88e-01, 7.19e-02, -4.26e-01, -1.93e+00, 5.53e-01, 1.01e+00, 4.42e+00, -3.25e-01, -3.28e-03, 1.65e+01]
60500 [1.45e+00, 4.89e-01, 7.23e-02, -4.25e-01, -1.94e+00, 5.55e-01, 1.01e+00, 4.42e+00, -3.25e-01, -3.60e-03, 1.65e+01]
60600 [1.46e+00, 4.90e-01, 7.26e-02, -4.24e-01, -1.95e+00, 5.58e-01, 1.01e+00, 4.42e+00, -3.26e-01, -3.91e-03, 1.65e+01]
60700 [1.46e+00, 4.91e-01, 7.29e-02, -4.24e-01, -1.95e+00, 5.60e-01, 1.01e+00, 4.42e+00, -3.26e-01, -4.22e-03, 1.65e+01]
60800 [1.46e+00, 4.92e-01, 7.32e-02, -4.23e-01, -1.96e+00, 5.64e-01, 1.01e+00, 4.42e+00, -3.27e-01, -4.52e-03, 1.65e+01]
60900 [1.46e+00, 4.93e-01, 7.36e-02, -4.22e-01, -1.97e+00, 5.67e-01, 1.01e+00, 4.42e+00, -3.28e-01, -4.81e-03, 1.65e+01]
61000 [1.46e+00, 4.95e-01, 7.39e-02, -4.22e-01, -1.98e+00, 5.71e-01, 1.01e+00, 4.42e+00, -3.29e-01, -5.08e-03, 1.65e+01]
61100 [1.47e+00, 4.96e-01, 7.42e-02, -4.21e-01, -2.00e+00, 5.75e-01, 1.01e+00, 4.42e+00, -3.29e-01, -5.33e-03, 1.65e+01]
61200 [1.47e+00, 4.97e-01, 7.46e-02, -4.21e-01, -2.01e+00, 5.79e-01, 1.01e+00, 4.43e+00, -3.30e-01, -5.55e-03, 1.65e+01]
61300 [1.47e+00, 4.98e-01, 7.50e-02, -4.21e-01, -1.96e+00, 5.61e-01, 1.01e+00, 4.43e+00, -3.29e-01, -4.83e-03, 1.65e+01]
61400 [1.48e+00, 4.99e-01, 7.45e-02, -4.20e-01, -1.97e+00, 5.65e-01, 1.01e+00, 4.43e+00, -3.29e-01, -5.03e-03, 1.65e+01]
61500 [1.48e+00, 5.00e-01, 7.43e-02, -4.20e-01, -1.98e+00, 5.70e-01, 1.01e+00, 4.43e+00, -3.30e-01, -5.28e-03, 1.65e+01]
61600 [1.48e+00, 4.99e-01, 7.72e-02, -4.21e-01, -1.99e+00, 5.70e-01, 1.01e+00, 4.43e+00, -3.32e-01, -5.04e-03, 1.65e+01]
61700 [1.48e+00, 5.01e-01, 7.64e-02, -4.21e-01, -2.01e+00, 5.76e-01, 1.01e+00, 4.43e+00, -3.33e-01, -5.16e-03, 1.65e+01]
61800 [1.48e+00, 5.01e-01, 7.82e-02, -4.24e-01, -2.02e+00, 5.69e-01, 1.01e+00, 4.43e+00, -3.35e-01, -4.95e-03, 1.65e+01]
61900 [1.48e+00, 5.02e-01, 7.75e-02, -4.23e-01, -2.03e+00, 5.63e-01, 1.01e+00, 4.43e+00, -3.36e-01, -4.38e-03, 1.65e+01]
62000 [1.48e+00, 5.04e-01, 7.59e-02, -4.21e-01, -2.00e+00, 5.70e-01, 1.01e+00, 4.43e+00, -3.37e-01, -4.77e-03, 1.65e+01]
62100 [1.48e+00, 5.04e-01, 7.59e-02, -4.24e-01, -2.00e+00, 5.77e-01, 1.01e+00, 4.43e+00, -3.37e-01, -5.23e-03, 1.65e+01]
62200 [1.48e+00, 5.05e-01, 7.59e-02, -4.24e-01, -2.02e+00, 5.82e-01, 1.01e+00, 4.43e+00, -3.39e-01, -5.49e-03, 1.65e+01]
62300 [1.49e+00, 5.07e-01, 7.49e-02, -4.23e-01, -2.03e+00, 5.70e-01, 1.01e+00, 4.44e+00, -3.43e-01, -4.94e-03, 1.65e+01]
62400 [1.49e+00, 5.07e-01, 7.40e-02, -4.27e-01, -2.01e+00, 5.77e-01, 1.01e+00, 4.44e+00, -3.40e-01, -6.30e-03, 1.65e+01]
62500 [1.49e+00, 5.07e-01, 7.47e-02, -4.25e-01, -2.02e+00, 5.63e-01, 1.01e+00, 4.44e+00, -3.42e-01, -5.65e-03, 1.65e+01]
62600 [1.49e+00, 5.09e-01, 7.41e-02, -4.25e-01, -2.04e+00, 5.71e-01, 1.01e+00, 4.44e+00, -3.44e-01, -6.05e-03, 1.65e+01]
62700 [1.49e+00, 5.08e-01, 7.45e-02, -4.21e-01, -2.01e+00, 5.77e-01, 1.01e+00, 4.44e+00, -3.40e-01, -6.33e-03, 1.65e+01]
62800 [1.49e+00, 5.09e-01, 7.32e-02, -4.23e-01, -2.03e+00, 5.59e-01, 1.01e+00, 4.44e+00, -3.44e-01, -5.77e-03, 1.65e+01]
62900 [1.49e+00, 5.11e-01, 7.29e-02, -4.27e-01, -2.04e+00, 5.69e-01, 1.01e+00, 4.44e+00, -3.45e-01, -6.99e-03, 1.65e+01]
63000 [1.49e+00, 5.11e-01, 7.27e-02, -4.27e-01, -2.05e+00, 5.77e-01, 1.01e+00, 4.45e+00, -3.47e-01, -7.82e-03, 1.65e+01]
63100 [1.49e+00, 5.11e-01, 7.25e-02, -4.30e-01, -1.99e+00, 5.68e-01, 1.01e+00, 4.45e+00, -3.39e-01, -9.71e-03, 1.65e+01]
63200 [1.49e+00, 5.12e-01, 7.32e-02, -4.26e-01, -2.01e+00, 5.75e-01, 1.01e+00, 4.45e+00, -3.42e-01, -8.77e-03, 1.65e+01]
63300 [1.50e+00, 5.13e-01, 7.23e-02, -4.25e-01, -2.03e+00, 5.49e-01, 1.01e+00, 4.45e+00, -3.48e-01, -7.06e-03, 1.65e+01]
63400 [1.50e+00, 5.14e-01, 7.08e-02, -4.27e-01, -2.05e+00, 5.61e-01, 1.01e+00, 4.45e+00, -3.50e-01, -9.02e-03, 1.65e+01]
63500 [1.50e+00, 5.14e-01, 7.20e-02, -4.28e-01, -2.01e+00, 5.71e-01, 1.01e+00, 4.45e+00, -3.50e-01, -9.60e-03, 1.65e+01]
63600 [1.50e+00, 5.14e-01, 7.15e-02, -4.25e-01, -2.02e+00, 5.41e-01, 1.01e+00, 4.45e+00, -3.55e-01, -8.34e-03, 1.65e+01]
63700 [1.50e+00, 5.16e-01, 7.05e-02, -4.28e-01, -2.04e+00, 5.54e-01, 1.01e+00, 4.46e+00, -3.57e-01, -1.01e-02, 1.65e+01]
63800 [1.50e+00, 5.16e-01, 7.11e-02, -4.23e-01, -2.05e+00, 5.66e-01, 1.01e+00, 4.46e+00, -3.60e-01, -1.10e-02, 1.65e+01]
63900 [1.50e+00, 5.14e-01, 7.15e-02, -4.22e-01, -2.01e+00, 5.56e-01, 1.01e+00, 4.46e+00, -3.52e-01, -9.60e-03, 1.65e+01]
64000 [1.50e+00, 5.16e-01, 7.02e-02, -4.25e-01, -2.03e+00, 5.56e-01, 1.01e+00, 4.46e+00, -3.55e-01, -1.00e-02, 1.65e+01]
64100 [1.50e+00, 5.18e-01, 7.06e-02, -4.30e-01, -2.04e+00, 5.70e-01, 1.01e+00, 4.47e+00, -3.57e-01, -1.17e-02, 1.65e+01]
64200 [1.51e+00, 5.20e-01, 6.91e-02, -4.27e-01, -2.07e+00, 5.25e-01, 1.01e+00, 4.47e+00, -3.65e-01, -1.08e-02, 1.65e+01]
64300 [1.50e+00, 5.21e-01, 6.77e-02, -4.24e-01, -2.01e+00, 5.39e-01, 1.01e+00, 4.47e+00, -3.62e-01, -1.36e-02, 1.65e+01]
64400 [1.50e+00, 5.20e-01, 6.75e-02, -4.29e-01, -2.03e+00, 5.51e-01, 1.01e+00, 4.47e+00, -3.61e-01, -1.46e-02, 1.65e+01]
64500 [1.49e+00, 4.83e-01, 7.50e-02, -4.17e-01, -2.03e+00, 5.16e-01, 1.01e+00, 4.46e+00, -3.58e-01, -8.78e-03, 1.65e+01]
64600 [1.50e+00, 4.86e-01, 7.13e-02, -4.24e-01, -2.05e+00, 5.35e-01, 1.01e+00, 4.47e+00, -3.61e-01, -1.11e-02, 1.65e+01]
64700 [1.51e+00, 4.89e-01, 7.09e-02, -4.23e-01, -2.08e+00, 5.48e-01, 1.01e+00, 4.47e+00, -3.65e-01, -1.22e-02, 1.65e+01]
64800 [1.50e+00, 4.92e-01, 6.96e-02, -4.39e-01, -2.09e+00, 5.22e-01, 1.01e+00, 4.47e+00, -3.66e-01, -1.56e-02, 1.65e+01]
64900 [1.51e+00, 4.94e-01, 6.89e-02, -4.19e-01, -2.06e+00, 5.39e-01, 1.01e+00, 4.48e+00, -3.64e-01, -1.55e-02, 1.65e+01]
65000 [1.50e+00, 4.97e-01, 6.89e-02, -4.25e-01, -2.08e+00, 5.42e-01, 1.01e+00, 4.48e+00, -3.60e-01, -1.51e-02, 1.65e+01]
65100 [1.52e+00, 4.99e-01, 6.92e-02, -4.24e-01, -2.10e+00, 5.28e-01, 1.01e+00, 4.48e+00, -3.63e-01, -1.31e-02, 1.65e+01]
65200 [1.51e+00, 5.01e-01, 6.74e-02, -4.28e-01, -2.05e+00, 5.31e-01, 1.01e+00, 4.48e+00, -3.56e-01, -1.60e-02, 1.65e+01]
65300 [1.51e+00, 5.04e-01, 6.72e-02, -4.25e-01, -2.06e+00, 5.48e-01, 1.01e+00, 4.49e+00, -3.57e-01, -1.43e-02, 1.65e+01]
65400 [1.53e+00, 5.06e-01, 6.74e-02, -4.25e-01, -2.08e+00, 5.29e-01, 1.01e+00, 4.49e+00, -3.61e-01, -1.23e-02, 1.65e+01]
65500 [1.51e+00, 5.08e-01, 6.71e-02, -4.33e-01, -2.10e+00, 5.46e-01, 1.01e+00, 4.50e+00, -3.64e-01, -1.51e-02, 1.65e+01]
65600 [1.52e+00, 5.10e-01, 6.66e-02, -4.28e-01, -2.09e+00, 5.13e-01, 1.01e+00, 4.50e+00, -3.65e-01, -1.32e-02, 1.65e+01]
65700 [1.52e+00, 5.12e-01, 6.52e-02, -4.27e-01, -2.08e+00, 5.30e-01, 1.01e+00, 4.50e+00, -3.60e-01, -1.48e-02, 1.65e+01]
65800 [1.53e+00, 5.14e-01, 6.58e-02, -4.27e-01, -2.10e+00, 5.48e-01, 1.01e+00, 4.51e+00, -3.63e-01, -1.45e-02, 1.65e+01]
65900 [1.49e+00, 5.14e-01, 6.41e-02, -4.46e-01, -2.08e+00, 4.43e-01, 1.01e+00, 4.51e+00, -3.68e-01, -6.29e-03, 1.65e+01]
66000 [1.51e+00, 5.17e-01, 6.06e-02, -4.30e-01, -2.10e+00, 4.58e-01, 1.01e+00, 4.51e+00, -3.70e-01, -1.46e-02, 1.65e+01]
66100 [1.53e+00, 5.19e-01, 5.91e-02, -4.27e-01, -2.13e+00, 4.72e-01, 1.01e+00, 4.51e+00, -3.72e-01, -1.77e-02, 1.65e+01]
66200 [1.49e+00, 5.21e-01, 5.76e-02, -4.13e-01, -2.01e+00, 4.83e-01, 1.01e+00, 4.51e+00, -3.62e-01, -1.74e-02, 1.65e+01]
66300 [1.51e+00, 5.22e-01, 5.96e-02, -4.12e-01, -2.01e+00, 4.97e-01, 1.01e+00, 4.51e+00, -3.61e-01, -1.58e-02, 1.65e+01]
66400 [1.52e+00, 5.24e-01, 6.09e-02, -4.15e-01, -2.02e+00, 5.12e-01, 1.01e+00, 4.51e+00, -3.61e-01, -1.45e-02, 1.65e+01]
66500 [1.54e+00, 5.26e-01, 6.19e-02, -4.20e-01, -2.03e+00, 5.27e-01, 1.01e+00, 4.52e+00, -3.61e-01, -1.33e-02, 1.65e+01]
66600 [1.50e+00, 5.27e-01, 6.21e-02, -4.27e-01, -2.04e+00, 5.21e-01, 1.01e+00, 4.52e+00, -3.66e-01, -1.51e-02, 1.65e+01]
66700 [1.51e+00, 5.29e-01, 6.41e-02, -4.24e-01, -2.05e+00, 5.11e-01, 1.01e+00, 4.53e+00, -3.70e-01, -1.32e-02, 1.65e+01]
66800 [1.53e+00, 5.31e-01, 6.18e-02, -4.25e-01, -2.06e+00, 4.87e-01, 1.01e+00, 4.53e+00, -3.73e-01, -1.49e-02, 1.65e+01]
66900 [1.54e+00, 5.30e-01, 6.08e-02, -4.27e-01, -2.07e+00, 5.01e-01, 1.01e+00, 4.53e+00, -3.73e-01, -1.68e-02, 1.65e+01]
67000 [1.54e+00, 5.31e-01, 6.13e-02, -4.31e-01, -2.09e+00, 5.15e-01, 1.01e+00, 4.54e+00, -3.73e-01, -1.78e-02, 1.65e+01]
67100 [1.52e+00, 5.31e-01, 6.21e-02, -4.44e-01, -2.10e+00, 5.09e-01, 1.01e+00, 4.55e+00, -3.56e-01, -1.67e-02, 1.65e+01]
67200 [1.53e+00, 5.33e-01, 6.25e-02, -4.33e-01, -2.11e+00, 5.20e-01, 1.01e+00, 4.55e+00, -3.59e-01, -1.49e-02, 1.65e+01]
67300 [1.54e+00, 5.33e-01, 6.15e-02, -4.32e-01, -2.11e+00, 4.63e-01, 1.01e+00, 4.55e+00, -3.82e-01, -1.04e-02, 1.65e+01]
67400 [1.55e+00, 5.34e-01, 5.84e-02, -4.34e-01, -2.12e+00, 4.76e-01, 1.01e+00, 4.55e+00, -3.80e-01, -1.87e-02, 1.65e+01]
67500 [1.54e+00, 5.35e-01, 5.83e-02, -4.43e-01, -2.11e+00, 4.89e-01, 1.01e+00, 4.56e+00, -3.78e-01, -2.38e-02, 1.65e+01]
67600 [1.53e+00, 5.35e-01, 5.86e-02, -4.23e-01, -2.06e+00, 5.00e-01, 1.01e+00, 4.55e+00, -3.78e-01, -1.76e-02, 1.65e+01]
67700 [1.55e+00, 5.37e-01, 5.99e-02, -4.25e-01, -2.08e+00, 5.14e-01, 1.01e+00, 4.56e+00, -3.78e-01, -1.75e-02, 1.65e+01]
67800 [1.43e+00, 5.09e-01, 6.47e-02, -4.60e-01, -2.01e+00, 3.67e-01, 1.01e+00, 4.54e+00, -2.95e-01, -4.53e-03, 1.65e+01]
67900 [1.43e+00, 5.09e-01, 5.90e-02, -4.36e-01, -2.01e+00, 3.61e-01, 1.01e+00, 4.53e+00, -2.90e-01, -6.59e-03, 1.65e+01]
68000 [1.45e+00, 5.13e-01, 5.53e-02, -4.19e-01, -2.03e+00, 3.71e-01, 1.01e+00, 4.52e+00, -2.92e-01, -8.64e-03, 1.65e+01]
68100 [1.46e+00, 5.16e-01, 5.32e-02, -4.10e-01, -2.05e+00, 3.80e-01, 1.01e+00, 4.52e+00, -2.93e-01, -8.89e-03, 1.65e+01]
68200 [1.48e+00, 5.19e-01, 5.21e-02, -4.05e-01, -2.06e+00, 3.88e-01, 1.01e+00, 4.52e+00, -2.93e-01, -8.38e-03, 1.65e+01]
68300 [1.49e+00, 5.21e-01, 5.15e-02, -4.04e-01, -2.08e+00, 3.96e-01, 1.01e+00, 4.52e+00, -2.94e-01, -7.47e-03, 1.65e+01]
68400 [1.51e+00, 5.24e-01, 5.12e-02, -4.06e-01, -2.10e+00, 4.04e-01, 1.01e+00, 4.52e+00, -2.94e-01, -6.39e-03, 1.64e+01]
68500 [1.52e+00, 5.26e-01, 5.11e-02, -4.08e-01, -2.12e+00, 4.12e-01, 1.01e+00, 4.52e+00, -2.95e-01, -5.28e-03, 1.64e+01]
68600 [1.54e+00, 5.28e-01, 5.11e-02, -4.11e-01, -2.13e+00, 4.20e-01, 1.01e+00, 4.53e+00, -2.95e-01, -4.22e-03, 1.64e+01]
68700 [1.47e+00, 5.30e-01, 5.03e-02, -3.51e-01, -2.10e+00, 4.17e-01, 1.01e+00, 4.49e+00, -3.06e-01, 4.49e-04, 1.64e+01]
68800 [1.48e+00, 5.33e-01, 5.24e-02, -3.71e-01, -2.12e+00, 4.26e-01, 1.01e+00, 4.49e+00, -3.03e-01, 1.19e-03, 1.64e+01]
68900 [1.50e+00, 5.35e-01, 5.35e-02, -3.84e-01, -2.14e+00, 4.36e-01, 1.01e+00, 4.50e+00, -3.02e-01, 1.21e-03, 1.64e+01]
69000 [1.51e+00, 5.37e-01, 5.40e-02, -3.97e-01, -2.10e+00, 4.43e-01, 1.01e+00, 4.49e+00, -3.15e-01, 2.07e-04, 1.64e+01]
69100 [1.52e+00, 5.39e-01, 5.45e-02, -4.03e-01, -2.12e+00, 4.54e-01, 1.01e+00, 4.49e+00, -3.14e-01, -1.29e-03, 1.64e+01]
69200 [1.54e+00, 5.41e-01, 5.51e-02, -4.09e-01, -2.13e+00, 4.65e-01, 1.01e+00, 4.50e+00, -3.14e-01, -1.99e-03, 1.64e+01]
69300 [1.53e+00, 5.42e-01, 5.34e-02, -4.39e-01, -2.11e+00, 4.20e-01, 1.01e+00, 4.50e+00, -3.23e-01, -4.96e-03, 1.64e+01]
69400 [1.54e+00, 5.44e-01, 5.25e-02, -4.29e-01, -2.13e+00, 4.31e-01, 1.01e+00, 4.50e+00, -3.24e-01, -7.76e-03, 1.64e+01]
69500 [1.52e+00, 5.45e-01, 5.23e-02, -4.36e-01, -2.10e+00, 4.36e-01, 1.01e+00, 4.50e+00, -3.23e-01, -9.06e-03, 1.64e+01]
69600 [1.53e+00, 5.47e-01, 5.28e-02, -4.26e-01, -2.10e+00, 4.41e-01, 1.01e+00, 4.50e+00, -3.21e-01, -9.06e-03, 1.64e+01]
69700 [1.55e+00, 5.47e-01, 5.33e-02, -4.22e-01, -2.12e+00, 4.52e-01, 1.01e+00, 4.50e+00, -3.23e-01, -8.42e-03, 1.64e+01]
69800 [1.54e+00, 5.48e-01, 5.27e-02, -4.28e-01, -2.13e+00, 4.44e-01, 1.01e+00, 4.50e+00, -3.20e-01, -8.36e-03, 1.64e+01]
69900 [1.55e+00, 5.48e-01, 5.34e-02, -4.26e-01, -2.15e+00, 4.56e-01, 1.01e+00, 4.50e+00, -3.23e-01, -7.81e-03, 1.64e+01]
70000 [1.55e+00, 5.49e-01, 5.24e-02, -4.35e-01, -2.15e+00, 4.48e-01, 1.01e+00, 4.50e+00, -3.42e-01, -8.83e-03, 1.64e+01]
