0 [0.00e+00, 0.00e+00, 0.00e+00, 0.00e+00]
350 [8.42e-02, 1.46e-02, 1.13e-01, 1.36e-01]
700 [1.04e-01, 4.96e-02, 1.38e-01, 1.64e-01]
1050 [1.07e-01, 5.63e-02, 1.72e-01, 1.79e-01]
1400 [1.08e-01, 5.75e-02, 2.14e-01, 1.90e-01]
1750 [1.12e-01, 6.63e-02, 2.64e-01, 2.18e-01]
2100 [1.14e-01, 6.94e-02, 3.04e-01, 2.31e-01]
2450 [1.16e-01, 7.26e-02, 3.57e-01, 2.56e-01]
2800 [1.19e-01, 7.80e-02, 4.05e-01, 2.78e-01]
3150 [1.20e-01, 8.00e-02, 4.53e-01, 2.96e-01]
3500 [1.23e-01, 8.44e-02, 4.97e-01, 3.20e-01]
3850 [1.23e-01, 8.60e-02, 5.43e-01, 3.41e-01]
4200 [1.25e-01, 8.90e-02, 5.87e-01, 3.64e-01]
4550 [1.26e-01, 9.09e-02, 6.27e-01, 3.84e-01]
4900 [1.26e-01, 9.11e-02, 6.64e-01, 4.02e-01]
5250 [1.28e-01, 9.43e-02, 7.03e-01, 4.23e-01]
5600 [1.29e-01, 9.58e-02, 7.38e-01, 4.43e-01]
5950 [1.30e-01, 9.69e-02, 7.72e-01, 4.61e-01]
6300 [1.31e-01, 9.83e-02, 8.05e-01, 4.80e-01]
6650 [1.31e-01, 9.87e-02, 8.36e-01, 4.98e-01]
7000 [1.32e-01, 1.00e-01, 8.67e-01, 5.15e-01]
7350 [1.32e-01, 1.01e-01, 8.95e-01, 5.32e-01]
7700 [1.33e-01, 1.01e-01, 9.21e-01, 5.47e-01]
8050 [1.33e-01, 1.02e-01, 9.47e-01, 5.63e-01]
8400 [1.34e-01, 1.03e-01, 9.73e-01, 5.78e-01]
8750 [1.18e-01, 7.58e-02, 9.43e-01, 5.43e-01]
9100 [1.25e-01, 8.86e-02, 9.45e-01, 5.45e-01]
9450 [1.29e-01, 9.61e-02, 9.47e-01, 5.46e-01]
9800 [1.32e-01, 1.00e-01, 9.50e-01, 5.48e-01]
10150 [1.33e-01, 1.03e-01, 9.54e-01, 5.50e-01]
10500 [1.34e-01, 1.04e-01, 9.58e-01, 5.52e-01]
10850 [1.34e-01, 1.04e-01, 9.64e-01, 5.55e-01]
11200 [1.34e-01, 1.04e-01, 9.70e-01, 5.59e-01]
11550 [1.34e-01, 1.04e-01, 9.78e-01, 5.63e-01]
11900 [1.33e-01, 1.03e-01, 9.85e-01, 5.68e-01]
12250 [1.34e-01, 1.04e-01, 9.96e-01, 5.73e-01]
12600 [1.34e-01, 1.03e-01, 1.00e+00, 5.79e-01]
12950 [1.33e-01, 1.02e-01, 1.01e+00, 5.86e-01]
13300 [1.34e-01, 1.04e-01, 1.03e+00, 5.94e-01]
13650 [1.34e-01, 1.04e-01, 1.04e+00, 6.03e-01]
14000 [1.35e-01, 1.05e-01, 1.05e+00, 6.12e-01]
14350 [1.35e-01, 1.05e-01, 1.06e+00, 6.21e-01]
14700 [1.35e-01, 1.05e-01, 1.08e+00, 6.32e-01]
15050 [1.35e-01, 1.05e-01, 1.09e+00, 6.43e-01]
15400 [1.35e-01, 1.05e-01, 1.11e+00, 6.54e-01]
15750 [1.36e-01, 1.06e-01, 1.12e+00, 6.65e-01]
16100 [1.36e-01, 1.07e-01, 1.14e+00, 6.76e-01]
16450 [1.36e-01, 1.07e-01, 1.15e+00, 6.86e-01]
16800 [1.36e-01, 1.07e-01, 1.16e+00, 6.96e-01]
17150 [1.37e-01, 1.07e-01, 1.18e+00, 7.07e-01]
17500 [1.37e-01, 1.08e-01, 1.19e+00, 7.17e-01]
17850 [1.37e-01, 1.09e-01, 1.21e+00, 7.26e-01]
18200 [1.38e-01, 1.09e-01, 1.22e+00, 7.35e-01]
18550 [1.37e-01, 1.08e-01, 1.24e+00, 7.44e-01]
18900 [1.38e-01, 1.09e-01, 1.25e+00, 7.53e-01]
19250 [1.38e-01, 1.09e-01, 1.26e+00, 7.62e-01]
19600 [1.38e-01, 1.09e-01, 1.28e+00, 7.70e-01]
19950 [1.38e-01, 1.09e-01, 1.29e+00, 7.78e-01]
20300 [1.38e-01, 1.10e-01, 1.30e+00, 7.86e-01]
20650 [1.38e-01, 1.10e-01, 1.31e+00, 7.94e-01]
21000 [1.39e-01, 1.10e-01, 1.33e+00, 8.02e-01]
21350 [1.38e-01, 1.10e-01, 1.34e+00, 8.09e-01]
21700 [1.39e-01, 1.11e-01, 1.35e+00, 8.17e-01]
22050 [1.39e-01, 1.11e-01, 1.36e+00, 8.24e-01]
22400 [1.39e-01, 1.11e-01, 1.37e+00, 8.30e-01]
22750 [1.39e-01, 1.11e-01, 1.38e+00, 8.37e-01]
23100 [1.39e-01, 1.11e-01, 1.39e+00, 8.43e-01]
23450 [1.39e-01, 1.11e-01, 1.40e+00, 8.50e-01]
23800 [1.39e-01, 1.11e-01, 1.42e+00, 8.56e-01]
24150 [1.39e-01, 1.11e-01, 1.43e+00, 8.62e-01]
24500 [1.39e-01, 1.10e-01, 1.43e+00, 8.65e-01]
24850 [1.39e-01, 1.11e-01, 1.44e+00, 8.71e-01]
25200 [1.39e-01, 1.11e-01, 1.45e+00, 8.77e-01]
25550 [1.40e-01, 1.12e-01, 1.46e+00, 8.83e-01]
25900 [1.40e-01, 1.12e-01, 1.47e+00, 8.88e-01]
26250 [1.40e-01, 1.12e-01, 1.48e+00, 8.94e-01]
26600 [1.40e-01, 1.12e-01, 1.49e+00, 8.99e-01]
26950 [1.40e-01, 1.12e-01, 1.49e+00, 9.04e-01]
27300 [1.40e-01, 1.12e-01, 1.50e+00, 9.10e-01]
27650 [1.40e-01, 1.12e-01, 1.51e+00, 9.15e-01]
28000 [1.40e-01, 1.13e-01, 1.52e+00, 9.19e-01]
28350 [1.40e-01, 1.13e-01, 1.53e+00, 9.24e-01]
28700 [1.40e-01, 1.13e-01, 1.54e+00, 9.29e-01]
29050 [1.40e-01, 1.13e-01, 1.54e+00, 9.34e-01]
29400 [1.40e-01, 1.13e-01, 1.55e+00, 9.38e-01]
29750 [1.40e-01, 1.12e-01, 1.56e+00, 9.43e-01]
30100 [1.39e-01, 1.10e-01, 1.54e+00, 9.39e-01]
30450 [1.40e-01, 1.13e-01, 1.55e+00, 9.42e-01]
30800 [1.41e-01, 1.13e-01, 1.55e+00, 9.45e-01]
31150 [1.41e-01, 1.14e-01, 1.56e+00, 9.49e-01]
31500 [1.41e-01, 1.14e-01, 1.57e+00, 9.54e-01]
31850 [1.41e-01, 1.13e-01, 1.58e+00, 9.57e-01]
32200 [1.41e-01, 1.13e-01, 1.58e+00, 9.60e-01]
32550 [1.41e-01, 1.13e-01, 1.59e+00, 9.65e-01]
32900 [1.41e-01, 1.13e-01, 1.60e+00, 9.68e-01]
33250 [1.41e-01, 1.13e-01, 1.60e+00, 9.72e-01]
33600 [1.41e-01, 1.13e-01, 1.61e+00, 9.76e-01]
33950 [1.41e-01, 1.14e-01, 1.62e+00, 9.79e-01]
34300 [1.41e-01, 1.14e-01, 1.63e+00, 9.83e-01]
34650 [1.41e-01, 1.14e-01, 1.63e+00, 9.87e-01]
35000 [1.41e-01, 1.14e-01, 1.64e+00, 9.91e-01]
