0 [1.28e-01, 2.62e-03, 3.51e-01, 7.32e-02, -9.59e-03, -9.25e-02, -6.49e-01, -6.43e-02, 1.61e-01, 1.18e-03, 1.19e-01]
50 [3.06e-02, 4.73e-02, 2.44e-01, 2.12e-02, -8.49e-02, 7.37e-03, -6.55e-01, 5.06e-04, 1.33e-01, -2.47e-02, 1.19e-02]
100 [3.09e-02, 6.50e-02, 2.68e-01, 1.99e-02, -7.76e-02, 6.99e-03, -6.55e-01, 9.50e-04, 1.30e-01, -2.51e-02, 1.10e-02]
150 [3.29e-02, 7.05e-02, 2.95e-01, 1.95e-02, -7.72e-02, 5.65e-03, -6.55e-01, 9.56e-04, 1.30e-01, -2.52e-02, 1.10e-02]
200 [3.57e-02, 7.31e-02, 3.21e-01, 1.90e-02, -7.71e-02, 3.97e-03, -6.55e-01, 9.59e-04, 1.30e-01, -2.53e-02, 1.09e-02]
250 [3.91e-02, 7.54e-02, 3.45e-01, 1.83e-02, -7.70e-02, 1.85e-03, -6.55e-01, 9.60e-04, 1.29e-01, -2.54e-02, 1.09e-02]
300 [4.31e-02, 7.76e-02, 3.68e-01, 1.76e-02, -7.70e-02, -7.97e-04, -6.55e-01, 9.56e-04, 1.29e-01, -2.54e-02, 1.09e-02]
350 [4.75e-02, 7.95e-02, 3.89e-01, 1.68e-02, -7.71e-02, -4.04e-03, -6.55e-01, 9.48e-04, 1.29e-01, -2.54e-02, 1.08e-02]
400 [5.25e-02, 8.12e-02, 4.08e-01, 1.59e-02, -7.71e-02, -7.92e-03, -6.55e-01, 9.34e-04, 1.28e-01, -2.54e-02, 1.08e-02]
450 [5.80e-02, 8.25e-02, 4.25e-01, 1.49e-02, -7.71e-02, -1.25e-02, -6.55e-01, 9.15e-04, 1.27e-01, -2.53e-02, 1.08e-02]
500 [6.41e-02, 8.36e-02, 4.41e-01, 1.37e-02, -7.71e-02, -1.78e-02, -6.55e-01, 8.92e-04, 1.26e-01, -2.53e-02, 1.07e-02]
550 [7.07e-02, 8.44e-02, 4.55e-01, 1.23e-02, -7.71e-02, -2.39e-02, -6.55e-01, 8.69e-04, 1.24e-01, -2.53e-02, 1.07e-02]
600 [7.78e-02, 8.49e-02, 4.69e-01, 1.07e-02, -7.70e-02, -3.07e-02, -6.55e-01, 8.48e-04, 1.22e-01, -2.52e-02, 1.06e-02]
650 [8.54e-02, 8.51e-02, 4.82e-01, 8.93e-03, -7.69e-02, -3.82e-02, -6.55e-01, 8.35e-04, 1.20e-01, -2.52e-02, 1.05e-02]
700 [9.33e-02, 8.52e-02, 4.95e-01, 6.94e-03, -7.67e-02, -4.63e-02, -6.55e-01, 8.32e-04, 1.18e-01, -2.52e-02, 1.05e-02]
750 [1.01e-01, 8.50e-02, 5.08e-01, 4.80e-03, -7.65e-02, -5.50e-02, -6.55e-01, 8.45e-04, 1.15e-01, -2.52e-02, 1.04e-02]
800 [1.10e-01, 8.46e-02, 5.21e-01, 2.56e-03, -7.64e-02, -6.40e-02, -6.55e-01, 8.76e-04, 1.12e-01, -2.52e-02, 1.04e-02]
850 [1.18e-01, 8.42e-02, 5.34e-01, 2.89e-04, -7.63e-02, -7.33e-02, -6.55e-01, 9.26e-04, 1.09e-01, -2.52e-02, 1.03e-02]
900 [1.26e-01, 8.36e-02, 5.48e-01, -1.96e-03, -7.62e-02, -8.28e-02, -6.55e-01, 9.95e-04, 1.07e-01, -2.51e-02, 1.03e-02]
950 [1.50e-02, 7.17e-02, 4.37e-01, -4.01e-03, -4.60e-02, -5.89e-02, -6.55e-01, 2.99e-03, 1.04e-01, -5.92e-03, 1.03e-02]
1000 [1.29e-02, 8.15e-02, 4.74e-01, -4.15e-03, -3.85e-02, -6.75e-02, -6.55e-01, 3.08e-03, 1.03e-01, -5.28e-03, 1.02e-02]
1050 [1.35e-02, 8.45e-02, 5.21e-01, -4.57e-03, -3.78e-02, -7.82e-02, -6.55e-01, 3.09e-03, 1.02e-01, -5.50e-03, 1.02e-02]
1100 [1.43e-02, 8.54e-02, 5.60e-01, -4.80e-03, -3.73e-02, -8.92e-02, -6.55e-01, 3.10e-03, 1.00e-01, -5.69e-03, 1.02e-02]
1150 [2.58e-02, 8.70e-02, 5.69e-01, -5.56e-03, -3.36e-02, -8.59e-02, -6.55e-01, 3.13e-03, 9.68e-02, -6.20e-03, 1.01e-02]
1200 [2.79e-02, 8.84e-02, 6.03e-01, -5.80e-03, -3.25e-02, -9.90e-02, -6.55e-01, 3.14e-03, 9.46e-02, -6.28e-03, 1.01e-02]
1250 [2.98e-02, 8.91e-02, 6.35e-01, -5.99e-03, -3.23e-02, -1.12e-01, -6.55e-01, 3.15e-03, 9.29e-02, -6.32e-03, 1.02e-02]
1300 [3.15e-02, 8.95e-02, 6.66e-01, -6.17e-03, -3.23e-02, -1.26e-01, -6.55e-01, 3.15e-03, 9.17e-02, -6.35e-03, 1.03e-02]
1350 [3.31e-02, 8.98e-02, 6.96e-01, -6.34e-03, -3.22e-02, -1.39e-01, -6.55e-01, 3.16e-03, 9.10e-02, -6.37e-03, 1.05e-02]
1400 [3.30e-02, 9.49e-02, 6.43e-01, -1.29e-02, -1.46e-02, -7.54e-02, -6.55e-01, 3.43e-03, 7.95e-02, -8.49e-03, 1.09e-02]
1450 [3.54e-02, 9.98e-02, 6.47e-01, -1.31e-02, -1.25e-02, -9.23e-02, -6.55e-01, 3.45e-03, 7.79e-02, -8.50e-03, 1.10e-02]
1500 [3.81e-02, 1.01e-01, 6.65e-01, -1.32e-02, -1.23e-02, -1.10e-01, -6.55e-01, 3.46e-03, 7.68e-02, -8.54e-03, 1.11e-02]
1550 [4.07e-02, 1.03e-01, 6.89e-01, -1.32e-02, -1.21e-02, -1.27e-01, -6.55e-01, 3.47e-03, 7.65e-02, -8.56e-03, 1.13e-02]
1600 [4.30e-02, 1.03e-01, 7.15e-01, -1.33e-02, -1.18e-02, -1.42e-01, -6.55e-01, 3.48e-03, 7.70e-02, -8.57e-03, 1.16e-02]
1650 [4.48e-02, 1.02e-01, 7.43e-01, -1.35e-02, -1.12e-02, -1.57e-01, -6.55e-01, 3.49e-03, 7.80e-02, -8.61e-03, 1.19e-02]
1700 [4.66e-02, 1.06e-01, 7.68e-01, -1.38e-02, -1.05e-02, -1.71e-01, -6.55e-01, 3.51e-03, 7.95e-02, -8.65e-03, 1.24e-02]
1750 [4.82e-02, 1.06e-01, 7.92e-01, -1.38e-02, -1.06e-02, -1.84e-01, -6.55e-01, 3.53e-03, 8.18e-02, -8.67e-03, 1.30e-02]
1800 [4.57e-02, 1.12e-01, 7.43e-01, -1.40e-02, -9.04e-03, -1.68e-01, -6.55e-01, 3.54e-03, 8.45e-02, -7.96e-03, 1.36e-02]
1850 [4.77e-02, 1.14e-01, 7.73e-01, -1.40e-02, -9.12e-03, -1.81e-01, -6.55e-01, 3.55e-03, 8.57e-02, -7.97e-03, 1.41e-02]
1900 [4.93e-02, 1.15e-01, 8.02e-01, -1.40e-02, -9.46e-03, -1.95e-01, -6.55e-01, 3.57e-03, 8.76e-02, -8.00e-03, 1.46e-02]
1950 [5.08e-02, 1.15e-01, 8.27e-01, -1.39e-02, -1.02e-02, -2.02e-01, -6.55e-01, 3.58e-03, 9.01e-02, -8.25e-03, 1.53e-02]
2000 [4.12e-02, 1.25e-01, 7.69e-01, -1.52e-02, -8.98e-04, -1.55e-01, -6.55e-01, 3.70e-03, 9.08e-02, -1.25e-02, 1.58e-02]
2050 [4.28e-02, 1.28e-01, 7.90e-01, -1.51e-02, -7.38e-04, -1.72e-01, -6.55e-01, 3.74e-03, 9.03e-02, -1.24e-02, 1.62e-02]
2100 [4.42e-02, 1.25e-01, 8.13e-01, -1.51e-02, -9.45e-04, -1.89e-01, -6.55e-01, 3.75e-03, 9.08e-02, -1.24e-02, 1.67e-02]
2150 [4.55e-02, 1.30e-01, 8.35e-01, -1.50e-02, -1.11e-03, -2.04e-01, -6.55e-01, 3.77e-03, 9.26e-02, -1.25e-02, 1.74e-02]
2200 [4.64e-02, 1.31e-01, 8.56e-01, -1.48e-02, -1.53e-03, -2.19e-01, -6.55e-01, 3.77e-03, 9.52e-02, -1.25e-02, 1.81e-02]
2250 [3.54e-02, 1.32e-01, 7.11e-01, -1.50e-02, 2.99e-03, -1.67e-01, -6.55e-01, 3.82e-03, 1.01e-01, -1.08e-02, 1.90e-02]
2300 [3.70e-02, 1.53e-01, 7.39e-01, -1.48e-02, 5.32e-03, -1.72e-01, -6.55e-01, 3.85e-03, 9.90e-02, -9.41e-03, 1.94e-02]
2350 [3.85e-02, 1.53e-01, 7.79e-01, -1.51e-02, 4.67e-03, -1.89e-01, -6.55e-01, 3.86e-03, 9.76e-02, -9.56e-03, 1.99e-02]
2400 [3.96e-02, 1.53e-01, 8.13e-01, -1.51e-02, 4.24e-03, -2.06e-01, -6.55e-01, 3.87e-03, 9.81e-02, -9.61e-03, 2.05e-02]
2450 [4.04e-02, 1.55e-01, 8.43e-01, -1.51e-02, 3.15e-03, -2.21e-01, -6.55e-01, 3.88e-03, 9.96e-02, -9.81e-03, 2.12e-02]
2500 [4.19e-02, 1.59e-01, 8.67e-01, -1.53e-02, -1.03e-02, -1.99e-01, -6.55e-01, 3.90e-03, 1.01e-01, -1.35e-02, 2.20e-02]
2550 [4.21e-02, 1.59e-01, 8.73e-01, -1.52e-02, -8.50e-03, -2.11e-01, -6.55e-01, 3.92e-03, 1.02e-01, -1.42e-02, 2.27e-02]
2600 [4.24e-02, 1.61e-01, 8.85e-01, -1.51e-02, -8.97e-03, -2.28e-01, -6.55e-01, 3.92e-03, 1.04e-01, -1.42e-02, 2.36e-02]
2650 [4.21e-02, 1.63e-01, 8.94e-01, -1.52e-02, -9.43e-03, -2.42e-01, -6.55e-01, 3.93e-03, 1.07e-01, -1.43e-02, 2.45e-02]
2700 [3.84e-02, 1.61e-01, 8.51e-01, -1.55e-02, -8.31e-03, -2.35e-01, -6.55e-01, 3.94e-03, 1.11e-01, -1.45e-02, 2.54e-02]
2750 [3.77e-02, 1.77e-01, 8.69e-01, -1.55e-02, -8.08e-03, -2.46e-01, -6.55e-01, 3.95e-03, 1.13e-01, -1.47e-02, 2.62e-02]
2800 [3.78e-02, 1.79e-01, 8.95e-01, -1.55e-02, -8.81e-03, -2.60e-01, -6.55e-01, 3.96e-03, 1.16e-01, -1.48e-02, 2.71e-02]
2850 [4.29e-02, 9.72e-02, 8.76e-01, -1.33e-02, -5.17e-03, -1.92e-01, -6.55e-01, 4.52e-03, 1.14e-01, -1.34e-02, 2.80e-02]
2900 [4.38e-02, 1.75e-01, 8.85e-01, -1.28e-02, -4.85e-03, -2.14e-01, -6.55e-01, 4.61e-03, 1.13e-01, -1.33e-02, 2.89e-02]
2950 [4.43e-02, 1.82e-01, 8.91e-01, -1.26e-02, -5.35e-03, -2.33e-01, -6.55e-01, 4.62e-03, 1.14e-01, -1.35e-02, 3.00e-02]
3000 [4.40e-02, 1.85e-01, 8.86e-01, -1.24e-02, -5.96e-03, -2.47e-01, -6.55e-01, 4.63e-03, 1.16e-01, -1.39e-02, 3.10e-02]
3050 [3.79e-02, 1.99e-01, 8.35e-01, -1.25e-02, -3.51e-03, -2.40e-01, -6.55e-01, 4.65e-03, 1.18e-01, -1.48e-02, 3.21e-02]
3100 [3.80e-02, 2.03e-01, 8.72e-01, -1.24e-02, -3.97e-03, -2.57e-01, -6.55e-01, 4.66e-03, 1.19e-01, -1.50e-02, 3.30e-02]
3150 [3.77e-02, 2.03e-01, 8.95e-01, -1.24e-02, -4.95e-03, -2.68e-01, -6.55e-01, 4.67e-03, 1.22e-01, -1.54e-02, 3.41e-02]
3200 [3.71e-02, 2.10e-01, 9.07e-01, -1.33e-02, -7.90e-03, -2.73e-01, -6.55e-01, 4.68e-03, 1.23e-01, -1.60e-02, 3.51e-02]
3250 [3.39e-02, 1.97e-01, 8.56e-01, -1.39e-02, -1.38e-02, -2.45e-01, -6.55e-01, 4.70e-03, 1.27e-01, -1.77e-02, 3.63e-02]
3300 [3.27e-02, 2.23e-01, 8.66e-01, -1.42e-02, -1.49e-02, -2.55e-01, -6.55e-01, 4.72e-03, 1.26e-01, -1.77e-02, 3.73e-02]
3350 [3.23e-02, 2.28e-01, 8.95e-01, -1.45e-02, -1.58e-02, -2.72e-01, -6.55e-01, 4.72e-03, 1.27e-01, -1.78e-02, 3.84e-02]
3400 [2.92e-02, 2.23e-01, 9.01e-01, -1.38e-02, 7.10e-03, -2.83e-01, -6.55e-01, 4.77e-03, 1.30e-01, -1.87e-02, 3.97e-02]
3450 [2.77e-02, 2.29e-01, 9.07e-01, -1.39e-02, 9.89e-04, -2.72e-01, -6.55e-01, 4.79e-03, 1.31e-01, -2.02e-02, 4.10e-02]
3500 [2.69e-02, 2.39e-01, 9.23e-01, -1.40e-02, -4.61e-04, -2.88e-01, -6.55e-01, 4.81e-03, 1.33e-01, -2.03e-02, 4.22e-02]
3550 [2.54e-02, 2.35e-01, 9.15e-01, -1.39e-02, -7.76e-04, -2.82e-01, -6.55e-01, 4.85e-03, 1.35e-01, -2.18e-02, 4.36e-02]
3600 [2.45e-02, 2.49e-01, 9.30e-01, -1.39e-02, -2.11e-03, -2.97e-01, -6.55e-01, 4.87e-03, 1.37e-01, -2.20e-02, 4.49e-02]
3650 [4.45e-02, 2.75e-02, 5.34e-01, 1.30e-03, -1.53e-02, -1.57e-01, -6.55e-01, 2.05e-02, 1.27e-01, -8.69e-03, 4.68e-02]
3700 [6.60e-02, 3.99e-02, 6.24e-01, 2.49e-03, -1.92e-02, -1.11e-01, -6.55e-01, 2.69e-02, 9.18e-02, -5.53e-03, 4.74e-02]
3750 [8.67e-02, 6.14e-02, 7.06e-01, -1.74e-03, -1.86e-02, -1.58e-01, -6.55e-01, 2.73e-02, 8.33e-02, -5.11e-03, 4.81e-02]
3800 [1.16e-02, 6.38e-02, 7.31e-01, -1.78e-02, -1.61e-02, -1.90e-01, -6.55e-01, 2.83e-02, 8.52e-02, -6.24e-03, 4.94e-02]
3850 [1.02e-03, 6.88e-02, 8.16e-01, -2.07e-02, -1.31e-02, -2.20e-01, -6.55e-01, 2.84e-02, 9.29e-02, -6.58e-03, 5.12e-02]
3900 [-3.01e-03, 6.89e-02, 8.84e-01, -2.29e-02, -1.39e-02, -2.49e-01, -6.55e-01, 2.84e-02, 1.01e-01, -6.47e-03, 5.31e-02]
3950 [-2.22e-03, 7.20e-02, 8.86e-01, -2.44e-02, -1.31e-02, -2.27e-01, -6.55e-01, 2.84e-02, 1.11e-01, -7.70e-04, 5.53e-02]
4000 [-5.38e-03, 7.41e-02, 9.21e-01, -2.56e-02, -1.46e-02, -2.56e-01, -6.55e-01, 2.85e-02, 1.16e-01, -6.60e-04, 5.75e-02]
4050 [-8.50e-03, 7.31e-02, 9.56e-01, -2.74e-02, -1.67e-02, -2.83e-01, -6.55e-01, 2.85e-02, 1.24e-01, -7.37e-04, 5.97e-02]
4100 [3.80e-03, 8.22e-02, 8.50e-01, -2.78e-02, -9.00e-03, -2.02e-01, -6.55e-01, 2.87e-02, 1.29e-01, -2.57e-03, 6.20e-02]
4150 [1.36e-03, 8.37e-02, 8.87e-01, -2.73e-02, -1.01e-02, -2.38e-01, -6.55e-01, 2.88e-02, 1.22e-01, -2.42e-03, 6.37e-02]
4200 [-1.91e-03, 8.12e-02, 9.30e-01, -2.81e-02, -1.25e-02, -2.70e-01, -6.55e-01, 2.89e-02, 1.25e-01, -2.51e-03, 6.58e-02]
4250 [-5.32e-03, 8.10e-02, 9.64e-01, -3.00e-02, -1.93e-02, -2.69e-01, -6.55e-01, 2.89e-02, 1.31e-01, -5.99e-06, 6.83e-02]
4300 [-7.39e-03, 8.25e-02, 9.77e-01, -3.16e-02, -2.16e-02, -2.93e-01, -6.55e-01, 2.90e-02, 1.33e-01, -1.60e-04, 7.08e-02]
4350 [-1.09e-02, 7.75e-02, 9.54e-01, -3.36e-02, -2.29e-02, -2.60e-01, -6.55e-01, 2.91e-02, 1.41e-01, -7.54e-04, 7.34e-02]
4400 [-8.09e-03, 9.12e-02, 9.19e-01, -3.19e-02, -2.03e-02, -2.51e-01, -6.55e-01, 2.93e-02, 1.32e-01, -2.29e-04, 7.53e-02]
4450 [-1.18e-02, 8.99e-02, 9.53e-01, -3.22e-02, -2.25e-02, -2.84e-01, -6.55e-01, 2.94e-02, 1.31e-01, -3.54e-04, 7.73e-02]
4500 [-1.36e-02, 8.88e-02, 9.83e-01, -3.32e-02, -2.51e-02, -3.12e-01, -6.55e-01, 2.95e-02, 1.38e-01, -6.53e-04, 7.97e-02]
4550 [-1.83e-03, 8.71e-02, 9.46e-01, -3.39e-02, -2.52e-02, -2.69e-01, -6.55e-01, 2.97e-02, 1.43e-01, -1.07e-03, 8.22e-02]
4600 [-7.48e-04, 9.60e-02, 9.63e-01, -3.41e-02, -2.65e-02, -2.95e-01, -6.55e-01, 2.98e-02, 1.40e-01, -2.09e-03, 8.45e-02]
4650 [-3.46e-03, 9.56e-02, 9.92e-01, -3.53e-02, -2.93e-02, -3.23e-01, -6.55e-01, 2.99e-02, 1.44e-01, -2.41e-03, 8.70e-02]
4700 [2.62e-02, 9.41e-02, 8.93e-01, -3.18e-02, -3.78e-03, -2.36e-01, -6.55e-01, 3.06e-02, 1.44e-01, 2.69e-03, 8.95e-02]
4750 [2.77e-02, 1.04e-01, 9.27e-01, -3.11e-02, 4.96e-04, -2.73e-01, -6.55e-01, 3.07e-02, 1.34e-01, 2.32e-03, 9.15e-02]
4800 [2.65e-02, 1.03e-01, 9.67e-01, -3.18e-02, -2.27e-03, -3.06e-01, -6.55e-01, 3.08e-02, 1.36e-01, 1.98e-03, 9.41e-02]
4850 [2.51e-02, 1.04e-01, 9.99e-01, -3.25e-02, -5.74e-03, -3.34e-01, -6.55e-01, 3.08e-02, 1.45e-01, 1.50e-03, 9.70e-02]
4900 [3.10e-02, 1.08e-01, 8.01e-01, -2.12e-02, 2.75e-03, -1.96e-01, -6.55e-01, 3.18e-02, 1.32e-01, -4.33e-03, 9.89e-02]
4950 [3.66e-02, 1.21e-01, 8.60e-01, -2.08e-02, 1.67e-03, -2.45e-01, -6.55e-01, 3.21e-02, 1.13e-01, -4.66e-03, 1.00e-01]
5000 [3.72e-02, 1.21e-01, 9.17e-01, -2.18e-02, 2.30e-05, -2.84e-01, -6.55e-01, 3.21e-02, 1.17e-01, -5.18e-03, 1.03e-01]
5000 [3.72e-02, 1.21e-01, 9.17e-01, -2.18e-02, 2.30e-05, -2.84e-01, -6.55e-01, 3.21e-02, 1.17e-01, -5.18e-03, 1.03e-01]
5050 [-2.54e-02, 6.95e-02, 8.43e-01, 3.18e-02, -2.26e-02, -1.85e-01, -7.24e-01, -5.03e-02, 1.46e-01, -1.88e-02, 1.66e-01]
5100 [-2.75e-02, 7.63e-02, 8.42e-01, 3.29e-02, -8.46e-03, -1.96e-01, -7.25e-01, -5.14e-02, 1.26e-01, -1.96e-02, 1.62e-01]
5150 [-3.02e-02, 8.39e-02, 8.46e-01, 3.36e-02, -7.55e-03, -2.11e-01, -7.25e-01, -5.12e-02, 1.00e-01, -2.05e-02, 1.68e-01]
5200 [-3.28e-02, 9.08e-02, 8.52e-01, 3.26e-02, -7.27e-03, -2.25e-01, -7.25e-01, -5.10e-02, 1.02e-01, -2.11e-02, 1.94e-01]
5250 [-3.54e-02, 9.71e-02, 8.59e-01, 3.16e-02, -6.83e-03, -2.40e-01, -7.25e-01, -5.08e-02, 1.03e-01, -2.18e-02, 2.34e-01]
5300 [-3.80e-02, 1.03e-01, 8.68e-01, 3.03e-02, -6.31e-03, -2.54e-01, -7.25e-01, -5.05e-02, 1.02e-01, -2.27e-02, 2.80e-01]
5350 [-4.07e-02, 1.10e-01, 8.77e-01, 2.88e-02, -5.63e-03, -2.68e-01, -7.25e-01, -5.02e-02, 1.06e-01, -2.37e-02, 3.30e-01]
5400 [-4.33e-02, 1.20e-01, 8.87e-01, 2.68e-02, -4.94e-03, -2.82e-01, -7.25e-01, -5.00e-02, 1.03e-01, -2.51e-02, 3.79e-01]
5450 [-4.59e-02, 1.31e-01, 8.97e-01, 2.43e-02, -4.85e-03, -2.95e-01, -7.25e-01, -4.97e-02, 1.07e-01, -2.61e-02, 4.30e-01]
5500 [-4.49e-02, 1.43e-01, 8.97e-01, 2.00e-02, -1.74e-02, -2.56e-01, -7.25e-01, -4.87e-02, 8.23e-02, -1.62e-02, 4.49e-01]
5550 [-4.69e-02, 1.54e-01, 9.02e-01, 1.89e-02, -1.75e-02, -2.75e-01, -7.25e-01, -4.83e-02, 9.12e-02, -1.73e-02, 4.96e-01]
5600 [-4.90e-02, 1.64e-01, 9.11e-01, 1.79e-02, -1.74e-02, -2.92e-01, -7.25e-01, -4.80e-02, 9.43e-02, -1.82e-02, 5.34e-01]
5650 [-5.17e-02, 1.73e-01, 9.19e-01, 1.66e-02, -1.69e-02, -3.08e-01, -7.25e-01, -4.76e-02, 1.04e-01, -1.96e-02, 5.93e-01]
5700 [-5.43e-02, 1.82e-01, 9.27e-01, 1.58e-02, -1.65e-02, -3.23e-01, -7.25e-01, -4.72e-02, 1.07e-01, -2.10e-02, 6.47e-01]
5750 [-1.71e-02, 1.87e-01, 9.02e-01, 3.27e-02, -5.43e-03, -2.22e-01, -7.25e-01, -4.22e-02, 1.52e-01, -1.15e-02, 6.22e-01]
5800 [4.18e-03, 1.99e-01, 8.90e-01, 3.92e-02, 1.39e-02, -2.34e-01, -7.25e-01, -3.73e-02, 5.96e-02, -9.08e-03, 5.74e-01]
5850 [2.48e-03, 2.09e-01, 8.96e-01, 3.86e-02, 1.30e-02, -2.62e-01, -7.25e-01, -3.71e-02, 7.77e-02, -1.12e-02, 6.01e-01]
5900 [5.76e-04, 2.20e-01, 9.06e-01, 3.75e-02, 1.33e-02, -2.85e-01, -7.25e-01, -3.70e-02, 8.51e-02, -1.32e-02, 6.38e-01]
5950 [-1.26e-03, 2.31e-01, 9.16e-01, 3.62e-02, 1.36e-02, -3.06e-01, -7.25e-01, -3.69e-02, 9.29e-02, -1.52e-02, 6.80e-01]
6000 [-3.02e-03, 2.41e-01, 9.26e-01, 3.46e-02, 1.37e-02, -3.25e-01, -7.25e-01, -3.67e-02, 9.96e-02, -1.73e-02, 7.25e-01]
6050 [-4.72e-03, 2.50e-01, 9.36e-01, 3.29e-02, 1.36e-02, -3.42e-01, -7.25e-01, -3.65e-02, 1.06e-01, -1.94e-02, 7.73e-01]
6100 [2.01e-02, 2.16e-01, 8.50e-01, 2.01e-02, -7.54e-03, -1.63e-01, -7.25e-01, -3.23e-02, 4.74e-02, 1.48e-02, 5.94e-01]
6150 [1.90e-02, 2.30e-01, 8.44e-01, 1.03e-02, -5.35e-03, -2.11e-01, -7.25e-01, -3.18e-02, 5.40e-02, 1.01e-02, 5.45e-01]
6200 [1.77e-02, 2.49e-01, 8.57e-01, 7.61e-03, -6.54e-03, -2.48e-01, -7.25e-01, -3.17e-02, 7.19e-02, 7.48e-03, 5.64e-01]
6250 [1.62e-02, 2.66e-01, 8.73e-01, 5.90e-03, -7.11e-03, -2.77e-01, -7.25e-01, -3.16e-02, 8.47e-02, 5.21e-03, 6.03e-01]
6300 [1.47e-02, 2.80e-01, 8.89e-01, 5.91e-03, -7.68e-03, -3.01e-01, -7.25e-01, -3.15e-02, 9.71e-02, 3.34e-03, 6.58e-01]
6350 [1.30e-02, 2.93e-01, 9.05e-01, 5.10e-03, -7.84e-03, -3.22e-01, -7.25e-01, -3.14e-02, 1.03e-01, 1.31e-03, 7.14e-01]
6400 [1.12e-02, 3.04e-01, 9.19e-01, 1.20e-03, -8.38e-03, -3.40e-01, -7.25e-01, -3.13e-02, 1.03e-01, -1.22e-03, 7.63e-01]
6450 [6.15e-03, 3.09e-01, 9.11e-01, -1.75e-03, -1.38e-02, -2.82e-01, -7.25e-01, -3.09e-02, 9.69e-02, -7.97e-03, 7.81e-01]
6500 [3.37e-03, 3.18e-01, 9.15e-01, -5.17e-03, -1.20e-02, -3.02e-01, -7.25e-01, -3.09e-02, 7.67e-02, -9.54e-03, 8.07e-01]
6550 [1.23e-03, 3.29e-01, 9.24e-01, -8.61e-03, -8.96e-03, -3.26e-01, -7.25e-01, -3.07e-02, 9.22e-02, -1.13e-02, 8.55e-01]
6600 [-8.96e-04, 3.40e-01, 9.34e-01, -1.37e-02, -8.33e-03, -3.48e-01, -7.25e-01, -3.06e-02, 9.95e-02, -1.30e-02, 8.98e-01]
6650 [-4.16e-03, 3.35e-01, 9.16e-01, -2.07e-02, -1.59e-02, -2.89e-01, -7.25e-01, -3.04e-02, 9.78e-02, -3.06e-03, 9.00e-01]
6700 [-4.89e-03, 3.38e-01, 9.13e-01, -2.13e-02, -1.64e-02, -3.01e-01, -7.25e-01, -3.01e-02, 8.92e-02, -2.98e-03, 8.92e-01]
6750 [-7.64e-03, 3.51e-01, 9.22e-01, -2.82e-02, -1.60e-02, -3.28e-01, -7.25e-01, -3.00e-02, 8.08e-02, -4.80e-03, 9.23e-01]
6800 [-1.03e-02, 3.62e-01, 9.31e-01, -3.30e-02, -1.32e-02, -3.51e-01, -7.25e-01, -2.98e-02, 9.23e-02, -6.40e-03, 9.74e-01]
6850 [-1.12e-02, 3.64e-01, 9.21e-01, -3.17e-02, -1.67e-02, -3.18e-01, -7.25e-01, -2.95e-02, 7.90e-02, -6.09e-03, 9.79e-01]
6900 [-1.30e-02, 3.73e-01, 9.28e-01, -3.61e-02, -1.37e-02, -3.41e-01, -7.25e-01, -2.93e-02, 8.48e-02, -5.92e-03, 1.00e+00]
6950 [-1.50e-02, 3.75e-01, 9.23e-01, -3.98e-02, -2.49e-02, -2.93e-01, -7.25e-01, -2.92e-02, 1.38e-01, -8.79e-03, 1.01e+00]
7000 [-2.66e-02, 2.38e-01, 9.02e-01, 3.11e-02, 3.75e-03, -2.54e-01, -7.25e-01, -2.01e-02, 5.81e-02, -1.48e-02, 8.42e-01]
7050 [-3.38e-02, 2.51e-01, 9.11e-01, 2.85e-02, 5.37e-03, -2.97e-01, -7.25e-01, -1.97e-02, 6.69e-02, -8.77e-03, 7.90e-01]
7100 [-3.99e-02, 2.75e-01, 9.26e-01, 1.64e-02, 6.59e-03, -3.32e-01, -7.25e-01, -1.91e-02, 1.06e-01, -1.29e-02, 8.52e-01]
7150 [2.71e-03, 2.86e-01, 8.96e-01, 4.28e-02, 1.19e-02, -2.86e-01, -7.25e-01, -1.89e-02, 7.48e-02, 1.66e-02, 8.47e-01]
7200 [5.22e-05, 3.07e-01, 9.10e-01, 3.50e-02, 1.22e-02, -3.15e-01, -7.25e-01, -1.87e-02, 8.51e-02, 1.53e-02, 8.82e-01]
7250 [-3.35e-03, 3.27e-01, 9.28e-01, 2.45e-02, 1.06e-02, -3.47e-01, -7.25e-01, -1.86e-02, 9.80e-02, 8.99e-03, 9.50e-01]
7300 [3.85e-03, 3.20e-01, 8.82e-01, 1.55e-02, -8.00e-03, -2.46e-01, -7.25e-01, -1.67e-02, 3.99e-02, -1.28e-02, 8.88e-01]
7350 [-1.01e-03, 3.35e-01, 8.88e-01, 1.00e-02, 6.79e-03, -2.89e-01, -7.25e-01, -1.64e-02, 6.44e-02, -1.35e-02, 8.69e-01]
7400 [-5.66e-03, 3.55e-01, 9.07e-01, 1.47e-03, 9.85e-03, -3.28e-01, -7.25e-01, -1.63e-02, 8.96e-02, -1.46e-02, 9.25e-01]
7450 [-8.85e-03, 3.67e-01, 9.09e-01, -7.81e-03, 1.53e-02, -3.01e-01, -7.25e-01, -1.62e-02, 1.33e-01, -3.17e-03, 9.70e-01]
7500 [-3.21e-03, 3.69e-01, 8.84e-01, -1.11e-03, -6.04e-03, -2.79e-01, -7.25e-01, -1.52e-02, 6.10e-02, -5.75e-03, 8.94e-01]
7550 [-8.88e-03, 3.86e-01, 9.01e-01, -1.28e-02, -1.94e-03, -3.23e-01, -7.25e-01, -1.50e-02, 7.60e-02, -8.29e-03, 9.34e-01]
7600 [-1.39e-02, 4.00e-01, 9.18e-01, -2.25e-02, 7.33e-04, -3.59e-01, -7.25e-01, -1.47e-02, 9.34e-02, -1.06e-02, 1.01e+00]
7650 [6.93e-02, 3.45e-01, 7.85e-01, -3.86e-02, -1.52e-02, -1.49e-01, -7.25e-01, 9.98e-03, 1.39e-03, -1.10e-02, 6.29e-01]
7700 [7.93e-02, 3.32e-01, 7.87e-01, -3.95e-02, -1.11e-02, -2.35e-01, -7.25e-01, 1.07e-02, 7.13e-02, -1.37e-02, 5.58e-01]
7750 [-1.29e-02, 3.58e-01, 8.22e-01, -3.35e-02, -6.74e-03, -2.81e-01, -7.25e-01, 1.14e-02, 8.65e-02, -1.60e-02, 6.50e-01]
7800 [-3.15e-02, 3.81e-01, 8.60e-01, -3.50e-02, -2.69e-03, -3.20e-01, -7.25e-01, 1.22e-02, 8.49e-02, -1.51e-02, 7.67e-01]
7850 [-4.00e-02, 3.98e-01, 8.91e-01, -4.67e-02, -2.91e-04, -3.55e-01, -7.25e-01, 1.30e-02, 8.88e-02, -1.59e-02, 8.79e-01]
7900 [2.18e-02, 4.01e-01, 8.36e-01, 3.72e-02, 1.31e-02, -2.33e-01, -7.25e-01, 2.01e-02, 2.92e-02, 1.11e-02, 7.61e-01]
7950 [1.89e-02, 4.21e-01, 8.59e-01, 2.25e-02, 1.74e-02, -2.94e-01, -7.25e-01, 2.03e-02, 7.20e-02, 3.36e-03, 8.16e-01]
8000 [1.49e-02, 4.36e-01, 8.88e-01, 1.05e-02, 1.95e-02, -3.39e-01, -7.25e-01, 2.03e-02, 9.02e-02, -5.15e-04, 9.17e-01]
8050 [2.80e-03, 3.90e-01, 7.83e-01, 1.73e-02, -3.39e-03, -1.39e-01, -7.25e-01, 2.45e-02, 1.64e-02, 8.18e-03, 7.50e-01]
8100 [-1.31e-02, 4.01e-01, 7.79e-01, 2.51e-03, 6.58e-03, -2.31e-01, -7.25e-01, 2.51e-02, 5.97e-02, -2.03e-03, 5.46e-01]
8150 [-2.80e-02, 4.25e-01, 8.27e-01, -1.21e-02, 8.83e-03, -2.93e-01, -7.25e-01, 2.56e-02, 8.54e-02, -4.33e-03, 6.40e-01]
8200 [-1.26e-02, 4.24e-01, 8.32e-01, 8.92e-03, 8.29e-03, -2.71e-01, -7.25e-01, 2.76e-02, 7.30e-02, 1.16e-02, 7.20e-01]
8250 [-1.62e-02, 4.38e-01, 8.63e-01, -3.37e-03, 1.06e-02, -3.16e-01, -7.25e-01, 2.86e-02, 8.56e-02, 9.61e-03, 8.28e-01]
8300 [-2.52e-02, 4.54e-01, 8.94e-01, -1.92e-02, 1.07e-02, -3.57e-01, -7.25e-01, 2.92e-02, 9.76e-02, 4.49e-03, 9.41e-01]
8350 [4.84e-02, 2.90e-01, 8.00e-01, -1.02e-02, -1.26e-02, -1.90e-01, -7.25e-01, 3.23e-02, 2.89e-02, -8.49e-03, 7.71e-01]
8400 [5.63e-02, 2.85e-01, 8.32e-01, -5.60e-02, -4.54e-03, -2.72e-01, -7.25e-01, 3.17e-02, 6.66e-02, -1.00e-03, 6.71e-01]
8450 [6.21e-02, 3.28e-01, 8.83e-01, -6.39e-02, 1.39e-03, -3.28e-01, -7.25e-01, 3.18e-02, 9.28e-02, -4.74e-03, 8.28e-01]
8500 [-3.33e-02, 3.38e-01, 8.43e-01, -1.10e-02, -6.46e-03, -2.62e-01, -7.25e-01, 3.84e-02, 3.95e-02, -4.15e-03, 8.38e-01]
8550 [-4.79e-02, 3.73e-01, 8.76e-01, -1.72e-02, -1.52e-03, -3.20e-01, -7.25e-01, 3.99e-02, 7.75e-02, -9.99e-03, 9.07e-01]
8600 [-3.23e-02, 3.97e-01, 8.88e-01, 1.27e-02, 8.29e-04, -3.24e-01, -7.25e-01, 4.21e-02, 1.30e-01, 2.87e-03, 9.96e-01]
8650 [4.17e-03, 4.08e-01, 8.58e-01, 6.74e-02, 7.03e-03, -2.87e-01, -7.25e-01, 4.39e-02, 6.02e-02, 2.85e-02, 9.53e-01]
8700 [-4.51e-03, 4.33e-01, 8.92e-01, 4.71e-02, 1.10e-02, -3.42e-01, -7.25e-01, 4.41e-02, 8.81e-02, 1.94e-02, 1.03e+00]
8750 [3.06e-02, 4.36e-01, 8.02e-01, 1.58e-02, -2.24e-02, -1.20e-01, -7.25e-01, 4.63e-02, 9.80e-02, -1.38e-04, 8.80e-01]
8800 [-4.47e-02, 4.25e-01, 6.91e-01, -6.32e-03, 1.48e-02, -1.92e-01, -7.25e-01, 4.80e-02, 4.91e-02, -3.00e-03, 5.52e-01]
8850 [-7.33e-02, 4.57e-01, 7.56e-01, -1.60e-02, 2.47e-02, -2.68e-01, -7.25e-01, 5.04e-02, 7.10e-02, -2.18e-04, 6.29e-01]
8900 [-3.45e-02, 4.79e-01, 7.96e-01, 5.21e-02, 3.24e-02, -2.97e-01, -7.25e-01, 5.85e-02, 1.06e-01, 6.10e-03, 7.68e-01]
8950 [9.78e-03, 4.89e-01, 8.36e-01, 8.41e-02, 2.51e-02, -3.09e-01, -7.25e-01, 6.24e-02, 7.81e-02, -1.32e-03, 8.44e-01]
9000 [6.96e-04, 5.06e-01, 8.79e-01, 6.08e-02, 2.87e-02, -3.55e-01, -7.25e-01, 6.26e-02, 1.08e-01, -1.04e-02, 9.66e-01]
9050 [-6.28e-03, 5.11e-01, 9.04e-01, 2.94e-02, 2.31e-02, -3.70e-01, -7.25e-01, 6.26e-02, 9.83e-02, -1.94e-02, 1.06e+00]
9100 [-1.28e-02, 5.04e-01, 8.82e-01, 2.04e-02, 1.23e-02, -3.07e-01, -7.25e-01, 6.32e-02, 5.45e-02, 1.29e-03, 1.03e+00]
9150 [-2.33e-02, 5.18e-01, 9.01e-01, -1.20e-02, 1.56e-02, -3.58e-01, -7.25e-01, 6.34e-02, 8.07e-02, -5.90e-03, 1.09e+00]
9200 [7.43e-02, 8.96e-02, 3.84e-01, 7.13e-02, 8.47e-02, 1.62e-01, -1.09e+00, 9.24e-02, 1.63e-01, -1.17e-01, 6.37e-01]
9250 [1.12e-01, 1.49e-01, 2.73e-01, -1.92e-02, -5.36e-02, -6.36e-02, -1.22e+00, 1.83e-01, -8.84e-02, 3.38e-02, 3.78e-01]
9300 [1.28e-01, 1.58e-01, 3.95e-01, 6.05e-04, -4.82e-02, -9.30e-02, -1.23e+00, 1.82e-01, -4.06e-02, 2.83e-02, 3.78e-01]
9350 [1.43e-01, 1.57e-01, 4.76e-01, 8.05e-03, -4.69e-02, -1.30e-01, -1.23e+00, 1.82e-01, -1.32e-02, 2.65e-02, 3.81e-01]
9400 [1.53e-01, 1.40e-01, 5.32e-01, 8.60e-03, -4.10e-02, -1.48e-01, -1.23e+00, 1.83e-01, 1.36e-02, 2.59e-02, 3.85e-01]
9450 [1.59e-01, 1.59e-01, 5.82e-01, 6.49e-03, -3.90e-02, -1.74e-01, -1.23e+00, 1.83e-01, 2.48e-02, 2.43e-02, 3.86e-01]
9500 [1.63e-01, 1.61e-01, 6.27e-01, 6.16e-03, -4.14e-02, -1.94e-01, -1.23e+00, 1.83e-01, 3.20e-02, 2.23e-02, 3.92e-01]
9550 [1.65e-01, 1.45e-01, 6.56e-01, 2.80e-03, -4.08e-02, -1.95e-01, -1.23e+00, 1.83e-01, 5.30e-02, 2.18e-02, 4.04e-01]
9600 [1.59e-01, 1.64e-01, 6.73e-01, -9.20e-03, -4.24e-02, -2.05e-01, -1.23e+00, 1.84e-01, 5.29e-02, 2.06e-02, 4.07e-01]
9650 [1.64e-01, 1.74e-01, 7.14e-01, -9.75e-03, -4.29e-02, -2.36e-01, -1.23e+00, 1.84e-01, 5.86e-02, 2.04e-02, 4.22e-01]
9700 [1.13e-01, 1.39e-01, 6.35e-01, -4.26e-02, -4.98e-02, -1.26e-01, -1.23e+00, 1.84e-01, 7.96e-02, 1.52e-02, 4.22e-01]
9750 [1.13e-01, 1.88e-01, 6.67e-01, -4.93e-02, -5.05e-02, -1.76e-01, -1.23e+00, 1.84e-01, 5.55e-02, 1.40e-02, 4.16e-01]
9800 [1.19e-01, 2.05e-01, 7.15e-01, -4.80e-02, -5.11e-02, -2.18e-01, -1.23e+00, 1.84e-01, 6.53e-02, 1.34e-02, 4.26e-01]
9850 [1.24e-01, 2.15e-01, 7.60e-01, -4.65e-02, -5.11e-02, -2.52e-01, -1.23e+00, 1.84e-01, 7.79e-02, 1.27e-02, 4.44e-01]
9900 [1.23e-01, 2.06e-01, 7.69e-01, -4.79e-02, -5.17e-02, -2.12e-01, -1.23e+00, 1.84e-01, 1.01e-01, 1.38e-02, 4.59e-01]
9950 [6.30e-02, 1.02e-01, 5.79e-01, -4.01e-02, -4.26e-02, -8.32e-02, -1.23e+00, 1.82e-01, 1.08e-01, 8.14e-03, 4.20e-01]
10000 [7.11e-02, 1.36e-01, 6.37e-01, -4.18e-02, -4.14e-02, -1.60e-01, -1.23e+00, 1.82e-01, 8.05e-02, 7.07e-03, 3.97e-01]
10000 [7.11e-02, 1.36e-01, 6.37e-01, -4.18e-02, -4.14e-02, -1.60e-01, -1.23e+00, 1.82e-01, 8.05e-02, 7.07e-03, 3.97e-01]
10050 [-1.60e-02, 1.19e-01, 5.12e-01, -5.80e-02, 3.93e-02, 4.74e-03, -1.17e+00, 1.35e-01, 3.86e-02, -3.09e-02, 2.87e-01]
10100 [-1.94e-02, 1.28e-01, 5.05e-01, -5.50e-02, 4.01e-02, -1.48e-02, -1.17e+00, 1.34e-01, 3.48e-02, -3.04e-02, 2.84e-01]
10150 [-2.33e-02, 1.35e-01, 5.08e-01, -5.37e-02, 4.04e-02, -5.23e-02, -1.17e+00, 1.34e-01, 2.93e-02, -3.06e-02, 2.84e-01]
10200 [-2.84e-02, 1.41e-01, 5.33e-01, -5.37e-02, 4.09e-02, -1.02e-01, -1.17e+00, 1.34e-01, 2.19e-02, -3.08e-02, 2.82e-01]
10250 [-3.35e-02, 1.46e-01, 5.84e-01, -5.72e-02, 4.15e-02, -1.51e-01, -1.17e+00, 1.34e-01, 1.94e-02, -3.07e-02, 2.81e-01]
10300 [-3.83e-02, 1.50e-01, 6.47e-01, -6.35e-02, 4.19e-02, -1.91e-01, -1.17e+00, 1.34e-01, 2.56e-02, -3.05e-02, 2.82e-01]
10350 [-4.24e-02, 1.53e-01, 7.09e-01, -6.93e-02, 4.21e-02, -2.25e-01, -1.17e+00, 1.34e-01, 3.58e-02, -3.03e-02, 2.83e-01]
10400 [-4.58e-02, 1.57e-01, 7.52e-01, -7.20e-02, 4.23e-02, -2.19e-01, -1.17e+00, 1.34e-01, 4.74e-02, -3.00e-02, 2.86e-01]
10450 [-4.82e-02, 1.60e-01, 7.78e-01, -7.24e-02, 4.23e-02, -1.70e-01, -1.17e+00, 1.34e-01, 6.51e-02, -2.95e-02, 2.88e-01]
10500 [-5.15e-02, 1.64e-01, 7.91e-01, -6.93e-02, 4.22e-02, -2.10e-01, -1.17e+00, 1.34e-01, 5.66e-02, -2.93e-02, 2.90e-01]
10550 [-5.50e-02, 1.68e-01, 8.26e-01, -7.16e-02, 4.22e-02, -2.55e-01, -1.17e+00, 1.34e-01, 6.56e-02, -2.91e-02, 2.93e-01]
10600 [-4.90e-02, 1.73e-01, 7.71e-01, -5.05e-02, 4.18e-02, -1.38e-01, -1.17e+00, 1.35e-01, 6.39e-02, -2.83e-02, 2.93e-01]
10650 [-5.34e-02, 1.79e-01, 7.87e-01, -4.64e-02, 4.18e-02, -2.13e-01, -1.17e+00, 1.35e-01, 5.57e-02, -2.79e-02, 2.93e-01]
10700 [-5.76e-02, 1.83e-01, 8.26e-01, -5.04e-02, 4.19e-02, -2.60e-01, -1.17e+00, 1.35e-01, 7.21e-02, -2.77e-02, 2.98e-01]
10750 [-2.86e-02, 1.87e-01, 7.22e-01, -9.32e-03, 4.09e-02, -5.06e-02, -1.17e+00, 1.36e-01, 9.61e-02, -2.61e-02, 2.95e-01]
10800 [-2.85e-02, 1.98e-01, 6.91e-01, 9.81e-03, 4.06e-02, -1.57e-01, -1.17e+00, 1.36e-01, 4.85e-02, -2.51e-02, 2.91e-01]
10850 [-3.42e-02, 2.04e-01, 7.51e-01, 5.49e-03, 4.08e-02, -2.20e-01, -1.17e+00, 1.36e-01, 6.11e-02, -2.49e-02, 2.94e-01]
10900 [-3.86e-02, 2.09e-01, 8.10e-01, -1.46e-03, 4.10e-02, -2.64e-01, -1.17e+00, 1.36e-01, 8.19e-02, -2.48e-02, 3.00e-01]
10950 [-4.11e-02, 2.14e-01, 8.47e-01, -5.40e-03, 4.11e-02, -2.32e-01, -1.17e+00, 1.36e-01, 1.08e-01, -2.48e-02, 3.06e-01]
11000 [-3.06e-02, 2.23e-01, 7.47e-01, 1.36e-02, 3.98e-02, -1.46e-01, -1.17e+00, 1.36e-01, 5.42e-02, -2.28e-02, 2.99e-01]
11050 [-3.60e-02, 2.34e-01, 7.81e-01, 1.07e-02, 3.98e-02, -2.22e-01, -1.17e+00, 1.36e-01, 6.63e-02, -2.26e-02, 3.02e-01]
11100 [-4.07e-02, 2.43e-01, 8.30e-01, 4.48e-03, 3.98e-02, -2.70e-01, -1.17e+00, 1.36e-01, 8.87e-02, -2.26e-02, 3.09e-01]
11150 [-4.30e-02, 2.51e-01, 8.58e-01, 1.06e-03, 4.00e-02, -2.34e-01, -1.17e+00, 1.36e-01, 1.12e-01, -2.30e-02, 3.15e-01]
11200 [-4.37e-02, 2.59e-01, 8.50e-01, 7.71e-03, 3.96e-02, -2.35e-01, -1.17e+00, 1.37e-01, 8.76e-02, -2.30e-02, 3.17e-01]
11250 [-4.74e-02, 2.67e-01, 8.76e-01, 4.72e-03, 3.96e-02, -2.85e-01, -1.17e+00, 1.37e-01, 1.01e-01, -2.29e-02, 3.23e-01]
11300 [-2.44e-02, 2.71e-01, 7.72e-01, 1.81e-02, 3.87e-02, -7.63e-02, -1.17e+00, 1.37e-01, 1.08e-01, -2.11e-02, 3.24e-01]
11350 [-2.10e-02, 2.82e-01, 7.16e-01, 3.36e-02, 3.32e-02, -1.72e-01, -1.17e+00, 1.37e-01, 5.00e-02, -1.76e-02, 3.16e-01]
11400 [-2.75e-02, 2.93e-01, 7.76e-01, 2.62e-02, 3.35e-02, -2.39e-01, -1.17e+00, 1.37e-01, 7.20e-02, -1.76e-02, 3.21e-01]
11450 [-3.26e-02, 3.02e-01, 8.33e-01, 1.79e-02, 3.38e-02, -2.86e-01, -1.17e+00, 1.37e-01, 9.36e-02, -1.76e-02, 3.28e-01]
11500 [-3.46e-02, 3.09e-01, 8.63e-01, 1.56e-02, 3.41e-02, -2.59e-01, -1.17e+00, 1.38e-01, 1.13e-01, -1.96e-02, 3.36e-01]
11550 [-3.77e-02, 3.16e-01, 8.84e-01, 1.47e-02, 3.41e-02, -2.94e-01, -1.17e+00, 1.38e-01, 1.11e-01, -1.99e-02, 3.42e-01]
11600 [-2.25e-02, 3.21e-01, 7.98e-01, 2.26e-02, 3.28e-02, -1.17e-01, -1.17e+00, 1.38e-01, 1.07e-01, -1.90e-02, 3.46e-01]
11650 [-1.98e-02, 3.29e-01, 7.59e-01, 3.11e-02, 3.06e-02, -1.98e-01, -1.17e+00, 1.38e-01, 5.50e-02, -1.81e-02, 3.41e-01]
11700 [-2.58e-02, 3.39e-01, 8.10e-01, 2.36e-02, 3.09e-02, -2.63e-01, -1.17e+00, 1.38e-01, 8.13e-02, -1.81e-02, 3.48e-01]
11750 [-3.04e-02, 3.47e-01, 8.59e-01, 1.50e-02, 3.11e-02, -3.06e-01, -1.17e+00, 1.38e-01, 1.05e-01, -1.83e-02, 3.56e-01]
11800 [-2.37e-02, 3.51e-01, 8.02e-01, 2.70e-02, 2.69e-02, -1.77e-01, -1.17e+00, 1.39e-01, 8.26e-02, -2.25e-02, 3.58e-01]
11850 [-3.01e-02, 3.60e-01, 8.20e-01, 2.50e-02, 2.56e-02, -2.51e-01, -1.17e+00, 1.39e-01, 7.93e-02, -2.20e-02, 3.63e-01]
11900 [-3.51e-02, 3.69e-01, 8.60e-01, 1.65e-02, 2.58e-02, -3.02e-01, -1.17e+00, 1.39e-01, 1.02e-01, -2.21e-02, 3.71e-01]
11950 [-2.66e-02, 3.72e-01, 8.06e-01, 2.93e-02, 2.29e-02, -1.77e-01, -1.17e+00, 1.39e-01, 9.74e-02, -1.43e-02, 3.74e-01]
12000 [-3.14e-02, 3.80e-01, 8.17e-01, 3.39e-02, 2.26e-02, -2.50e-01, -1.17e+00, 1.39e-01, 7.92e-02, -1.33e-02, 3.77e-01]
12050 [-3.72e-02, 3.88e-01, 8.57e-01, 2.52e-02, 2.28e-02, -3.04e-01, -1.17e+00, 1.39e-01, 1.04e-01, -1.37e-02, 3.87e-01]
12100 [-1.71e-02, 3.75e-01, 7.41e-01, 3.53e-02, 1.93e-02, -1.10e-01, -1.17e+00, 1.39e-01, 9.04e-02, -2.29e-02, 3.86e-01]
12150 [-2.95e-02, 3.84e-01, 7.46e-01, 2.84e-02, 1.79e-02, -2.19e-01, -1.17e+00, 1.39e-01, 5.69e-02, -2.26e-02, 3.84e-01]
12200 [-3.83e-02, 3.95e-01, 8.10e-01, 1.45e-02, 1.87e-02, -2.80e-01, -1.17e+00, 1.39e-01, 9.01e-02, -2.26e-02, 3.94e-01]
12250 [-2.63e-02, 4.00e-01, 7.96e-01, 2.37e-02, 1.11e-02, -2.11e-01, -1.17e+00, 1.40e-01, 9.73e-02, -1.32e-02, 4.01e-01]
12300 [-3.12e-02, 4.09e-01, 8.27e-01, 2.15e-02, 9.79e-03, -2.71e-01, -1.17e+00, 1.40e-01, 8.78e-02, -1.25e-02, 4.06e-01]
12350 [-3.30e-02, 4.16e-01, 8.49e-01, 1.57e-02, 1.01e-02, -2.63e-01, -1.17e+00, 1.40e-01, 1.19e-01, -1.37e-02, 4.17e-01]
12400 [-3.81e-03, 3.92e-01, 7.37e-01, 1.95e-02, 7.98e-03, -1.84e-01, -1.17e+00, 1.40e-01, 5.58e-02, -1.43e-02, 4.08e-01]
12450 [-1.03e-02, 4.03e-01, 7.99e-01, 8.36e-03, 8.44e-03, -2.63e-01, -1.17e+00, 1.40e-01, 7.85e-02, -1.37e-02, 4.16e-01]
12500 [-1.63e-02, 4.13e-01, 8.56e-01, -4.18e-03, 8.86e-03, -3.13e-01, -1.17e+00, 1.40e-01, 1.07e-01, -1.31e-02, 4.27e-01]
12550 [-7.81e-03, 4.04e-01, 7.47e-01, 1.45e-02, 1.40e-03, -1.67e-01, -1.17e+00, 1.40e-01, 4.78e-02, 1.89e-03, 4.19e-01]
12600 [-1.43e-02, 4.15e-01, 7.93e-01, 1.65e-03, 1.77e-03, -2.56e-01, -1.17e+00, 1.41e-01, 7.19e-02, 1.53e-03, 4.26e-01]
12650 [-2.11e-02, 4.26e-01, 8.51e-01, -1.29e-02, 1.90e-03, -3.12e-01, -1.17e+00, 1.41e-01, 1.04e-01, 7.60e-04, 4.39e-01]
12700 [1.97e-03, 3.94e-01, 6.98e-01, 2.54e-02, 5.91e-03, -1.02e-01, -1.17e+00, 1.41e-01, 5.69e-02, -1.09e-02, 4.34e-01]
12750 [-7.30e-04, 4.03e-01, 7.28e-01, 1.84e-02, 6.69e-03, -2.23e-01, -1.17e+00, 1.41e-01, 4.93e-02, -1.12e-02, 4.30e-01]
12800 [-7.56e-03, 4.17e-01, 8.10e-01, 2.35e-03, 6.74e-03, -2.88e-01, -1.17e+00, 1.41e-01, 9.03e-02, -1.17e-02, 4.44e-01]
12850 [-8.32e-03, 4.24e-01, 8.19e-01, -5.73e-03, 4.21e-04, -2.17e-01, -1.17e+00, 1.41e-01, 1.19e-01, -1.21e-02, 4.55e-01]
12900 [-1.92e-03, 4.25e-01, 8.04e-01, 3.90e-04, 3.29e-04, -2.41e-01, -1.17e+00, 1.41e-01, 6.03e-02, -1.14e-02, 4.57e-01]
12950 [-6.67e-03, 4.37e-01, 8.52e-01, -1.83e-02, -4.88e-04, -3.03e-01, -1.17e+00, 1.41e-01, 1.25e-01, -1.12e-02, 4.73e-01]
13000 [-8.68e-03, 4.44e-01, 8.61e-01, -2.22e-02, 3.20e-04, -2.86e-01, -1.17e+00, 1.41e-01, 9.69e-02, -1.52e-02, 4.84e-01]
13050 [-7.86e-03, 4.52e-01, 8.46e-01, -1.96e-02, -6.30e-03, -1.94e-01, -1.17e+00, 1.41e-01, 1.34e-01, -5.56e-03, 4.95e-01]
13100 [-1.06e-02, 4.02e-01, 6.59e-01, 7.74e-03, -2.28e-03, -1.50e-01, -1.17e+00, 1.41e-01, 2.83e-02, -9.05e-04, 4.62e-01]
13150 [-2.68e-02, 4.21e-01, 7.42e-01, -2.31e-02, -1.98e-03, -2.50e-01, -1.17e+00, 1.41e-01, 5.96e-02, -8.77e-04, 4.67e-01]
13200 [4.39e-02, 4.23e-01, 7.12e-01, -2.08e-02, 1.09e-03, -1.55e-01, -1.17e+00, 1.41e-01, 7.27e-02, -3.02e-03, 4.70e-01]
13250 [4.47e-02, 4.36e-01, 7.64e-01, -4.29e-02, 1.56e-03, -2.45e-01, -1.17e+00, 1.41e-01, 6.22e-02, -2.97e-03, 4.75e-01]
13300 [4.20e-02, 4.51e-01, 8.31e-01, -4.89e-02, 7.93e-04, -2.97e-01, -1.17e+00, 1.41e-01, 9.83e-02, -3.49e-03, 4.91e-01]
13350 [-1.61e-02, 4.44e-01, 7.03e-01, 3.59e-02, -1.34e-02, -1.73e-01, -1.17e+00, 1.42e-01, 2.16e-02, 2.65e-03, 4.78e-01]
13400 [-3.05e-02, 4.62e-01, 7.72e-01, 8.55e-03, -1.22e-02, -2.64e-01, -1.17e+00, 1.42e-01, 7.95e-02, 2.56e-03, 4.90e-01]
13450 [-3.02e-02, 4.74e-01, 8.06e-01, 3.48e-03, -1.20e-02, -2.42e-01, -1.17e+00, 1.42e-01, 1.22e-01, 3.08e-04, 5.05e-01]
13500 [1.08e-03, 4.67e-01, 7.92e-01, 2.10e-02, -8.85e-03, -2.41e-01, -1.17e+00, 1.43e-01, 5.84e-02, -7.03e-04, 5.06e-01]
13550 [-5.19e-03, 4.80e-01, 8.43e-01, -4.60e-03, -7.55e-03, -3.07e-01, -1.17e+00, 1.43e-01, 1.03e-01, -1.63e-03, 5.23e-01]
13600 [3.55e-03, 4.54e-01, 7.32e-01, 4.25e-03, -5.99e-03, -1.13e-01, -1.17e+00, 1.43e-01, 2.98e-02, 1.08e-03, 5.13e-01]
13650 [-4.14e-04, 4.49e-01, 7.40e-01, -7.48e-03, -2.93e-03, -2.31e-01, -1.17e+00, 1.43e-01, 5.94e-02, 1.01e-03, 5.10e-01]
13700 [-1.03e-02, 4.66e-01, 8.18e-01, -3.21e-02, -1.14e-03, -2.98e-01, -1.17e+00, 1.43e-01, 9.14e-02, 5.21e-04, 5.26e-01]
13750 [4.86e-02, 4.49e-01, 6.78e-01, 2.37e-03, -1.24e-03, -4.07e-02, -1.17e+00, 1.43e-01, 7.52e-02, 9.86e-03, 5.15e-01]
13800 [-8.81e-02, 4.10e-01, 5.85e-01, 6.84e-02, -3.54e-03, -1.67e-01, -1.17e+00, 1.23e-01, 3.42e-02, 5.99e-03, 4.93e-01]
13850 [-5.61e-02, 4.34e-01, 6.92e-01, 7.28e-03, -3.94e-03, -2.45e-01, -1.17e+00, 1.22e-01, 6.81e-02, 5.27e-03, 5.07e-01]
13900 [-8.26e-02, 4.54e-01, 7.81e-01, -2.90e-02, -3.83e-03, -3.02e-01, -1.17e+00, 1.22e-01, 1.10e-01, 4.88e-03, 5.23e-01]
13950 [3.38e-02, 4.48e-01, 7.14e-01, 1.07e-01, 7.97e-03, -1.27e-01, -1.17e+00, 1.23e-01, 7.92e-02, 5.20e-04, 5.28e-01]
14000 [4.19e-02, 4.58e-01, 7.31e-01, 6.96e-02, 1.32e-02, -2.27e-01, -1.17e+00, 1.23e-01, 5.10e-02, -1.38e-03, 5.25e-01]
14050 [4.70e-02, 4.79e-01, 8.08e-01, 5.54e-02, 1.35e-02, -2.97e-01, -1.17e+00, 1.23e-01, 8.65e-02, -1.86e-03, 5.44e-01]
14100 [1.61e-02, 4.86e-01, 8.00e-01, 2.77e-03, 5.13e-03, -1.74e-01, -1.17e+00, 1.23e-01, 1.59e-01, -1.24e-02, 5.61e-01]
14150 [-7.63e-02, 3.85e-01, 5.97e-01, -3.21e-03, -1.20e-04, -1.22e-01, -1.17e+00, 1.22e-01, -6.92e-03, 1.33e-03, 5.13e-01]
14200 [1.09e-03, 4.15e-01, 6.44e-01, 9.58e-02, 3.04e-03, -2.20e-01, -1.17e+00, 1.10e-01, 5.33e-02, 1.34e-03, 5.21e-01]
14250 [5.41e-02, 4.13e-01, 6.68e-01, -1.96e-01, 1.51e-02, -2.10e-01, -1.17e+00, 8.47e-02, 7.98e-02, 1.32e-02, 5.17e-01]
14300 [6.22e-02, 4.42e-01, 7.62e-01, -1.89e-01, 1.69e-02, -2.79e-01, -1.17e+00, 8.46e-02, 8.39e-02, 1.03e-02, 5.35e-01]
14350 [6.75e-02, 4.64e-01, 8.32e-01, -1.88e-01, 1.80e-02, -3.29e-01, -1.17e+00, 8.47e-02, 1.11e-01, 8.25e-03, 5.61e-01]
14400 [1.98e-03, 4.52e-01, 7.32e-01, -7.59e-02, -1.13e-02, -1.71e-01, -1.17e+00, 8.31e-02, 8.93e-03, 4.54e-04, 5.45e-01]
14450 [-8.50e-03, 4.77e-01, 7.84e-01, -8.55e-02, -9.36e-03, -2.65e-01, -1.17e+00, 8.31e-02, 7.18e-02, 1.11e-03, 5.61e-01]
14500 [-1.75e-02, 4.96e-01, 8.41e-01, -9.61e-02, -5.77e-03, -3.11e-01, -1.17e+00, 8.33e-02, 8.68e-02, 2.94e-03, 5.85e-01]
14550 [1.28e-02, 4.43e-01, 7.15e-01, -7.93e-02, -2.65e-03, -3.79e-02, -1.17e+00, 8.52e-02, 1.18e-01, 1.18e-02, 5.87e-01]
14600 [-5.91e-02, -9.09e-02, 2.83e-01, -6.80e-01, -8.02e-01, 6.43e-01, -6.80e-01, -3.97e-01, 9.81e-02, -3.31e-01, -6.81e-02]
14650 [1.79e-02, -9.53e-02, 2.78e-01, -7.22e-01, -1.04e+00, 7.38e-01, -6.73e-01, -2.18e-01, -8.36e-02, -1.40e-02, 3.34e-03]
14700 [-3.84e-03, -9.54e-02, 2.79e-01, -7.23e-01, -1.05e+00, 7.68e-01, -6.73e-01, -2.16e-01, -5.85e-02, -1.24e-02, -3.09e-03]
14750 [-2.42e-02, -9.54e-02, 2.80e-01, -7.23e-01, -1.05e+00, 7.93e-01, -6.73e-01, -2.16e-01, -5.66e-02, -1.24e-02, -1.83e-03]
14800 [-5.49e-02, -9.54e-02, 2.82e-01, -7.21e-01, -1.05e+00, 8.13e-01, -6.73e-01, -2.18e-01, -6.45e-02, -1.27e-02, 5.89e-04]
14850 [-9.05e-02, -9.54e-02, 2.83e-01, -7.18e-01, -1.05e+00, 8.30e-01, -6.73e-01, -2.26e-01, -7.80e-02, -1.29e-02, 3.18e-03]
14900 [-1.20e-01, -9.54e-02, 2.84e-01, -7.14e-01, -1.05e+00, 8.45e-01, -6.73e-01, -2.35e-01, -9.06e-02, -1.31e-02, 5.01e-03]
14950 [-1.42e-01, -9.54e-02, 2.84e-01, -7.11e-01, -1.05e+00, 8.58e-01, -6.73e-01, -2.43e-01, -9.96e-02, -1.32e-02, 5.94e-03]
15000 [-1.59e-01, -9.54e-02, 2.85e-01, -7.09e-01, -1.05e+00, 8.69e-01, -6.73e-01, -2.49e-01, -1.06e-01, -1.32e-02, 6.39e-03]
15000 [-1.59e-01, -9.54e-02, 2.85e-01, -7.09e-01, -1.05e+00, 8.69e-01, -6.73e-01, -2.49e-01, -1.06e-01, -1.32e-02, 6.39e-03]
15050 [-1.31e-01, 8.68e-03, 2.30e-01, -5.15e-01, -1.01e+00, 6.79e-01, -5.71e-01, -1.76e-01, -2.19e-01, 4.80e-02, 1.19e-01]
15100 [-1.30e-01, 9.77e-03, 2.30e-01, -5.05e-01, -1.01e+00, 6.67e-01, -5.69e-01, -1.75e-01, -2.26e-01, 5.05e-02, 1.21e-01]
15150 [-1.30e-01, 9.77e-03, 2.31e-01, -5.03e-01, -1.01e+00, 6.66e-01, -5.69e-01, -1.75e-01, -2.28e-01, 5.10e-02, 1.21e-01]
15200 [-1.31e-01, 9.77e-03, 2.32e-01, -5.00e-01, -1.01e+00, 6.66e-01, -5.69e-01, -1.75e-01, -2.29e-01, 5.16e-02, 1.21e-01]
15250 [-1.31e-01, 9.77e-03, 2.33e-01, -4.97e-01, -1.01e+00, 6.66e-01, -5.69e-01, -1.76e-01, -2.30e-01, 5.22e-02, 1.21e-01]
15300 [-1.31e-01, 9.77e-03, 2.34e-01, -4.94e-01, -1.01e+00, 6.66e-01, -5.69e-01, -1.76e-01, -2.32e-01, 5.28e-02, 1.21e-01]
15350 [-1.32e-01, 9.77e-03, 2.35e-01, -4.91e-01, -1.01e+00, 6.66e-01, -5.69e-01, -1.76e-01, -2.33e-01, 5.34e-02, 1.21e-01]
15400 [-1.32e-01, 9.77e-03, 2.37e-01, -4.87e-01, -1.01e+00, 6.66e-01, -5.69e-01, -1.76e-01, -2.35e-01, 5.40e-02, 1.21e-01]
15450 [-1.33e-01, 9.77e-03, 2.38e-01, -4.84e-01, -1.01e+00, 6.66e-01, -5.69e-01, -1.76e-01, -2.36e-01, 5.46e-02, 1.21e-01]
15500 [-1.33e-01, 9.77e-03, 2.39e-01, -4.81e-01, -1.01e+00, 6.66e-01, -5.69e-01, -1.76e-01, -2.38e-01, 5.51e-02, 1.21e-01]
15550 [-1.34e-01, 9.77e-03, 2.41e-01, -4.77e-01, -1.01e+00, 6.65e-01, -5.69e-01, -1.77e-01, -2.39e-01, 5.55e-02, 1.21e-01]
15600 [-1.34e-01, 9.77e-03, 2.42e-01, -4.74e-01, -1.01e+00, 6.65e-01, -5.69e-01, -1.77e-01, -2.41e-01, 5.59e-02, 1.21e-01]
15650 [-1.34e-01, 9.77e-03, 2.43e-01, -4.71e-01, -1.01e+00, 6.65e-01, -5.69e-01, -1.77e-01, -2.42e-01, 5.63e-02, 1.21e-01]
15700 [-1.35e-01, 9.77e-03, 2.45e-01, -4.68e-01, -1.01e+00, 6.65e-01, -5.69e-01, -1.77e-01, -2.43e-01, 5.66e-02, 1.21e-01]
15750 [-1.35e-01, 9.77e-03, 2.46e-01, -4.65e-01, -1.01e+00, 6.65e-01, -5.69e-01, -1.77e-01, -2.45e-01, 5.69e-02, 1.21e-01]
15800 [-1.36e-01, 9.77e-03, 2.47e-01, -4.63e-01, -1.01e+00, 6.65e-01, -5.69e-01, -1.77e-01, -2.46e-01, 5.72e-02, 1.21e-01]
15850 [-1.36e-01, 9.77e-03, 2.48e-01, -4.60e-01, -1.01e+00, 6.65e-01, -5.69e-01, -1.77e-01, -2.47e-01, 5.75e-02, 1.21e-01]
15900 [-1.36e-01, 9.77e-03, 2.49e-01, -4.57e-01, -1.01e+00, 6.65e-01, -5.69e-01, -1.77e-01, -2.48e-01, 5.78e-02, 1.21e-01]
15950 [-1.36e-01, 9.77e-03, 2.50e-01, -4.55e-01, -1.01e+00, 6.64e-01, -5.69e-01, -1.77e-01, -2.49e-01, 5.80e-02, 1.21e-01]
16000 [-1.37e-01, 9.77e-03, 2.51e-01, -4.53e-01, -1.01e+00, 6.64e-01, -5.69e-01, -1.77e-01, -2.50e-01, 5.82e-02, 1.21e-01]
16050 [-1.37e-01, 9.77e-03, 2.51e-01, -4.51e-01, -1.01e+00, 6.64e-01, -5.69e-01, -1.77e-01, -2.51e-01, 5.84e-02, 1.21e-01]
16100 [-1.37e-01, 9.77e-03, 2.52e-01, -4.49e-01, -1.01e+00, 6.64e-01, -5.69e-01, -1.77e-01, -2.52e-01, 5.85e-02, 1.21e-01]
16150 [-1.37e-01, 9.77e-03, 2.52e-01, -4.47e-01, -1.01e+00, 6.64e-01, -5.69e-01, -1.77e-01, -2.53e-01, 5.87e-02, 1.21e-01]
16200 [-1.37e-01, 9.77e-03, 2.53e-01, -4.46e-01, -1.01e+00, 6.64e-01, -5.69e-01, -1.77e-01, -2.54e-01, 5.88e-02, 1.21e-01]
16250 [-1.38e-01, 9.77e-03, 2.53e-01, -4.44e-01, -1.01e+00, 6.64e-01, -5.69e-01, -1.77e-01, -2.55e-01, 5.89e-02, 1.21e-01]
16300 [-1.38e-01, 9.77e-03, 2.53e-01, -4.43e-01, -1.01e+00, 6.63e-01, -5.69e-01, -1.77e-01, -2.55e-01, 5.90e-02, 1.21e-01]
16350 [-1.38e-01, 9.77e-03, 2.54e-01, -4.42e-01, -1.01e+00, 6.63e-01, -5.69e-01, -1.77e-01, -2.56e-01, 5.91e-02, 1.21e-01]
16400 [-1.38e-01, 9.77e-03, 2.54e-01, -4.41e-01, -1.00e+00, 6.63e-01, -5.69e-01, -1.78e-01, -2.57e-01, 5.91e-02, 1.21e-01]
16450 [-1.38e-01, 9.77e-03, 2.54e-01, -4.40e-01, -1.00e+00, 6.63e-01, -5.69e-01, -1.78e-01, -2.57e-01, 5.92e-02, 1.21e-01]
16500 [-1.38e-01, 9.77e-03, 2.53e-01, -4.39e-01, -1.00e+00, 6.63e-01, -5.69e-01, -1.78e-01, -2.58e-01, 5.92e-02, 1.21e-01]
16550 [-1.38e-01, 9.77e-03, 2.53e-01, -4.38e-01, -1.00e+00, 6.63e-01, -5.69e-01, -1.78e-01, -2.58e-01, 5.92e-02, 1.21e-01]
16600 [-1.38e-01, 9.77e-03, 2.53e-01, -4.37e-01, -1.00e+00, 6.62e-01, -5.69e-01, -1.78e-01, -2.59e-01, 5.92e-02, 1.21e-01]
16650 [-1.38e-01, 9.77e-03, 2.52e-01, -4.37e-01, -9.99e-01, 6.62e-01, -5.69e-01, -1.78e-01, -2.59e-01, 5.93e-02, 1.21e-01]
16700 [-1.38e-01, 9.77e-03, 2.52e-01, -4.36e-01, -9.97e-01, 6.62e-01, -5.69e-01, -1.78e-01, -2.60e-01, 5.93e-02, 1.21e-01]
16750 [-1.38e-01, 9.77e-03, 2.51e-01, -4.36e-01, -9.96e-01, 6.62e-01, -5.69e-01, -1.78e-01, -2.60e-01, 5.93e-02, 1.21e-01]
16800 [-1.38e-01, 9.77e-03, 2.50e-01, -4.35e-01, -9.94e-01, 6.61e-01, -5.69e-01, -1.78e-01, -2.61e-01, 5.93e-02, 1.21e-01]
16850 [-1.38e-01, 9.77e-03, 2.49e-01, -4.35e-01, -9.93e-01, 6.61e-01, -5.69e-01, -1.78e-01, -2.61e-01, 5.92e-02, 1.21e-01]
16900 [-1.38e-01, 9.77e-03, 2.49e-01, -4.34e-01, -7.41e-01, 6.61e-01, -5.69e-01, -1.78e-01, -2.61e-01, 5.92e-02, 1.21e-01]
16950 [-1.38e-01, 9.77e-03, 2.48e-01, -4.34e-01, -7.32e-01, 6.61e-01, -5.69e-01, -1.78e-01, -2.62e-01, 5.92e-02, 1.21e-01]
17000 [-1.38e-01, 9.77e-03, 2.47e-01, -4.34e-01, -7.31e-01, 6.61e-01, -5.69e-01, -1.78e-01, -2.62e-01, 5.92e-02, 1.21e-01]
17050 [-1.38e-01, 9.77e-03, 2.45e-01, -4.34e-01, -7.29e-01, 6.60e-01, -5.69e-01, -1.78e-01, -2.62e-01, 5.92e-02, 1.21e-01]
17100 [-1.38e-01, 9.77e-03, 2.44e-01, -4.33e-01, -7.28e-01, 6.60e-01, -5.69e-01, -1.78e-01, -2.63e-01, 5.71e-02, 1.21e-01]
17150 [-1.38e-01, 9.77e-03, 2.43e-01, -4.33e-01, -7.27e-01, 6.60e-01, -5.69e-01, -1.78e-01, -2.63e-01, 5.58e-02, 1.21e-01]
17200 [-1.38e-01, 9.77e-03, 2.42e-01, -4.33e-01, -7.25e-01, 6.60e-01, -5.69e-01, -1.78e-01, -2.63e-01, 5.57e-02, 1.21e-01]
17250 [-1.39e-01, 9.77e-03, 2.41e-01, -4.33e-01, -7.24e-01, 6.59e-01, -5.69e-01, -1.78e-01, -2.64e-01, 5.57e-02, 1.21e-01]
17300 [-1.39e-01, 9.77e-03, 2.40e-01, -4.33e-01, -7.22e-01, 6.59e-01, -5.69e-01, -1.78e-01, -2.64e-01, 5.57e-02, 1.21e-01]
17350 [-1.39e-01, 9.77e-03, 2.38e-01, -4.33e-01, -7.20e-01, 6.59e-01, -5.69e-01, -1.78e-01, -2.64e-01, 5.57e-02, 1.21e-01]
17400 [-1.39e-01, 9.77e-03, 2.37e-01, -4.33e-01, -7.19e-01, 6.59e-01, -5.69e-01, -1.78e-01, -2.65e-01, 5.57e-02, 1.21e-01]
17450 [-1.39e-01, 9.77e-03, 2.36e-01, -4.33e-01, -7.17e-01, 6.58e-01, -5.69e-01, -1.78e-01, -2.65e-01, 5.22e-02, 1.21e-01]
17500 [-1.39e-01, 9.77e-03, 2.34e-01, -4.33e-01, -7.15e-01, 6.58e-01, -5.69e-01, -1.78e-01, -2.65e-01, 5.16e-02, 1.21e-01]
17550 [-1.39e-01, 9.77e-03, 2.33e-01, -4.33e-01, -7.13e-01, 6.58e-01, -5.69e-01, -1.78e-01, -2.66e-01, 5.16e-02, 1.21e-01]
17600 [-1.39e-01, 9.77e-03, 2.32e-01, -4.33e-01, -7.11e-01, 6.57e-01, -5.69e-01, -1.78e-01, -2.66e-01, 5.16e-02, 1.21e-01]
17650 [-1.39e-01, 9.77e-03, 2.31e-01, -4.33e-01, -7.09e-01, 6.57e-01, -5.69e-01, -1.78e-01, -2.66e-01, 5.16e-02, 1.21e-01]
17700 [-1.39e-01, 9.77e-03, 2.30e-01, -4.33e-01, -7.07e-01, 6.57e-01, -5.69e-01, -1.78e-01, -2.67e-01, 5.16e-02, 1.21e-01]
17750 [-1.39e-01, 9.77e-03, 2.28e-01, -4.33e-01, -7.05e-01, 6.57e-01, -5.69e-01, -1.78e-01, -2.67e-01, 5.16e-02, 1.21e-01]
17800 [-1.39e-01, 9.77e-03, 2.27e-01, -4.33e-01, -7.03e-01, 6.56e-01, -5.69e-01, -1.78e-01, -2.68e-01, 4.85e-02, 1.21e-01]
17850 [-1.39e-01, 9.77e-03, 2.26e-01, -4.33e-01, -7.00e-01, 6.56e-01, -5.69e-01, -1.78e-01, -2.68e-01, 4.65e-02, 1.21e-01]
17900 [-1.39e-01, 9.77e-03, 2.25e-01, -4.33e-01, -6.98e-01, 6.56e-01, -5.69e-01, -1.78e-01, -2.68e-01, 4.65e-02, 1.21e-01]
17950 [-1.39e-01, 9.77e-03, 2.24e-01, -4.33e-01, -6.96e-01, 6.55e-01, -5.69e-01, -1.78e-01, -2.69e-01, 4.65e-02, 1.21e-01]
18000 [-1.39e-01, 9.77e-03, 2.23e-01, -4.33e-01, -6.93e-01, 6.55e-01, -5.69e-01, -1.78e-01, -2.69e-01, 4.65e-02, 1.21e-01]
18050 [-1.39e-01, 9.77e-03, 2.22e-01, -4.33e-01, -6.90e-01, 6.55e-01, -5.69e-01, -1.78e-01, -2.70e-01, 4.65e-02, 1.21e-01]
18100 [-1.39e-01, 9.77e-03, 2.21e-01, -4.33e-01, -6.88e-01, 6.54e-01, -5.69e-01, -1.78e-01, -2.70e-01, 4.66e-02, 1.21e-01]
18150 [-1.39e-01, 9.77e-03, 2.21e-01, -4.33e-01, -6.02e-01, 6.54e-01, -5.69e-01, -1.78e-01, -2.70e-01, 4.65e-02, 1.21e-01]
18200 [-1.39e-01, 9.77e-03, 2.20e-01, -4.33e-01, -5.04e-01, 6.53e-01, -5.69e-01, -1.78e-01, -2.71e-01, 4.35e-02, 1.21e-01]
18250 [-1.39e-01, 9.77e-03, 2.19e-01, -4.33e-01, -5.01e-01, 6.53e-01, -5.69e-01, -1.78e-01, -2.71e-01, 4.35e-02, 1.21e-01]
18300 [-1.39e-01, 9.77e-03, 2.18e-01, -4.33e-01, -4.99e-01, 6.53e-01, -5.69e-01, -1.78e-01, -2.71e-01, 4.35e-02, 1.21e-01]
18350 [-1.39e-01, 9.77e-03, 2.18e-01, -4.33e-01, -4.97e-01, 6.52e-01, -5.69e-01, -1.78e-01, -2.72e-01, 4.35e-02, 1.21e-01]
18400 [-1.39e-01, 9.77e-03, 2.17e-01, -4.33e-01, -4.95e-01, 6.52e-01, -5.69e-01, -1.78e-01, -2.72e-01, 4.15e-02, 1.21e-01]
18450 [-1.39e-01, 9.77e-03, 2.17e-01, -4.33e-01, -4.92e-01, 6.52e-01, -5.69e-01, -1.78e-01, -2.73e-01, 3.95e-02, 1.21e-01]
18500 [-1.39e-01, 9.77e-03, 2.17e-01, -4.33e-01, -4.90e-01, 6.51e-01, -5.69e-01, -1.78e-01, -2.73e-01, 3.95e-02, 1.21e-01]
18550 [-1.39e-01, 9.77e-03, 2.16e-01, -4.33e-01, -4.87e-01, 6.51e-01, -5.69e-01, -1.78e-01, -2.73e-01, 3.95e-02, 1.21e-01]
18600 [-1.39e-01, 9.77e-03, 2.16e-01, -4.33e-01, -4.85e-01, 6.50e-01, -5.69e-01, -1.78e-01, -2.74e-01, 3.95e-02, 1.21e-01]
18650 [-1.39e-01, 9.77e-03, 2.16e-01, -4.33e-01, -4.82e-01, 6.50e-01, -5.69e-01, -1.78e-01, -2.74e-01, 3.95e-02, 1.21e-01]
18700 [-1.39e-01, 9.77e-03, 2.16e-01, -4.33e-01, -4.79e-01, 6.49e-01, -5.69e-01, -1.78e-01, -2.75e-01, 3.54e-02, 1.21e-01]
18750 [-1.39e-01, 9.77e-03, 2.16e-01, -4.33e-01, -4.77e-01, 6.49e-01, -5.69e-01, -1.78e-01, -2.75e-01, 3.45e-02, 1.21e-01]
18800 [-1.39e-01, 9.77e-03, 2.16e-01, -4.33e-01, -4.74e-01, 6.49e-01, -5.69e-01, -1.78e-01, -2.76e-01, 3.45e-02, 1.21e-01]
18850 [-1.39e-01, 9.77e-03, 2.16e-01, -4.33e-01, -4.71e-01, 6.48e-01, -5.69e-01, -1.78e-01, -2.76e-01, 3.45e-02, 1.21e-01]
18900 [-1.39e-01, 9.77e-03, 2.16e-01, -4.33e-01, -4.67e-01, 6.48e-01, -5.69e-01, -1.78e-01, -2.77e-01, 3.45e-02, 1.21e-01]
18950 [-1.39e-01, 9.77e-03, 2.16e-01, -4.33e-01, -4.64e-01, 6.47e-01, -5.69e-01, -1.78e-01, -2.77e-01, 3.45e-02, 1.21e-01]
19000 [-1.39e-01, 9.77e-03, 2.16e-01, -4.34e-01, -4.61e-01, 6.47e-01, -5.69e-01, -1.78e-01, -2.78e-01, 3.43e-02, 1.21e-01]
19050 [-1.39e-01, 9.77e-03, 2.17e-01, -4.34e-01, -4.50e-01, 6.46e-01, -5.69e-01, -1.78e-01, -2.78e-01, 2.89e-02, 1.21e-01]
19100 [-1.39e-01, 9.77e-03, 2.17e-01, -4.34e-01, -4.28e-01, 6.46e-01, -5.69e-01, -1.78e-01, -2.79e-01, 2.88e-02, 1.21e-01]
19150 [-1.39e-01, 9.77e-03, 2.17e-01, -4.34e-01, -4.24e-01, 6.45e-01, -5.69e-01, -1.78e-01, -2.79e-01, 2.88e-02, 1.21e-01]
19200 [-1.39e-01, 9.77e-03, 2.17e-01, -4.34e-01, -4.20e-01, 6.45e-01, -5.69e-01, -1.78e-01, -2.80e-01, 2.87e-02, 1.21e-01]
19250 [-1.39e-01, 9.77e-03, 2.18e-01, -4.34e-01, -3.47e-01, 6.44e-01, -5.69e-01, -1.78e-01, -2.80e-01, 2.87e-02, 1.21e-01]
19300 [-1.39e-01, 9.77e-03, 2.18e-01, -4.34e-01, -3.42e-01, 6.44e-01, -5.69e-01, -1.78e-01, -2.81e-01, 2.86e-02, 1.21e-01]
19350 [-1.39e-01, 9.77e-03, 2.18e-01, -4.34e-01, -3.38e-01, 6.43e-01, -5.69e-01, -1.78e-01, -2.81e-01, 2.60e-02, 1.21e-01]
19400 [-1.39e-01, 9.77e-03, 2.18e-01, -4.34e-01, -3.35e-01, 6.43e-01, -5.69e-01, -1.78e-01, -2.82e-01, 2.49e-02, 1.21e-01]
19450 [-1.39e-01, 9.77e-03, 2.18e-01, -4.34e-01, -3.31e-01, 6.42e-01, -5.69e-01, -1.78e-01, -2.83e-01, 2.48e-02, 1.21e-01]
19500 [-1.39e-01, 9.77e-03, 2.18e-01, -4.34e-01, -3.27e-01, 6.42e-01, -5.69e-01, -1.78e-01, -2.83e-01, 2.48e-02, 1.21e-01]
19550 [-1.39e-01, 9.77e-03, 2.18e-01, -4.34e-01, -3.24e-01, 6.41e-01, -5.69e-01, -1.78e-01, -2.84e-01, 2.47e-02, 1.21e-01]
19600 [-1.39e-01, 9.77e-03, 2.18e-01, -4.33e-01, -2.86e-01, 6.41e-01, -5.69e-01, -1.78e-01, -2.85e-01, 2.07e-02, 1.21e-01]
19650 [-1.39e-01, 9.77e-03, 2.18e-01, -4.33e-01, -2.29e-01, 6.40e-01, -5.69e-01, -1.78e-01, -2.85e-01, 1.94e-02, 1.21e-01]
19700 [-1.39e-01, 9.77e-03, 2.17e-01, -4.33e-01, -2.26e-01, 6.40e-01, -5.69e-01, -1.78e-01, -2.86e-01, 1.93e-02, 1.21e-01]
19750 [-1.39e-01, 9.77e-03, 2.17e-01, -4.32e-01, -2.22e-01, 6.39e-01, -5.69e-01, -1.78e-01, -2.87e-01, 1.91e-02, 1.21e-01]
19800 [-1.39e-01, 9.77e-03, 2.16e-01, -4.32e-01, -2.19e-01, 6.39e-01, -5.69e-01, -1.78e-01, -2.88e-01, 1.90e-02, 1.21e-01]
19850 [-1.39e-01, 9.77e-03, 2.15e-01, -4.32e-01, -2.15e-01, 6.38e-01, -5.69e-01, -1.78e-01, -2.89e-01, 1.88e-02, 1.21e-01]
19900 [-1.39e-01, 9.77e-03, 2.14e-01, -4.31e-01, -2.11e-01, 6.38e-01, -5.69e-01, -1.78e-01, -2.90e-01, 1.86e-02, 1.21e-01]
19950 [-1.39e-01, 9.77e-03, 2.12e-01, -4.30e-01, -2.07e-01, 6.37e-01, -5.69e-01, -1.78e-01, -2.91e-01, 1.39e-02, 1.21e-01]
20000 [-1.39e-01, 9.77e-03, 2.10e-01, -4.30e-01, -1.71e-01, 6.37e-01, -5.69e-01, -1.78e-01, -2.92e-01, 1.33e-02, 1.21e-01]
20000 [-1.39e-01, 9.77e-03, 2.10e-01, -4.30e-01, -1.71e-01, 6.37e-01, -5.69e-01, -1.78e-01, -2.92e-01, 1.33e-02, 1.21e-01]
20050 [-8.38e-02, -2.57e-02, 1.54e-01, -3.28e-01, -7.54e-02, 4.93e-01, -6.25e-01, -2.37e-01, -3.62e-01, -3.80e-02, 1.77e-01]
20100 [-5.63e-02, -2.62e-02, 1.31e-01, -2.94e-01, -6.31e-02, 4.82e-01, -6.25e-01, -2.42e-01, -3.68e-01, -4.77e-02, 1.82e-01]
20150 [-4.48e-02, -2.62e-02, 1.33e-01, -2.91e-01, -5.68e-02, 4.80e-01, -6.25e-01, -2.44e-01, -3.79e-01, -5.60e-02, 1.84e-01]
20200 [7.78e-03, -2.62e-02, 1.76e-01, -2.17e-01, -8.48e-02, 4.74e-01, -6.25e-01, -2.63e-01, -3.91e-01, -3.71e-02, 1.83e-01]
20250 [4.68e-02, -2.62e-02, 2.24e-01, -1.33e-01, -8.55e-02, 4.53e-01, -6.25e-01, -2.85e-01, -3.91e-01, 5.96e-03, 1.84e-01]
20300 [4.41e-02, -2.60e-02, 2.62e-01, -1.27e-01, -8.82e-02, 4.41e-01, -6.25e-01, -2.85e-01, -3.86e-01, 5.55e-03, 1.86e-01]
20350 [4.42e-02, -2.59e-02, 2.92e-01, -1.26e-01, -8.49e-02, 4.42e-01, -6.25e-01, -2.85e-01, -3.82e-01, 4.68e-03, 1.86e-01]
20400 [4.48e-02, -2.57e-02, 3.22e-01, -1.25e-01, -8.01e-02, 4.44e-01, -6.25e-01, -2.86e-01, -3.79e-01, 3.70e-03, 1.86e-01]
20450 [4.62e-02, -2.56e-02, 3.52e-01, -1.25e-01, -7.46e-02, 4.45e-01, -6.25e-01, -2.86e-01, -3.74e-01, 2.71e-03, 1.86e-01]
20500 [4.93e-02, -2.54e-02, 3.81e-01, -1.25e-01, -6.92e-02, 4.47e-01, -6.25e-01, -2.85e-01, -3.69e-01, 1.77e-03, 1.86e-01]
20550 [5.47e-02, -2.52e-02, 4.10e-01, -1.25e-01, -6.52e-02, 4.50e-01, -6.25e-01, -2.85e-01, -3.64e-01, 9.86e-04, 1.85e-01]
20600 [6.18e-02, -2.50e-02, 4.37e-01, -1.26e-01, -6.16e-02, 4.52e-01, -6.25e-01, -2.85e-01, -3.58e-01, 1.57e-04, 1.85e-01]
20650 [7.04e-02, -2.48e-02, 4.62e-01, -1.28e-01, -5.82e-02, 4.55e-01, -6.25e-01, -2.85e-01, -3.52e-01, -7.71e-04, 1.85e-01]
20700 [8.06e-02, -2.46e-02, 4.86e-01, -1.29e-01, -5.47e-02, 4.59e-01, -6.25e-01, -2.85e-01, -3.46e-01, -1.79e-03, 1.85e-01]
20750 [9.23e-02, -2.44e-02, 5.08e-01, -1.30e-01, -5.14e-02, 4.62e-01, -6.25e-01, -2.84e-01, -3.40e-01, -2.91e-03, 1.85e-01]
20800 [1.06e-01, -2.42e-02, 5.27e-01, -1.31e-01, -4.83e-02, 4.67e-01, -6.25e-01, -2.83e-01, -3.35e-01, -4.08e-03, 1.85e-01]
20850 [1.21e-01, -2.40e-02, 5.45e-01, -1.32e-01, -4.56e-02, 4.71e-01, -6.25e-01, -2.83e-01, -3.30e-01, -5.28e-03, 1.85e-01]
20900 [1.37e-01, -2.38e-02, 5.61e-01, -1.34e-01, -4.32e-02, 4.76e-01, -6.25e-01, -2.82e-01, -3.25e-01, -6.45e-03, 1.85e-01]
20950 [1.55e-01, -2.36e-02, 5.74e-01, -1.35e-01, -4.13e-02, 4.81e-01, -6.25e-01, -2.81e-01, -3.21e-01, -7.56e-03, 1.86e-01]
21000 [1.73e-01, -2.34e-02, 5.85e-01, -1.35e-01, -3.98e-02, 4.85e-01, -6.25e-01, -2.80e-01, -3.18e-01, -8.62e-03, 1.86e-01]
21050 [1.88e-01, -2.32e-02, 5.95e-01, -1.34e-01, -3.88e-02, 4.88e-01, -6.25e-01, -2.79e-01, -3.15e-01, -9.57e-03, 1.87e-01]
21100 [1.95e-01, -2.30e-02, 6.04e-01, -1.33e-01, -3.84e-02, 4.91e-01, -6.25e-01, -2.77e-01, -3.13e-01, -1.03e-02, 1.89e-01]
21150 [1.90e-01, -2.27e-02, 6.13e-01, -1.29e-01, -3.85e-02, 4.93e-01, -6.25e-01, -2.76e-01, -3.11e-01, -1.10e-02, 1.90e-01]
21200 [1.55e-01, -2.25e-02, 6.24e-01, -1.24e-01, -3.94e-02, 4.87e-01, -6.25e-01, -2.74e-01, -3.08e-01, -1.19e-02, 1.91e-01]
21250 [1.65e-01, -2.23e-02, 6.33e-01, -1.23e-01, -4.00e-02, 4.89e-01, -6.25e-01, -2.73e-01, -3.05e-01, -1.20e-02, 1.92e-01]
21300 [1.86e-01, -2.20e-02, 6.39e-01, -1.23e-01, -4.00e-02, 4.96e-01, -6.25e-01, -2.72e-01, -3.03e-01, -1.23e-02, 1.93e-01]
21350 [2.01e-01, -2.18e-02, 6.42e-01, -1.23e-01, -4.01e-02, 5.03e-01, -6.25e-01, -2.71e-01, -3.00e-01, -1.26e-02, 1.94e-01]
21400 [6.91e-02, -2.15e-02, 6.66e-01, -1.15e-01, -4.69e-02, 4.50e-01, -6.25e-01, -2.66e-01, -2.91e-01, -9.38e-03, 1.97e-01]
21450 [8.16e-02, -2.12e-02, 6.73e-01, -1.18e-01, -4.45e-02, 4.59e-01, -6.25e-01, -2.65e-01, -2.83e-01, -1.00e-02, 1.97e-01]
21500 [9.64e-02, -2.09e-02, 6.80e-01, -1.20e-01, -4.30e-02, 4.70e-01, -6.25e-01, -2.65e-01, -2.77e-01, -1.06e-02, 1.97e-01]
21550 [1.12e-01, -2.07e-02, 6.85e-01, -1.22e-01, -4.19e-02, 4.80e-01, -6.25e-01, -2.64e-01, -2.71e-01, -1.11e-02, 1.97e-01]
21600 [1.30e-01, -2.04e-02, 6.89e-01, -1.24e-01, -4.09e-02, 4.91e-01, -6.25e-01, -2.64e-01, -2.66e-01, -1.15e-02, 1.98e-01]
21650 [1.48e-01, -2.01e-02, 6.92e-01, -1.26e-01, -4.02e-02, 5.01e-01, -6.25e-01, -2.63e-01, -2.62e-01, -1.18e-02, 1.98e-01]
21700 [1.68e-01, -1.98e-02, 6.93e-01, -1.26e-01, -3.97e-02, 5.12e-01, -6.25e-01, -2.62e-01, -2.59e-01, -1.22e-02, 1.99e-01]
21750 [1.89e-01, -1.95e-02, 6.93e-01, -1.26e-01, -3.94e-02, 5.22e-01, -6.25e-01, -2.61e-01, -2.56e-01, -1.24e-02, 2.01e-01]
21800 [-2.27e-02, -1.92e-02, 7.18e-01, -7.78e-02, -1.53e-02, 2.06e-01, -6.25e-01, -2.39e-01, -2.33e-01, 7.04e-03, 2.04e-01]
21850 [-1.66e-02, -1.88e-02, 6.83e-01, -7.03e-02, -9.09e-04, 2.23e-01, -6.25e-01, -2.38e-01, -2.15e-01, 5.97e-03, 2.02e-01]
21900 [-2.41e-02, -1.84e-02, 6.57e-01, -7.06e-02, 4.33e-03, 2.47e-01, -6.25e-01, -2.38e-01, -1.99e-01, 4.56e-03, 2.00e-01]
21950 [-3.48e-02, -1.80e-02, 6.42e-01, -7.10e-02, 9.32e-03, 2.70e-01, -6.25e-01, -2.38e-01, -1.82e-01, 3.42e-03, 1.98e-01]
22000 [-4.83e-02, -1.75e-02, 6.33e-01, -7.16e-02, 1.42e-02, 2.92e-01, -6.25e-01, -2.38e-01, -1.65e-01, 2.66e-03, 1.96e-01]
22050 [-6.45e-02, -1.71e-02, 6.28e-01, -7.23e-02, 1.92e-02, 3.12e-01, -6.25e-01, -2.39e-01, -1.48e-01, 2.36e-03, 1.94e-01]
22100 [-8.29e-02, -1.66e-02, 6.27e-01, -7.28e-02, 2.46e-02, 3.31e-01, -6.25e-01, -2.39e-01, -1.31e-01, 2.58e-03, 1.92e-01]
22150 [-1.03e-01, -1.62e-02, 6.27e-01, -7.31e-02, 3.04e-02, 3.49e-01, -6.25e-01, -2.39e-01, -1.14e-01, 3.34e-03, 1.91e-01]
22200 [-1.24e-01, -1.57e-02, 6.27e-01, -7.30e-02, 3.68e-02, 3.67e-01, -6.25e-01, -2.39e-01, -9.79e-02, 4.61e-03, 1.89e-01]
22250 [-1.45e-01, -1.52e-02, 6.28e-01, -7.27e-02, 4.35e-02, 3.84e-01, -6.25e-01, -2.38e-01, -8.16e-02, 6.35e-03, 1.87e-01]
22300 [-1.68e-01, -1.48e-02, 6.28e-01, -7.23e-02, 5.06e-02, 4.00e-01, -6.25e-01, -2.38e-01, -6.55e-02, 8.48e-03, 1.86e-01]
22350 [-1.90e-01, -1.43e-02, 6.28e-01, -7.18e-02, 5.80e-02, 4.16e-01, -6.25e-01, -2.38e-01, -4.96e-02, 1.09e-02, 1.85e-01]
22400 [1.74e-01, -1.38e-02, 6.31e-01, 7.43e-02, -2.84e-02, 3.56e-01, -6.25e-01, -1.48e-01, -8.58e-02, -3.27e-02, 1.93e-01]
22450 [1.71e-01, -1.33e-02, 6.36e-01, 6.88e-02, -2.02e-02, 3.71e-01, -6.25e-01, -1.47e-01, -9.09e-02, -2.51e-02, 1.94e-01]
22500 [1.75e-01, -1.28e-02, 6.43e-01, 6.77e-02, -1.35e-02, 3.92e-01, -6.25e-01, -1.46e-01, -9.30e-02, -2.34e-02, 1.94e-01]
22550 [1.80e-01, -1.22e-02, 6.50e-01, 6.64e-02, -7.22e-03, 4.12e-01, -6.25e-01, -1.46e-01, -9.50e-02, -2.15e-02, 1.95e-01]
22600 [1.87e-01, -1.17e-02, 6.58e-01, 6.50e-02, -1.70e-03, 4.31e-01, -6.25e-01, -1.46e-01, -9.63e-02, -1.91e-02, 1.95e-01]
22650 [1.96e-01, -1.12e-02, 6.64e-01, 6.34e-02, 2.65e-03, 4.51e-01, -6.25e-01, -1.46e-01, -9.60e-02, -1.64e-02, 1.95e-01]
22700 [2.09e-01, -1.07e-02, 6.67e-01, 6.14e-02, 5.36e-03, 4.69e-01, -6.25e-01, -1.46e-01, -9.33e-02, -1.35e-02, 1.95e-01]
22750 [-3.94e-02, -1.01e-02, 6.47e-01, -8.33e-02, 6.21e-03, 1.08e-01, -6.25e-01, -1.30e-01, -2.59e-01, -1.54e-02, 1.96e-01]
22800 [-3.96e-02, -9.44e-03, 5.98e-01, -8.61e-02, 6.28e-03, 1.25e-01, -6.25e-01, -1.30e-01, -2.55e-01, -1.55e-02, 1.95e-01]
22850 [-5.16e-02, -8.72e-03, 5.66e-01, -8.70e-02, 6.64e-03, 1.51e-01, -6.25e-01, -1.30e-01, -2.42e-01, -1.55e-02, 1.93e-01]
22900 [-7.15e-02, -7.97e-03, 5.46e-01, -8.46e-02, 7.58e-03, 1.80e-01, -6.25e-01, -1.31e-01, -2.18e-01, -1.51e-02, 1.90e-01]
22950 [-9.70e-02, -7.20e-03, 5.35e-01, -7.94e-02, 9.03e-03, 2.11e-01, -6.25e-01, -1.31e-01, -1.86e-01, -1.42e-02, 1.87e-01]
23000 [-1.26e-01, -6.41e-03, 5.29e-01, -7.26e-02, 1.12e-02, 2.41e-01, -6.25e-01, -1.30e-01, -1.51e-01, -1.28e-02, 1.82e-01]
23050 [-1.56e-01, -5.63e-03, 5.25e-01, -6.58e-02, 1.41e-02, 2.69e-01, -6.25e-01, -1.30e-01, -1.16e-01, -1.05e-02, 1.79e-01]
23100 [-1.86e-01, -4.85e-03, 5.22e-01, -6.02e-02, 1.76e-02, 2.95e-01, -6.25e-01, -1.29e-01, -8.33e-02, -7.44e-03, 1.76e-01]
23150 [-2.15e-01, -4.07e-03, 5.19e-01, -5.62e-02, 2.12e-02, 3.19e-01, -6.25e-01, -1.28e-01, -5.47e-02, -3.87e-03, 1.75e-01]
23200 [1.67e-01, -3.41e-03, 5.25e-01, 1.22e-01, -3.18e-02, 2.43e-01, -6.25e-01, 4.56e-03, -1.10e-01, -5.18e-03, 1.85e-01]
23250 [1.66e-01, -2.56e-03, 5.45e-01, 6.83e-02, -2.68e-02, 2.21e-01, -6.25e-01, 2.52e-02, -1.61e-01, -4.58e-03, 1.90e-01]
23300 [1.82e-01, -1.74e-03, 5.52e-01, 6.77e-02, -2.77e-02, 2.48e-01, -6.25e-01, 2.51e-02, -1.71e-01, -3.43e-03, 1.91e-01]
23350 [2.01e-01, -9.19e-04, 5.58e-01, 6.76e-02, -2.92e-02, 2.76e-01, -6.25e-01, 2.49e-02, -1.77e-01, -2.45e-03, 1.91e-01]
23400 [2.22e-01, -1.15e-04, 5.56e-01, 6.39e-02, -3.31e-02, 3.03e-01, -6.25e-01, 2.53e-02, -1.76e-01, -1.66e-03, 1.90e-01]
23450 [2.45e-01, 6.94e-04, 5.47e-01, 5.40e-02, -4.08e-02, 3.29e-01, -6.25e-01, 2.71e-02, -1.61e-01, -3.56e-04, 1.88e-01]
23500 [1.36e-01, 1.49e-03, 5.38e-01, -3.17e-02, -3.78e-02, 3.28e-01, -6.25e-01, 3.43e-02, -1.66e-01, 1.03e-03, 1.86e-01]
23550 [1.09e-01, 2.33e-03, 5.53e-01, -6.11e-02, -3.73e-02, 3.08e-01, -6.25e-01, 3.71e-02, -1.65e-01, 1.77e-03, 1.85e-01]
23600 [1.37e-01, 3.20e-03, 5.63e-01, -6.30e-02, -3.88e-02, 3.38e-01, -6.25e-01, 3.87e-02, -1.53e-01, 1.86e-03, 1.83e-01]
23650 [1.64e-01, 4.06e-03, 5.69e-01, -6.42e-02, -3.96e-02, 3.67e-01, -6.25e-01, 4.06e-02, -1.42e-01, 2.31e-03, 1.82e-01]
23700 [1.90e-01, 4.90e-03, 5.72e-01, -6.51e-02, -4.04e-02, 3.94e-01, -6.25e-01, 4.29e-02, -1.30e-01, 3.19e-03, 1.82e-01]
23750 [1.94e-01, 5.74e-03, 5.72e-01, -7.43e-02, -3.98e-03, 3.23e-01, -6.25e-01, 4.55e-02, -1.44e-01, -3.70e-02, 1.83e-01]
23800 [8.00e-02, 6.69e-03, 5.43e-01, -8.44e-02, 1.86e-02, 1.72e-01, -6.25e-01, 4.72e-02, -1.83e-01, -4.77e-02, 1.86e-01]
23850 [1.15e-01, 7.78e-03, 5.20e-01, -8.59e-02, 1.60e-02, 2.09e-01, -6.25e-01, 4.79e-02, -1.74e-01, -4.73e-02, 1.84e-01]
23900 [1.53e-01, 8.89e-03, 5.09e-01, -8.82e-02, 1.36e-02, 2.46e-01, -6.25e-01, 4.95e-02, -1.60e-01, -4.73e-02, 1.82e-01]
23950 [1.92e-01, 9.97e-03, 5.01e-01, -9.24e-02, 1.02e-02, 2.80e-01, -6.25e-01, 5.24e-02, -1.43e-01, -4.65e-02, 1.81e-01]
24000 [2.29e-01, 1.10e-02, 4.92e-01, -9.77e-02, 5.36e-03, 3.10e-01, -6.25e-01, 5.67e-02, -1.27e-01, -4.48e-02, 1.81e-01]
24050 [2.65e-01, 1.20e-02, 4.81e-01, -1.03e-01, -1.11e-03, 3.37e-01, -6.25e-01, 6.22e-02, -1.13e-01, -4.23e-02, 1.81e-01]
24100 [-1.19e-01, 1.31e-02, 5.05e-01, -3.87e-02, -5.00e-03, 8.72e-02, -6.25e-01, 4.79e-02, -2.02e-01, 7.42e-03, 1.81e-01]
24150 [-1.41e-01, 1.44e-02, 4.67e-01, -3.84e-02, -2.38e-03, 1.05e-01, -6.25e-01, 4.75e-02, -1.80e-01, 4.16e-03, 1.80e-01]
24200 [-1.82e-01, 1.57e-02, 4.17e-01, -3.20e-02, -3.00e-03, 1.23e-01, -6.25e-01, 4.82e-02, -1.56e-01, 1.70e-03, 1.80e-01]
24250 [-2.23e-01, 1.70e-02, 3.75e-01, -1.44e-02, -2.51e-03, 1.43e-01, -6.25e-01, 5.18e-02, -1.31e-01, 1.39e-03, 1.79e-01]
24300 [-2.62e-01, 1.83e-02, 3.42e-01, 6.49e-03, -1.72e-03, 1.64e-01, -6.25e-01, 5.76e-02, -1.10e-01, 3.39e-04, 1.79e-01]
24350 [-7.01e-02, 1.96e-02, 3.27e-01, 1.06e-01, -7.05e-02, 1.72e-01, -6.25e-01, 7.08e-02, -9.83e-02, 3.48e-04, 1.80e-01]
24400 [-7.38e-02, 2.12e-02, 4.30e-01, 7.76e-02, -7.24e-02, 1.76e-01, -6.25e-01, 6.54e-02, -1.04e-01, -1.42e-03, 1.82e-01]
24450 [-1.25e-01, 2.27e-02, 4.58e-01, 4.31e-02, -3.94e-02, 2.14e-01, -6.25e-01, 6.05e-02, -1.08e-01, -2.55e-03, 1.84e-01]
24500 [-1.70e-01, 2.41e-02, 4.48e-01, 1.95e-02, -3.70e-02, 2.52e-01, -6.25e-01, 5.74e-02, -1.04e-01, -1.71e-05, 1.86e-01]
24550 [-2.10e-01, 2.54e-02, 4.35e-01, 6.82e-03, -1.32e-03, 2.86e-01, -6.25e-01, 5.73e-02, -9.36e-02, 1.54e-03, 1.89e-01]
24600 [-2.46e-01, 2.67e-02, 4.21e-01, 1.61e-03, 5.88e-03, 3.15e-01, -6.25e-01, 5.94e-02, -8.08e-02, 3.72e-03, 1.92e-01]
24650 [-2.78e-01, 2.80e-02, 4.09e-01, -5.56e-06, 5.79e-03, 3.40e-01, -6.25e-01, 6.31e-02, -6.77e-02, 5.91e-03, 1.94e-01]
24700 [-6.73e-05, 2.93e-02, 4.30e-01, 1.42e-01, 6.66e-03, -6.90e-02, -6.25e-01, 5.93e-02, -1.53e-01, -5.95e-02, 1.81e-01]
24750 [-1.35e-02, 3.09e-02, 5.84e-01, 1.22e-01, 9.62e-04, -1.26e-01, -6.25e-01, 5.81e-02, -3.14e-02, -6.57e-02, 1.95e-01]
24800 [-4.21e-02, 3.21e-02, 7.07e-01, 9.97e-02, -2.85e-03, -1.96e-01, -6.25e-01, 5.82e-02, 8.99e-02, -6.80e-02, 2.27e-01]
24850 [-6.76e-02, 3.31e-02, 7.99e-01, 8.85e-02, -7.47e-03, -2.51e-01, -6.25e-01, 6.14e-02, 1.27e-01, -6.66e-02, 2.60e-01]
24900 [-8.17e-02, 3.38e-02, 8.64e-01, 7.69e-02, 6.69e-03, -2.90e-01, -6.25e-01, 6.33e-02, 1.21e-01, 1.72e-02, 3.00e-01]
24950 [-9.10e-02, 3.45e-02, 9.12e-01, 6.34e-02, 1.32e-02, -3.20e-01, -6.25e-01, 6.46e-02, 1.30e-01, 1.76e-02, 3.57e-01]
25000 [-9.62e-02, 3.51e-02, 9.32e-01, 5.73e-02, 2.49e-02, -2.84e-01, -6.25e-01, 6.54e-02, 1.02e-01, -5.97e-03, 3.94e-01]
25000 [-9.62e-02, 3.51e-02, 9.32e-01, 5.73e-02, 2.49e-02, -2.84e-01, -6.25e-01, 6.54e-02, 1.02e-01, -5.97e-03, 3.94e-01]
25050 [1.61e-02, 8.14e-03, 7.38e-01, 5.27e-02, -2.97e-02, -1.60e-01, -6.80e-01, 6.13e-02, 9.32e-02, -1.95e-02, 3.08e-01]
25100 [2.35e-02, 7.43e-03, 7.19e-01, 5.28e-02, -2.58e-02, -1.53e-01, -6.81e-01, 6.03e-02, 8.45e-02, -1.95e-02, 3.07e-01]
25150 [2.99e-02, 7.54e-03, 7.16e-01, 5.92e-02, -2.54e-02, -1.57e-01, -6.81e-01, 5.69e-02, 8.41e-02, -1.96e-02, 3.07e-01]
25200 [3.21e-02, 8.51e-03, 7.20e-01, 6.50e-02, -2.18e-02, -1.62e-01, -6.81e-01, 5.59e-02, 8.55e-02, -1.96e-02, 3.07e-01]
25250 [3.26e-02, 1.06e-02, 7.30e-01, 6.80e-02, -2.14e-02, -1.68e-01, -6.81e-01, 5.58e-02, 8.52e-02, -1.95e-02, 3.07e-01]
25300 [3.34e-02, 1.30e-02, 7.41e-01, 6.97e-02, -2.29e-02, -1.74e-01, -6.81e-01, 5.57e-02, 8.48e-02, -1.95e-02, 3.07e-01]
25350 [3.41e-02, 1.57e-02, 7.53e-01, 7.09e-02, -2.29e-02, -1.81e-01, -6.81e-01, 5.56e-02, 8.76e-02, -1.96e-02, 3.07e-01]
25400 [3.47e-02, 1.86e-02, 7.66e-01, 7.09e-02, -2.26e-02, -1.88e-01, -6.81e-01, 5.55e-02, 9.36e-02, -1.98e-02, 3.08e-01]
25450 [3.49e-02, 2.16e-02, 7.81e-01, 7.08e-02, -1.97e-02, -1.96e-01, -6.81e-01, 5.54e-02, 1.06e-01, -2.01e-02, 3.09e-01]
25500 [3.48e-02, 2.47e-02, 7.96e-01, 7.07e-02, -1.65e-02, -2.04e-01, -6.81e-01, 5.54e-02, 1.19e-01, -2.04e-02, 3.11e-01]
25550 [3.47e-02, 2.77e-02, 8.11e-01, 7.05e-02, -1.36e-02, -2.11e-01, -6.81e-01, 5.53e-02, 1.30e-01, -2.06e-02, 3.13e-01]
25600 [3.44e-02, 3.08e-02, 8.27e-01, 7.04e-02, -1.16e-02, -2.20e-01, -6.81e-01, 5.53e-02, 1.38e-01, -2.07e-02, 3.14e-01]
25650 [3.41e-02, 3.38e-02, 8.42e-01, 7.01e-02, -1.08e-02, -2.28e-01, -6.81e-01, 5.53e-02, 1.42e-01, -2.08e-02, 3.15e-01]
25700 [3.36e-02, 3.68e-02, 8.57e-01, 6.97e-02, -1.16e-02, -2.36e-01, -6.81e-01, 5.53e-02, 1.41e-01, -2.07e-02, 3.15e-01]
25750 [3.32e-02, 3.98e-02, 8.71e-01, 6.88e-02, -1.42e-02, -2.44e-01, -6.81e-01, 5.52e-02, 1.34e-01, -2.06e-02, 3.14e-01]
25800 [3.27e-02, 4.26e-02, 8.84e-01, 6.80e-02, -1.63e-02, -2.53e-01, -6.81e-01, 5.52e-02, 1.25e-01, -2.03e-02, 3.12e-01]
25850 [3.22e-02, 4.56e-02, 8.97e-01, 6.64e-02, -1.81e-02, -2.61e-01, -6.81e-01, 5.52e-02, 1.21e-01, -1.99e-02, 3.11e-01]
25900 [3.16e-02, 4.85e-02, 9.10e-01, 6.48e-02, -1.83e-02, -2.69e-01, -6.81e-01, 5.52e-02, 1.18e-01, -1.95e-02, 3.10e-01]
25950 [3.09e-02, 5.14e-02, 9.22e-01, 6.28e-02, -1.77e-02, -2.77e-01, -6.81e-01, 5.52e-02, 1.19e-01, -1.90e-02, 3.10e-01]
26000 [3.03e-02, 5.44e-02, 9.34e-01, 6.02e-02, -1.70e-02, -2.85e-01, -6.81e-01, 5.52e-02, 1.22e-01, -1.85e-02, 3.11e-01]
26050 [2.97e-02, 5.72e-02, 9.45e-01, 5.76e-02, -1.51e-02, -2.92e-01, -6.81e-01, 5.51e-02, 1.25e-01, -1.80e-02, 3.11e-01]
26100 [2.90e-02, 6.00e-02, 9.55e-01, 5.43e-02, -1.36e-02, -3.00e-01, -6.81e-01, 5.51e-02, 1.29e-01, -1.75e-02, 3.13e-01]
26150 [2.84e-02, 6.28e-02, 9.65e-01, 5.11e-02, -1.09e-02, -3.08e-01, -6.81e-01, 5.51e-02, 1.32e-01, -1.71e-02, 3.14e-01]
26200 [2.78e-02, 6.55e-02, 9.75e-01, 4.73e-02, -8.98e-03, -3.15e-01, -6.81e-01, 5.50e-02, 1.38e-01, -1.66e-02, 3.16e-01]
26250 [2.73e-02, 6.81e-02, 9.83e-01, 4.35e-02, -6.31e-03, -3.23e-01, -6.81e-01, 5.50e-02, 1.40e-01, -1.62e-02, 3.18e-01]
26300 [2.66e-02, 7.08e-02, 9.92e-01, 3.95e-02, -2.75e-03, -3.30e-01, -6.81e-01, 5.49e-02, 1.44e-01, -1.58e-02, 3.20e-01]
26350 [2.60e-02, 7.34e-02, 1.00e+00, 3.51e-02, 3.52e-04, -3.37e-01, -6.81e-01, 5.48e-02, 1.49e-01, -1.54e-02, 3.23e-01]
26400 [2.55e-02, 7.60e-02, 1.01e+00, 3.05e-02, 2.62e-03, -3.44e-01, -6.81e-01, 5.48e-02, 1.53e-01, -1.49e-02, 3.26e-01]
26450 [2.51e-02, 7.86e-02, 1.02e+00, 2.58e-02, 4.38e-03, -3.50e-01, -6.81e-01, 5.47e-02, 1.56e-01, -1.42e-02, 3.29e-01]
26500 [2.50e-02, 8.11e-02, 1.02e+00, 2.13e-02, 3.70e-03, -3.47e-01, -6.81e-01, 5.46e-02, 1.58e-01, -1.29e-02, 3.32e-01]
26550 [2.51e-02, 8.36e-02, 1.02e+00, 1.71e-02, 1.66e-05, -3.30e-01, -6.81e-01, 5.45e-02, 1.57e-01, -1.13e-02, 3.35e-01]
26600 [2.47e-02, 8.62e-02, 1.03e+00, 1.33e-02, 3.76e-03, -3.38e-01, -6.81e-01, 5.44e-02, 1.55e-01, -1.11e-02, 3.38e-01]
26650 [2.41e-02, 8.87e-02, 1.02e+00, 9.00e-03, -1.95e-03, -3.15e-01, -6.81e-01, 5.44e-02, 1.57e-01, -8.93e-03, 3.41e-01]
26700 [2.36e-02, 9.13e-02, 1.02e+00, 5.35e-03, -1.03e-02, -2.94e-01, -6.81e-01, 5.44e-02, 1.41e-01, -6.49e-03, 3.41e-01]
26750 [2.31e-02, 9.42e-02, 1.02e+00, 2.15e-03, -5.81e-03, -3.06e-01, -6.81e-01, 5.44e-02, 1.37e-01, -6.69e-03, 3.43e-01]
26800 [2.25e-02, 9.71e-02, 1.02e+00, -1.96e-03, -1.42e-03, -3.17e-01, -6.81e-01, 5.43e-02, 1.40e-01, -6.76e-03, 3.46e-01]
26850 [2.19e-02, 9.99e-02, 1.03e+00, -6.47e-03, 3.33e-04, -3.28e-01, -6.81e-01, 5.43e-02, 1.44e-01, -5.68e-03, 3.50e-01]
26900 [1.94e-02, 1.02e-01, 1.01e+00, -1.07e-02, -1.45e-02, -2.71e-01, -6.81e-01, 5.45e-02, 1.45e-01, -4.42e-04, 3.52e-01]
26950 [1.57e-02, 1.05e-01, 1.00e+00, -1.16e-02, -1.48e-02, -2.62e-01, -6.81e-01, 5.48e-02, 1.21e-01, 2.25e-03, 3.50e-01]
27000 [1.48e-02, 1.08e-01, 1.00e+00, -1.22e-02, -3.32e-03, -2.79e-01, -6.81e-01, 5.49e-02, 1.16e-01, 2.43e-03, 3.50e-01]
27050 [1.34e-02, 1.12e-01, 1.00e+00, -1.27e-02, 3.55e-03, -2.95e-01, -6.81e-01, 5.49e-02, 1.23e-01, 2.91e-03, 3.54e-01]
27100 [1.18e-02, 1.15e-01, 1.01e+00, -1.32e-02, 1.03e-02, -3.09e-01, -6.81e-01, 5.50e-02, 1.29e-01, 3.47e-03, 3.58e-01]
27150 [1.01e-02, 1.18e-01, 1.01e+00, -1.38e-02, 1.32e-02, -3.22e-01, -6.81e-01, 5.50e-02, 1.34e-01, 4.03e-03, 3.62e-01]
27200 [9.25e-03, 1.20e-01, 9.76e-01, -1.32e-02, -1.41e-02, -2.27e-01, -6.81e-01, 5.54e-02, 1.27e-01, 5.27e-03, 3.62e-01]
27250 [9.94e-03, 1.23e-01, 9.64e-01, -1.43e-02, -1.28e-02, -2.38e-01, -6.81e-01, 5.56e-02, 8.98e-02, 4.90e-03, 3.54e-01]
27300 [8.12e-03, 1.27e-01, 9.65e-01, -1.46e-02, -1.28e-02, -2.60e-01, -6.81e-01, 5.57e-02, 9.44e-02, 5.33e-03, 3.56e-01]
27350 [6.55e-03, 1.31e-01, 9.69e-01, -1.58e-02, -1.50e-02, -2.80e-01, -6.81e-01, 5.59e-02, 1.02e-01, 5.86e-03, 3.60e-01]
27400 [5.10e-03, 1.34e-01, 9.76e-01, -1.74e-02, -1.84e-02, -2.97e-01, -6.81e-01, 5.61e-02, 1.10e-01, 6.29e-03, 3.65e-01]
27450 [3.73e-03, 1.38e-01, 9.83e-01, -1.90e-02, 5.50e-03, -3.13e-01, -6.81e-01, 5.65e-02, 1.17e-01, 4.48e-03, 3.71e-01]
27500 [4.17e-03, 1.41e-01, 9.71e-01, -2.07e-02, -6.98e-03, -2.76e-01, -6.81e-01, 5.66e-02, 1.16e-01, 9.47e-03, 3.74e-01]
27550 [2.80e-03, 1.44e-01, 9.75e-01, -2.17e-02, -1.12e-02, -2.92e-01, -6.81e-01, 5.69e-02, 1.08e-01, 9.16e-03, 3.77e-01]
27600 [9.39e-04, 1.48e-01, 9.81e-01, -2.37e-02, -1.38e-02, -3.10e-01, -6.81e-01, 5.73e-02, 1.15e-01, 6.91e-03, 3.85e-01]
27650 [6.47e-03, 1.49e-01, 9.26e-01, -2.19e-02, -3.36e-02, -2.02e-01, -6.81e-01, 5.74e-02, 1.03e-01, 1.71e-02, 3.81e-01]
27700 [5.05e-03, 1.54e-01, 9.20e-01, -2.39e-02, -4.05e-02, -2.30e-01, -6.81e-01, 5.78e-02, 7.22e-02, 1.52e-02, 3.74e-01]
27750 [2.48e-03, 1.58e-01, 9.26e-01, -2.63e-02, -3.22e-02, -2.58e-01, -6.81e-01, 5.81e-02, 8.57e-02, 1.47e-02, 3.78e-01]
27800 [-4.39e-04, 1.62e-01, 9.36e-01, -2.87e-02, 1.17e-02, -2.82e-01, -6.81e-01, 5.84e-02, 9.71e-02, 1.36e-02, 3.85e-01]
27850 [-3.38e-03, 1.66e-01, 9.48e-01, -3.11e-02, 9.43e-03, -3.02e-01, -6.81e-01, 5.88e-02, 1.07e-01, 9.15e-03, 3.94e-01]
27900 [4.74e-02, 1.65e-01, 8.57e-01, -2.57e-02, -7.10e-03, -1.43e-01, -6.81e-01, 5.96e-02, 1.05e-01, 1.71e-02, 3.89e-01]
27950 [2.80e-03, 1.69e-01, 8.20e-01, -2.77e-02, -2.54e-02, -1.73e-01, -6.81e-01, 6.14e-02, 3.80e-02, 1.23e-02, 3.67e-01]
28000 [-1.81e-02, 1.74e-01, 8.31e-01, -2.18e-02, -1.02e-02, -2.15e-01, -6.81e-01, 6.32e-02, 6.04e-02, 1.13e-02, 3.66e-01]
28050 [-2.23e-02, 1.80e-01, 8.54e-01, -2.74e-02, -1.15e-02, -2.46e-01, -6.81e-01, 6.37e-02, 7.52e-02, 1.08e-02, 3.69e-01]
28100 [-2.74e-02, 1.85e-01, 8.79e-01, -3.27e-02, 7.09e-04, -2.73e-01, -6.81e-01, 6.42e-02, 8.92e-02, 1.04e-02, 3.77e-01]
28150 [-3.29e-02, 1.89e-01, 9.01e-01, -3.78e-02, 1.76e-03, -2.95e-01, -6.81e-01, 6.48e-02, 1.00e-01, 3.86e-03, 3.87e-01]
28200 [6.06e-02, 1.81e-01, 7.96e-01, -4.22e-02, -4.59e-03, -1.14e-01, -6.81e-01, 4.78e-02, 1.27e-01, 1.63e-02, 3.83e-01]
28250 [8.10e-02, 1.75e-01, 7.33e-01, -7.69e-02, -2.04e-02, -1.38e-01, -6.81e-01, 4.12e-02, 9.88e-03, 6.35e-03, 3.58e-01]
28300 [4.13e-02, 1.81e-01, 7.57e-01, -5.53e-02, -3.29e-02, -1.89e-01, -6.81e-01, 3.77e-02, 3.08e-02, 5.06e-03, 3.51e-01]
28350 [4.96e-03, 1.86e-01, 7.94e-01, -4.80e-02, -3.40e-02, -2.25e-01, -6.81e-01, 3.50e-02, 5.39e-02, 3.97e-03, 3.46e-01]
28400 [3.76e-03, 1.92e-01, 8.35e-01, -5.62e-02, -2.50e-02, -2.57e-01, -6.81e-01, 3.49e-02, 7.41e-02, 3.09e-03, 3.45e-01]
28450 [5.52e-05, 1.97e-01, 8.71e-01, -6.50e-02, -1.04e-02, -2.83e-01, -6.81e-01, 3.49e-02, 8.91e-02, 1.64e-03, 3.47e-01]
28500 [1.83e-03, 1.94e-01, 8.23e-01, -7.03e-02, 1.35e-02, -1.83e-01, -6.81e-01, 3.47e-02, 9.93e-02, 6.68e-03, 3.46e-01]
28550 [-3.74e-04, 1.97e-01, 8.26e-01, -7.60e-02, 1.86e-02, -2.14e-01, -6.81e-01, 3.46e-02, 5.83e-02, 6.08e-03, 3.37e-01]
28600 [-5.86e-03, 2.02e-01, 8.51e-01, -8.03e-02, 2.27e-02, -2.51e-01, -6.81e-01, 3.49e-02, 7.63e-02, 5.11e-03, 3.44e-01]
28650 [-1.22e-02, 2.07e-01, 8.81e-01, -8.38e-02, -3.43e-03, -2.82e-01, -6.81e-01, 3.53e-02, 9.76e-02, 2.75e-03, 3.56e-01]
28700 [9.00e-03, 2.02e-01, 8.12e-01, -6.92e-02, -2.18e-03, -1.74e-01, -6.81e-01, 3.55e-02, 1.09e-01, 1.47e-02, 3.59e-01]
28750 [-6.56e-03, 2.00e-01, 8.06e-01, -4.64e-02, -6.73e-03, -2.06e-01, -6.81e-01, 3.76e-02, 5.14e-02, 1.31e-02, 3.49e-01]
28800 [-1.38e-02, 2.06e-01, 8.38e-01, -5.90e-02, 3.08e-03, -2.49e-01, -6.81e-01, 3.76e-02, 7.26e-02, 4.59e-03, 3.58e-01]
28850 [-2.24e-02, 2.11e-01, 8.72e-01, -6.93e-02, 7.07e-03, -2.82e-01, -6.81e-01, 3.80e-02, 8.71e-02, 2.99e-03, 3.72e-01]
28900 [3.93e-02, 1.84e-01, 7.14e-01, -5.37e-02, -5.07e-04, -7.61e-02, -6.81e-01, 2.52e-02, 7.98e-02, 2.14e-02, 3.62e-01]
28950 [6.16e-02, 1.75e-01, 6.74e-01, -5.20e-02, -1.02e-02, -1.44e-01, -6.81e-01, 2.01e-02, 9.48e-03, 1.15e-02, 3.44e-01]
29000 [8.02e-02, 1.86e-01, 7.35e-01, -6.14e-02, -5.45e-03, -2.01e-01, -6.81e-01, 2.03e-02, 3.67e-02, 8.84e-03, 3.48e-01]
29050 [-6.67e-03, 1.95e-01, 7.78e-01, -4.74e-02, -2.43e-02, -2.34e-01, -6.81e-01, 2.06e-02, 5.29e-02, 6.64e-03, 3.56e-01]
29100 [-5.09e-02, 2.02e-01, 8.10e-01, -3.76e-02, -1.99e-02, -2.52e-01, -6.81e-01, 2.18e-02, 6.58e-02, 5.10e-03, 3.64e-01]
29150 [-5.68e-02, 2.09e-01, 8.52e-01, -5.97e-02, -7.35e-03, -2.86e-01, -6.81e-01, 2.20e-02, 8.01e-02, -1.02e-03, 3.76e-01]
29200 [-4.76e-02, 1.96e-01, 6.67e-01, 1.44e-02, -1.51e-03, -9.91e-02, -6.81e-01, 5.75e-02, 2.65e-02, 2.66e-03, 3.50e-01]
29250 [-7.18e-02, 2.05e-01, 6.92e-01, 1.09e-02, -4.73e-03, -1.76e-01, -6.81e-01, 6.42e-02, 5.06e-02, 8.63e-04, 3.48e-01]
29300 [-9.76e-02, 2.15e-01, 7.45e-01, -1.14e-02, 4.55e-03, -2.27e-01, -6.81e-01, 6.62e-02, 6.29e-02, -5.48e-04, 3.57e-01]
29350 [5.92e-02, 2.16e-01, 7.36e-01, 7.70e-02, 9.89e-04, -2.04e-01, -6.81e-01, 7.98e-02, 1.06e-01, 2.21e-03, 3.69e-01]
29400 [3.59e-02, 2.20e-01, 7.83e-01, 2.89e-02, -5.79e-04, -2.32e-01, -6.81e-01, 8.40e-02, 5.73e-02, 1.06e-03, 3.69e-01]
29450 [3.01e-02, 2.28e-01, 8.39e-01, 5.86e-03, -5.52e-04, -2.73e-01, -6.81e-01, 8.35e-02, 7.63e-02, -1.24e-03, 3.82e-01]
29500 [-2.95e-02, 2.21e-01, 6.97e-01, -1.37e-02, 6.42e-03, -4.81e-02, -6.81e-01, 8.54e-02, 8.06e-02, -9.70e-03, 3.75e-01]
29550 [-6.20e-03, 2.25e-01, 5.88e-01, 1.94e-02, 2.21e-03, -9.59e-02, -6.81e-01, 9.16e-02, 1.77e-02, -9.23e-03, 3.53e-01]
29600 [-2.77e-02, 2.39e-01, 6.66e-01, 1.07e-02, -1.33e-03, -1.75e-01, -6.81e-01, 9.31e-02, 4.28e-02, -7.38e-03, 3.55e-01]
29650 [-5.09e-02, 2.50e-01, 7.45e-01, -1.37e-02, 1.17e-03, -2.28e-01, -6.81e-01, 9.42e-02, 6.19e-02, -1.53e-03, 3.67e-01]
29700 [-7.13e-02, 2.59e-01, 8.02e-01, -3.90e-02, -1.30e-03, -2.69e-01, -6.81e-01, 9.59e-02, 7.83e-02, -3.26e-03, 3.86e-01]
29750 [-5.40e-03, 2.47e-01, 6.63e-01, 9.34e-03, -3.31e-04, -9.99e-02, -6.81e-01, 1.04e-01, 8.32e-02, -5.36e-03, 3.74e-01]
29800 [-4.22e-02, 2.54e-01, 6.79e-01, -3.67e-02, 1.94e-04, -1.71e-01, -6.81e-01, 1.13e-01, 3.53e-02, -3.69e-03, 3.66e-01]
29850 [-6.81e-02, 2.65e-01, 7.45e-01, -5.19e-02, 1.60e-03, -2.29e-01, -6.81e-01, 1.15e-01, 5.47e-02, -3.32e-03, 3.84e-01]
29900 [-9.09e-02, 2.74e-01, 7.97e-01, -6.80e-02, 5.87e-03, -2.71e-01, -6.81e-01, 1.19e-01, 7.60e-02, -2.90e-04, 4.10e-01]
29950 [-2.40e-02, 2.53e-01, 6.35e-01, -6.24e-02, -1.72e-02, -1.17e-01, -6.81e-01, 1.49e-01, 9.27e-03, 1.41e-02, 3.87e-01]
30000 [-4.15e-02, 2.62e-01, 6.92e-01, -4.27e-02, -9.69e-03, -1.92e-01, -6.81e-01, 1.56e-01, 4.24e-02, 7.90e-03, 3.93e-01]
