0 [1.00e+00, 1.00e+00, 1.00e+00, 1.00e+00, 1.00e+00, 1.00e+00, 1.00e+00, 1.00e+00, 1.00e+00, 1.00e+00, 1.00e+00]
100 [8.87e-01, 9.56e-01, 9.61e-01, 8.88e-01, 8.76e-01, 8.90e-01, 9.77e-01, 9.82e-01, 9.52e-01, 8.36e-01, 1.01e+00]
200 [8.87e-01, 9.55e-01, 9.57e-01, 8.87e-01, 8.82e-01, 8.67e-01, 9.77e-01, 9.82e-01, 9.51e-01, 8.32e-01, 1.01e+00]
300 [8.87e-01, 9.53e-01, 9.52e-01, 8.86e-01, 8.85e-01, 8.51e-01, 9.77e-01, 9.82e-01, 9.49e-01, 8.30e-01, 1.01e+00]
400 [8.88e-01, 9.52e-01, 9.45e-01, 8.84e-01, 8.88e-01, 8.38e-01, 9.77e-01, 9.82e-01, 9.47e-01, 8.28e-01, 1.01e+00]
500 [8.89e-01, 9.51e-01, 9.38e-01, 8.83e-01, 8.90e-01, 8.28e-01, 9.77e-01, 9.82e-01, 9.45e-01, 8.26e-01, 1.01e+00]
600 [8.89e-01, 9.49e-01, 9.30e-01, 8.82e-01, 8.91e-01, 8.19e-01, 9.77e-01, 9.82e-01, 9.43e-01, 8.26e-01, 1.01e+00]
700 [8.90e-01, 9.47e-01, 9.22e-01, 8.81e-01, 8.92e-01, 8.11e-01, 9.77e-01, 9.82e-01, 9.41e-01, 8.25e-01, 1.01e+00]
800 [8.91e-01, 9.46e-01, 9.12e-01, 8.80e-01, 8.93e-01, 8.04e-01, 9.77e-01, 9.82e-01, 9.39e-01, 8.25e-01, 1.01e+00]
900 [8.92e-01, 9.44e-01, 9.02e-01, 8.79e-01, 8.93e-01, 7.98e-01, 9.77e-01, 9.82e-01, 9.37e-01, 8.25e-01, 1.01e+00]
1000 [8.92e-01, 9.42e-01, 8.92e-01, 8.78e-01, 8.94e-01, 7.93e-01, 9.77e-01, 9.82e-01, 9.35e-01, 8.25e-01, 1.01e+00]
1100 [8.93e-01, 9.40e-01, 8.81e-01, 8.77e-01, 8.94e-01, 7.88e-01, 9.77e-01, 9.82e-01, 9.34e-01, 8.25e-01, 1.01e+00]
1200 [8.94e-01, 9.38e-01, 8.69e-01, 8.77e-01, 8.95e-01, 7.83e-01, 9.77e-01, 9.82e-01, 9.32e-01, 8.24e-01, 1.01e+00]
1300 [8.95e-01, 9.35e-01, 8.56e-01, 8.76e-01, 8.96e-01, 7.79e-01, 9.77e-01, 9.81e-01, 9.31e-01, 8.23e-01, 1.01e+00]
1400 [8.96e-01, 9.33e-01, 8.43e-01, 8.76e-01, 8.96e-01, 7.75e-01, 9.77e-01, 9.81e-01, 9.30e-01, 8.22e-01, 1.01e+00]
1500 [8.97e-01, 9.30e-01, 8.30e-01, 8.75e-01, 8.97e-01, 7.72e-01, 9.77e-01, 9.81e-01, 9.28e-01, 8.20e-01, 1.01e+00]
1600 [8.98e-01, 9.27e-01, 8.15e-01, 8.75e-01, 8.98e-01, 7.68e-01, 9.77e-01, 9.81e-01, 9.27e-01, 8.19e-01, 1.01e+00]
1700 [8.99e-01, 9.24e-01, 8.01e-01, 8.75e-01, 8.99e-01, 7.65e-01, 9.77e-01, 9.81e-01, 9.27e-01, 8.17e-01, 1.01e+00]
1800 [9.00e-01, 9.21e-01, 7.86e-01, 8.74e-01, 9.00e-01, 7.62e-01, 9.77e-01, 9.81e-01, 9.26e-01, 8.16e-01, 1.01e+00]
1900 [9.01e-01, 9.18e-01, 7.70e-01, 8.74e-01, 9.01e-01, 7.59e-01, 9.77e-01, 9.81e-01, 9.25e-01, 8.14e-01, 1.01e+00]
2000 [9.02e-01, 9.14e-01, 7.54e-01, 8.74e-01, 9.03e-01, 7.57e-01, 9.77e-01, 9.81e-01, 9.25e-01, 8.13e-01, 1.01e+00]
2100 [9.03e-01, 9.10e-01, 7.37e-01, 8.74e-01, 9.04e-01, 7.54e-01, 9.77e-01, 9.81e-01, 9.25e-01, 8.12e-01, 1.01e+00]
2200 [9.04e-01, 9.06e-01, 7.20e-01, 8.74e-01, 9.05e-01, 7.52e-01, 9.77e-01, 9.81e-01, 9.24e-01, 8.10e-01, 1.01e+00]
2300 [9.06e-01, 9.02e-01, 7.02e-01, 8.74e-01, 9.07e-01, 7.49e-01, 9.77e-01, 9.81e-01, 9.24e-01, 8.09e-01, 1.01e+00]
2400 [9.07e-01, 8.97e-01, 6.84e-01, 8.74e-01, 9.08e-01, 7.47e-01, 9.77e-01, 9.81e-01, 9.24e-01, 8.08e-01, 1.01e+00]
2500 [9.08e-01, 8.93e-01, 6.66e-01, 8.74e-01, 9.10e-01, 7.45e-01, 9.77e-01, 9.81e-01, 9.24e-01, 8.07e-01, 1.01e+00]
2600 [9.09e-01, 8.88e-01, 6.47e-01, 8.75e-01, 9.11e-01, 7.42e-01, 9.77e-01, 9.81e-01, 9.25e-01, 8.06e-01, 1.01e+00]
2700 [9.10e-01, 8.83e-01, 6.28e-01, 8.75e-01, 9.12e-01, 7.40e-01, 9.77e-01, 9.81e-01, 9.25e-01, 8.05e-01, 1.01e+00]
2800 [9.11e-01, 8.77e-01, 6.09e-01, 8.75e-01, 9.14e-01, 7.38e-01, 9.77e-01, 9.81e-01, 9.25e-01, 8.04e-01, 1.01e+00]
2900 [9.12e-01, 8.71e-01, 5.89e-01, 8.75e-01, 9.15e-01, 7.36e-01, 9.77e-01, 9.81e-01, 9.26e-01, 8.03e-01, 1.01e+00]
3000 [9.13e-01, 8.65e-01, 5.69e-01, 8.76e-01, 9.17e-01, 7.34e-01, 9.77e-01, 9.81e-01, 9.26e-01, 8.02e-01, 1.01e+00]
3100 [9.15e-01, 8.59e-01, 5.49e-01, 8.76e-01, 9.18e-01, 7.32e-01, 9.77e-01, 9.81e-01, 9.27e-01, 8.01e-01, 1.01e+00]
3200 [9.16e-01, 8.52e-01, 5.29e-01, 8.77e-01, 9.19e-01, 7.30e-01, 9.77e-01, 9.80e-01, 9.28e-01, 8.00e-01, 1.01e+00]
3300 [9.17e-01, 8.45e-01, 5.08e-01, 8.77e-01, 9.21e-01, 7.28e-01, 9.77e-01, 9.80e-01, 9.29e-01, 7.98e-01, 1.01e+00]
3400 [9.18e-01, 8.37e-01, 4.88e-01, 8.77e-01, 9.22e-01, 7.26e-01, 9.77e-01, 9.80e-01, 9.30e-01, 7.97e-01, 1.01e+00]
3500 [9.19e-01, 8.29e-01, 4.67e-01, 8.78e-01, 9.23e-01, 7.24e-01, 9.77e-01, 9.80e-01, 9.31e-01, 7.96e-01, 1.01e+00]
3600 [9.21e-01, 8.21e-01, 4.47e-01, 8.78e-01, 9.25e-01, 7.22e-01, 9.77e-01, 9.80e-01, 9.32e-01, 7.95e-01, 1.01e+00]
3700 [9.22e-01, 8.12e-01, 4.26e-01, 8.78e-01, 9.26e-01, 7.20e-01, 9.77e-01, 9.80e-01, 9.33e-01, 7.94e-01, 1.01e+00]
3800 [9.23e-01, 8.03e-01, 4.06e-01, 8.79e-01, 9.27e-01, 7.17e-01, 9.77e-01, 9.80e-01, 9.34e-01, 7.92e-01, 1.01e+00]
3900 [9.25e-01, 7.93e-01, 3.85e-01, 8.78e-01, 9.28e-01, 6.77e-01, 9.77e-01, 9.80e-01, 8.96e-01, 6.98e-01, 1.01e+00]
4000 [9.26e-01, 7.83e-01, 3.64e-01, 8.79e-01, 9.29e-01, 6.72e-01, 9.77e-01, 9.80e-01, 8.91e-01, 6.84e-01, 1.01e+00]
4100 [9.27e-01, 7.72e-01, 3.44e-01, 8.79e-01, 9.29e-01, 6.72e-01, 9.77e-01, 9.80e-01, 8.92e-01, 6.83e-01, 1.01e+00]
4200 [8.97e-01, 7.61e-01, 3.24e-01, 8.50e-01, 9.17e-01, 6.72e-01, 9.77e-01, 9.80e-01, 8.96e-01, 6.74e-01, 1.01e+00]
4300 [8.99e-01, 7.49e-01, 3.04e-01, 8.50e-01, 9.17e-01, 6.72e-01, 9.77e-01, 9.80e-01, 8.97e-01, 6.72e-01, 1.01e+00]
4400 [9.01e-01, 7.36e-01, 2.85e-01, 8.50e-01, 9.18e-01, 6.71e-01, 9.77e-01, 9.80e-01, 8.98e-01, 6.70e-01, 1.01e+00]
4500 [9.03e-01, 7.23e-01, 2.66e-01, 8.50e-01, 9.19e-01, 6.71e-01, 9.77e-01, 9.80e-01, 8.99e-01, 6.68e-01, 1.01e+00]
4600 [9.04e-01, 7.08e-01, 2.48e-01, 8.49e-01, 9.21e-01, 6.71e-01, 9.77e-01, 9.80e-01, 9.00e-01, 6.66e-01, 1.01e+00]
4700 [8.51e-01, 6.94e-01, 2.31e-01, 7.64e-01, 8.90e-01, 5.92e-01, 9.77e-01, 9.81e-01, 7.72e-01, 4.68e-01, 1.01e+00]
4800 [8.53e-01, 6.78e-01, 2.13e-01, 7.64e-01, 8.91e-01, 5.92e-01, 9.77e-01, 9.81e-01, 7.72e-01, 4.65e-01, 1.01e+00]
4900 [8.55e-01, 6.61e-01, 1.97e-01, 7.64e-01, 8.92e-01, 5.93e-01, 9.77e-01, 9.80e-01, 7.73e-01, 4.63e-01, 1.01e+00]
5000 [8.58e-01, 6.44e-01, 1.81e-01, 7.63e-01, 8.93e-01, 5.93e-01, 9.77e-01, 9.80e-01, 7.74e-01, 4.61e-01, 1.01e+00]
5100 [8.60e-01, 6.25e-01, 1.66e-01, 7.63e-01, 8.94e-01, 5.93e-01, 9.77e-01, 9.80e-01, 7.75e-01, 4.58e-01, 1.01e+00]
5200 [8.63e-01, 6.06e-01, 1.52e-01, 7.62e-01, 8.95e-01, 5.93e-01, 9.77e-01, 9.80e-01, 7.76e-01, 4.55e-01, 1.01e+00]
5300 [7.41e-01, 5.85e-01, 1.41e-01, 7.15e-01, 8.59e-01, 4.79e-01, 9.77e-01, 9.79e-01, 8.05e-01, 3.52e-01, 1.01e+00]
5400 [7.43e-01, 5.63e-01, 1.31e-01, 7.13e-01, 8.60e-01, 4.76e-01, 9.77e-01, 9.79e-01, 8.05e-01, 3.45e-01, 1.01e+00]
5500 [7.47e-01, 5.40e-01, 1.21e-01, 7.12e-01, 8.61e-01, 4.77e-01, 9.77e-01, 9.79e-01, 8.05e-01, 3.42e-01, 1.01e+00]
5600 [7.50e-01, 5.15e-01, 1.12e-01, 7.10e-01, 8.63e-01, 4.77e-01, 9.77e-01, 9.79e-01, 8.06e-01, 3.39e-01, 1.01e+00]
5700 [7.53e-01, 4.89e-01, 1.05e-01, 7.08e-01, 8.65e-01, 4.77e-01, 9.77e-01, 9.79e-01, 8.07e-01, 3.37e-01, 1.01e+00]
5800 [7.57e-01, 4.62e-01, 9.94e-02, 7.06e-01, 8.67e-01, 4.77e-01, 9.77e-01, 9.79e-01, 8.07e-01, 3.34e-01, 1.01e+00]
5900 [7.60e-01, 4.33e-01, 9.51e-02, 7.04e-01, 8.69e-01, 4.77e-01, 9.77e-01, 9.79e-01, 8.08e-01, 3.31e-01, 1.01e+00]
6000 [7.64e-01, 4.03e-01, 9.24e-02, 7.02e-01, 8.71e-01, 4.78e-01, 9.77e-01, 9.79e-01, 8.08e-01, 3.29e-01, 1.01e+00]
6100 [7.68e-01, 3.71e-01, 9.12e-02, 6.99e-01, 8.73e-01, 4.78e-01, 9.77e-01, 9.78e-01, 8.09e-01, 3.26e-01, 1.01e+00]
6200 [7.72e-01, 3.38e-01, 9.16e-02, 6.96e-01, 8.76e-01, 4.78e-01, 9.77e-01, 9.78e-01, 8.09e-01, 3.23e-01, 1.01e+00]
6300 [7.75e-01, 3.04e-01, 9.35e-02, 6.93e-01, 8.78e-01, 4.78e-01, 9.77e-01, 9.78e-01, 8.10e-01, 3.20e-01, 1.01e+00]
6400 [6.84e-01, 2.70e-01, 9.79e-02, 5.68e-01, 8.33e-01, 4.35e-01, 9.77e-01, 9.78e-01, 6.97e-01, 2.25e-01, 1.01e+00]
6500 [6.39e-01, 2.36e-01, 1.05e-01, 5.07e-01, 8.13e-01, 4.11e-01, 9.77e-01, 9.78e-01, 6.45e-01, 1.79e-01, 1.01e+00]
6600 [6.43e-01, 2.04e-01, 1.13e-01, 5.02e-01, 8.15e-01, 4.12e-01, 9.77e-01, 9.78e-01, 6.46e-01, 1.78e-01, 1.01e+00]
6700 [6.48e-01, 1.75e-01, 1.22e-01, 4.97e-01, 8.17e-01, 4.12e-01, 9.77e-01, 9.78e-01, 6.47e-01, 1.76e-01, 1.01e+00]
6800 [6.52e-01, 1.52e-01, 1.31e-01, 4.92e-01, 8.19e-01, 4.13e-01, 9.77e-01, 9.78e-01, 6.48e-01, 1.75e-01, 1.01e+00]
6900 [6.57e-01, 1.34e-01, 1.39e-01, 4.87e-01, 8.21e-01, 4.14e-01, 9.77e-01, 9.78e-01, 6.49e-01, 1.75e-01, 1.01e+00]
7000 [6.61e-01, 1.22e-01, 1.46e-01, 4.81e-01, 8.23e-01, 4.16e-01, 9.77e-01, 9.78e-01, 6.50e-01, 1.76e-01, 1.01e+00]
7100 [6.66e-01, 1.13e-01, 1.52e-01, 4.75e-01, 8.25e-01, 4.17e-01, 9.77e-01, 9.78e-01, 6.51e-01, 1.77e-01, 1.01e+00]
7200 [6.70e-01, 1.07e-01, 1.56e-01, 4.69e-01, 8.27e-01, 4.19e-01, 9.77e-01, 9.79e-01, 6.53e-01, 1.78e-01, 1.01e+00]
7300 [6.75e-01, 1.03e-01, 1.58e-01, 4.62e-01, 8.29e-01, 4.21e-01, 9.77e-01, 9.79e-01, 6.54e-01, 1.80e-01, 1.01e+00]
7400 [6.80e-01, 1.01e-01, 1.60e-01, 4.56e-01, 8.32e-01, 4.24e-01, 9.77e-01, 9.79e-01, 6.55e-01, 1.81e-01, 1.01e+00]
7500 [6.85e-01, 9.88e-02, 1.60e-01, 4.49e-01, 8.35e-01, 4.26e-01, 9.77e-01, 9.80e-01, 6.57e-01, 1.83e-01, 1.01e+00]
7600 [5.53e-01, 9.76e-02, 1.58e-01, 3.77e-01, 7.63e-01, 2.01e-01, 9.77e-01, 9.80e-01, 5.40e-01, 2.38e-03, 9.98e-01]
7700 [5.35e-01, 9.85e-02, 1.52e-01, 3.54e-01, 7.43e-01, 1.70e-01, 9.77e-01, 9.81e-01, 5.16e-01, 8.77e-03, 9.96e-01]
7800 [5.43e-01, 9.86e-02, 1.49e-01, 3.43e-01, 7.47e-01, 1.71e-01, 9.77e-01, 9.81e-01, 5.12e-01, 2.33e-02, 9.96e-01]
7900 [5.51e-01, 9.89e-02, 1.48e-01, 3.32e-01, 7.52e-01, 1.71e-01, 9.77e-01, 9.81e-01, 5.09e-01, 3.78e-02, 9.96e-01]
8000 [5.60e-01, 9.93e-02, 1.46e-01, 3.21e-01, 7.57e-01, 1.72e-01, 9.77e-01, 9.82e-01, 5.05e-01, 5.21e-02, 9.96e-01]
8100 [5.68e-01, 9.98e-02, 1.44e-01, 3.09e-01, 7.62e-01, 1.72e-01, 9.77e-01, 9.82e-01, 5.01e-01, 6.63e-02, 9.96e-01]
8200 [5.77e-01, 1.00e-01, 1.43e-01, 2.98e-01, 7.67e-01, 1.72e-01, 9.77e-01, 9.83e-01, 4.98e-01, 8.01e-02, 9.96e-01]
8300 [5.86e-01, 1.01e-01, 1.41e-01, 2.86e-01, 7.72e-01, 1.73e-01, 9.77e-01, 9.83e-01, 4.94e-01, 9.35e-02, 9.96e-01]
8400 [5.96e-01, 1.02e-01, 1.39e-01, 2.75e-01, 7.78e-01, 1.73e-01, 9.77e-01, 9.83e-01, 4.90e-01, 1.06e-01, 9.95e-01]
8500 [6.05e-01, 1.03e-01, 1.37e-01, 2.63e-01, 7.83e-01, 1.73e-01, 9.77e-01, 9.84e-01, 4.87e-01, 1.19e-01, 9.95e-01]
8600 [6.15e-01, 1.04e-01, 1.35e-01, 2.51e-01, 7.89e-01, 1.74e-01, 9.77e-01, 9.84e-01, 4.83e-01, 1.30e-01, 9.95e-01]
8700 [4.23e-01, 1.04e-01, 1.46e-01, 1.53e-01, 3.57e-01, 1.70e-01, 9.77e-01, 9.82e-01, 4.82e-01, 1.43e-01, 9.95e-01]
8800 [4.39e-01, 1.08e-01, 1.59e-01, 1.38e-01, 3.62e-01, 1.70e-01, 9.77e-01, 9.83e-01, 4.78e-01, 1.51e-01, 9.95e-01]
8900 [4.54e-01, 1.11e-01, 1.58e-01, 1.23e-01, 3.67e-01, 1.71e-01, 9.77e-01, 9.84e-01, 4.74e-01, 1.58e-01, 9.95e-01]
9000 [4.69e-01, 1.14e-01, 1.54e-01, 1.08e-01, 3.72e-01, 1.71e-01, 9.77e-01, 9.85e-01, 4.70e-01, 1.65e-01, 9.95e-01]
9100 [4.84e-01, 1.17e-01, 1.50e-01, 9.23e-02, 3.77e-01, 1.72e-01, 9.77e-01, 9.87e-01, 4.65e-01, 1.71e-01, 9.95e-01]
9200 [4.99e-01, 1.20e-01, 1.45e-01, 7.68e-02, 3.82e-01, 1.72e-01, 9.77e-01, 9.88e-01, 4.60e-01, 1.77e-01, 9.95e-01]
9300 [5.14e-01, 1.24e-01, 1.40e-01, 6.14e-02, 3.87e-01, 1.73e-01, 9.77e-01, 9.89e-01, 4.55e-01, 1.82e-01, 9.94e-01]
9400 [5.29e-01, 1.29e-01, 1.36e-01, 4.61e-02, 3.92e-01, 1.73e-01, 9.77e-01, 9.91e-01, 4.48e-01, 1.86e-01, 9.94e-01]
9500 [5.44e-01, 1.34e-01, 1.31e-01, 3.11e-02, 3.97e-01, 1.74e-01, 9.77e-01, 9.92e-01, 4.42e-01, 1.90e-01, 9.94e-01]
9600 [4.48e-01, 1.41e-01, 1.29e-01, 5.57e-06, 4.04e-01, 1.73e-01, 9.77e-01, 9.94e-01, 4.29e-01, 9.47e-02, 9.94e-01]
9700 [4.61e-01, 1.52e-01, 1.40e-01, 1.68e-07, 4.08e-01, 1.72e-01, 9.77e-01, 9.95e-01, 4.19e-01, 1.11e-01, 9.94e-01]
9800 [4.81e-01, 1.62e-01, 1.36e-01, 8.44e-10, 4.13e-01, 1.73e-01, 9.77e-01, 9.96e-01, 4.09e-01, 1.25e-01, 9.94e-01]
9900 [5.01e-01, 1.73e-01, 1.31e-01, 1.51e-09, 4.18e-01, 1.73e-01, 9.77e-01, 9.97e-01, 3.98e-01, 1.37e-01, 9.94e-01]
10000 [5.20e-01, 1.86e-01, 1.26e-01, 2.20e-09, 4.24e-01, 1.73e-01, 9.77e-01, 9.98e-01, 3.86e-01, 1.47e-01, 9.93e-01]
10000 [5.20e-01, 1.86e-01, 1.26e-01, 2.20e-09, 4.24e-01, 1.73e-01, 9.77e-01, 9.98e-01, 3.86e-01, 1.47e-01, 9.93e-01]
10100 [4.53e-01, 1.52e-01, 1.11e-01, 3.21e-05, 2.90e-01, 8.87e-02, 9.76e-01, 9.91e-01, 2.80e-01, 3.79e-02, 9.72e-01]
10200 [4.66e-01, 1.56e-01, 1.22e-01, 7.98e-05, 2.89e-01, 8.72e-02, 9.76e-01, 9.95e-01, 2.75e-01, 3.99e-02, 9.72e-01]
10300 [4.81e-01, 1.61e-01, 1.31e-01, 8.55e-05, 2.90e-01, 8.49e-02, 9.76e-01, 1.00e+00, 2.69e-01, 4.21e-02, 9.72e-01]
10400 [4.98e-01, 1.68e-01, 1.38e-01, 9.01e-05, 2.93e-01, 8.11e-02, 9.76e-01, 1.00e+00, 2.61e-01, 4.45e-02, 9.71e-01]
10500 [3.80e-01, 1.75e-01, 1.55e-01, 2.34e-05, 2.00e-01, 6.63e-02, 9.76e-01, 9.83e-01, 2.72e-01, 3.74e-02, 9.70e-01]
10600 [4.06e-01, 1.82e-01, 1.66e-01, 4.40e-05, 2.03e-01, 5.50e-02, 9.76e-01, 9.78e-01, 2.61e-01, 4.00e-02, 9.69e-01]
10700 [4.31e-01, 1.89e-01, 1.73e-01, 6.30e-05, 2.08e-01, 4.02e-02, 9.76e-01, 9.76e-01, 2.47e-01, 4.23e-02, 9.68e-01]
10800 [4.56e-01, 1.95e-01, 1.80e-01, 8.00e-05, 2.14e-01, 2.15e-02, 9.76e-01, 9.76e-01, 2.30e-01, 4.39e-02, 9.67e-01]
10900 [4.80e-01, 2.00e-01, 1.90e-01, 9.89e-05, 2.20e-01, 1.09e-04, 9.76e-01, 9.79e-01, 2.09e-01, 4.42e-02, 9.64e-01]
11000 [3.42e-01, 2.06e-01, 2.01e-01, 2.73e-04, 6.02e-02, 1.51e-02, 9.76e-01, 9.51e-01, 2.08e-01, 3.07e-02, 9.60e-01]
11100 [3.76e-01, 2.12e-01, 2.20e-01, 2.94e-04, 6.31e-02, 8.73e-05, 9.76e-01, 9.45e-01, 1.79e-01, 3.13e-02, 9.53e-01]
11200 [4.07e-01, 2.18e-01, 2.29e-01, 2.75e-04, 6.68e-02, 1.22e-04, 9.76e-01, 9.41e-01, 1.48e-01, 3.13e-02, 9.45e-01]
11300 [3.83e-01, 2.22e-01, 2.39e-01, 5.39e-04, 2.79e-02, 4.19e-04, 9.76e-01, 9.34e-01, 1.27e-01, 1.87e-02, 9.36e-01]
11400 [4.15e-01, 2.28e-01, 2.41e-01, 4.37e-04, 2.96e-02, 4.34e-04, 9.76e-01, 9.23e-01, 9.49e-02, 1.77e-02, 9.26e-01]
11500 [4.47e-01, 2.32e-01, 2.36e-01, 3.94e-04, 3.33e-02, 4.32e-04, 9.76e-01, 9.09e-01, 6.41e-02, 1.78e-02, 9.19e-01]
11600 [3.01e-01, 2.36e-01, 2.34e-01, 3.24e-04, 1.70e-02, 5.54e-04, 9.76e-01, 8.55e-01, 4.45e-02, 1.12e-05, 9.13e-01]
11700 [3.46e-01, 2.43e-01, 2.51e-01, 2.99e-04, 1.93e-02, 5.96e-04, 9.76e-01, 8.18e-01, 2.05e-02, 6.72e-04, 9.05e-01]
11800 [3.86e-01, 2.49e-01, 2.50e-01, 2.73e-04, 2.17e-02, 5.98e-04, 9.76e-01, 7.83e-01, 2.05e-04, 1.12e-03, 8.97e-01]
11900 [4.22e-01, 2.54e-01, 2.42e-01, 2.85e-04, 2.40e-02, 5.77e-04, 9.76e-01, 7.52e-01, 2.16e-04, 1.34e-03, 8.89e-01]
12000 [3.12e-01, 2.17e-01, 2.32e-01, 6.15e-04, 9.07e-05, 1.90e-04, 9.76e-01, 7.26e-01, 7.90e-03, 2.73e-03, 8.73e-01]
12100 [3.30e-01, 2.15e-01, 2.60e-01, 4.86e-07, 2.37e-05, 4.86e-05, 9.76e-01, 6.73e-01, 2.11e-04, 5.29e-03, 8.47e-01]
12200 [3.80e-01, 2.33e-01, 2.60e-01, 2.31e-05, 8.31e-04, 8.50e-05, 9.76e-01, 6.31e-01, 2.41e-04, 4.79e-03, 8.34e-01]
12300 [4.24e-01, 2.45e-01, 2.48e-01, 5.13e-05, 2.06e-03, 6.82e-05, 9.76e-01, 6.00e-01, 2.66e-04, 4.35e-03, 8.23e-01]
12400 [2.98e-01, 2.51e-01, 2.42e-01, 4.14e-04, 2.46e-02, 5.73e-04, 9.76e-01, 5.36e-01, 1.11e-04, 4.53e-04, 8.19e-01]
12500 [3.56e-01, 2.64e-01, 2.55e-01, 4.29e-04, 2.69e-02, 6.45e-04, 9.76e-01, 4.91e-01, 1.56e-04, 6.02e-04, 8.08e-01]
12600 [4.05e-01, 2.73e-01, 2.46e-01, 4.41e-04, 3.04e-02, 6.05e-04, 9.76e-01, 4.58e-01, 1.72e-04, 6.75e-04, 7.98e-01]
12700 [2.29e-01, 3.49e-02, 1.18e-01, 2.98e-03, 6.59e-04, 2.32e-05, 9.76e-01, 4.47e-01, 2.97e-04, 8.27e-04, 7.79e-01]
12800 [3.12e-01, 5.84e-02, 2.92e-01, 1.04e-03, 9.95e-07, 1.02e-03, 9.76e-01, 4.55e-01, 5.14e-04, 1.34e-06, 7.42e-01]
12900 [2.56e-01, 8.25e-02, 3.19e-01, 7.32e-04, 2.53e-02, 1.39e-03, 9.76e-01, 4.24e-01, 5.79e-04, 1.09e-05, 7.14e-01]
13000 [3.37e-01, 1.07e-01, 3.17e-01, 6.89e-04, 2.51e-02, 1.33e-03, 9.76e-01, 3.97e-01, 6.00e-04, 1.60e-06, 6.85e-01]
13100 [1.90e-01, 1.36e-01, 2.78e-01, 1.20e-03, 3.31e-02, 9.15e-04, 9.76e-01, 3.68e-01, 4.53e-04, 1.14e-04, 6.64e-01]
13200 [2.41e-01, 1.72e-01, 3.26e-01, 6.43e-06, 2.81e-03, 1.19e-03, 9.76e-01, 3.08e-01, 3.60e-04, 2.63e-07, 6.46e-01]
13300 [3.08e-01, 2.00e-01, 3.12e-01, 3.81e-05, 1.13e-02, 1.06e-03, 9.76e-01, 2.64e-01, 4.14e-04, 8.59e-07, 6.25e-01]
13400 [3.64e-01, 2.22e-01, 2.84e-01, 9.39e-05, 2.09e-02, 8.59e-04, 9.76e-01, 2.30e-01, 4.56e-04, 1.04e-06, 6.11e-01]
13500 [3.30e-01, 2.37e-01, 2.46e-01, 3.36e-03, 4.21e-02, 1.95e-03, 9.76e-01, 2.15e-01, 1.71e-03, 2.93e-05, 6.01e-01]
13600 [3.24e-01, 2.48e-01, 2.69e-01, 5.76e-04, 4.24e-02, 1.21e-03, 9.76e-01, 1.72e-01, 5.45e-04, 7.88e-06, 5.89e-01]
13700 [3.82e-01, 2.63e-01, 2.59e-01, 5.89e-04, 5.05e-02, 1.12e-03, 9.76e-01, 1.45e-01, 5.66e-04, 4.61e-06, 5.79e-01]
13800 [2.52e-01, 2.63e-01, 2.26e-01, 3.71e-05, 3.86e-02, 9.93e-04, 9.76e-01, 1.24e-01, 1.02e-04, 1.08e-04, 5.72e-01]
13900 [3.13e-01, 2.76e-01, 2.68e-01, 1.89e-05, 2.96e-02, 9.90e-04, 9.76e-01, 9.18e-02, 9.18e-05, 7.41e-06, 5.62e-01]
14000 [3.72e-01, 2.89e-01, 2.56e-01, 8.73e-05, 3.90e-02, 9.11e-04, 9.76e-01, 7.47e-02, 1.59e-04, 3.64e-06, 5.53e-01]
14100 [3.25e-01, 2.33e-01, 2.38e-01, 1.26e-03, 4.39e-02, 1.33e-03, 9.76e-01, 7.21e-02, 3.85e-04, 2.67e-06, 5.40e-01]
14200 [3.36e-01, 9.10e-02, 2.86e-01, 1.41e-03, 2.16e-05, 1.86e-03, 9.76e-01, 5.88e-02, 2.58e-04, 1.29e-07, 4.84e-01]
14300 [4.09e-01, 1.32e-01, 2.81e-01, 9.66e-04, 9.61e-03, 1.71e-03, 9.76e-01, 3.92e-02, 1.47e-04, 3.09e-07, 4.45e-01]
14400 [3.05e-01, 1.76e-01, 2.80e-01, 3.43e-06, 7.44e-03, 2.45e-03, 9.76e-01, 2.39e-02, 6.89e-04, 1.80e-03, 3.99e-01]
14500 [3.78e-01, 2.15e-01, 2.72e-01, 8.44e-06, 2.07e-02, 2.22e-03, 9.76e-01, 7.52e-06, 7.20e-04, 1.28e-03, 3.85e-01]
14600 [3.53e-01, 2.46e-01, 2.46e-01, 1.36e-03, 4.16e-02, 1.62e-03, 9.76e-01, 7.71e-03, 1.07e-03, 2.72e-03, 3.53e-01]
14700 [4.12e-01, 2.71e-01, 2.44e-01, 9.38e-04, 4.86e-02, 1.73e-03, 9.76e-01, 2.67e-05, 9.92e-04, 1.14e-03, 3.47e-01]
14800 [3.08e-01, 2.89e-01, 2.41e-01, 3.60e-05, 1.58e-02, 1.17e-03, 9.76e-01, 1.30e-02, 5.23e-06, 4.06e-05, 3.29e-01]
14900 [3.83e-01, 3.07e-01, 2.46e-01, 1.04e-04, 2.26e-02, 1.19e-03, 9.76e-01, 4.76e-03, 1.15e-04, 9.13e-06, 3.22e-01]
15000 [4.41e-01, 3.21e-01, 2.28e-01, 1.50e-03, 3.01e-02, 1.07e-03, 9.76e-01, 1.28e-02, 1.17e-03, 3.15e-06, 3.17e-01]
15100 [3.08e-01, 2.99e-01, 2.52e-01, 8.43e-04, 3.48e-03, 1.95e-03, 9.76e-01, 9.73e-03, 8.02e-04, 7.20e-03, 2.94e-01]
15200 [3.81e-01, 3.21e-01, 2.47e-01, 8.01e-04, 1.08e-02, 1.81e-03, 9.76e-01, 5.31e-04, 8.12e-04, 3.23e-03, 2.84e-01]
15300 [4.39e-01, 3.38e-01, 2.28e-01, 9.72e-04, 1.67e-02, 1.33e-03, 9.76e-01, 1.25e-02, 4.29e-04, 1.18e-03, 2.78e-01]
15400 [3.62e-01, 2.92e-01, 2.45e-01, 2.47e-06, 2.98e-03, 1.89e-03, 9.76e-01, 2.18e-02, 5.35e-05, 4.17e-07, 2.64e-01]
15500 [4.31e-01, 3.20e-01, 2.33e-01, 8.98e-05, 1.02e-02, 1.69e-03, 9.76e-01, 2.41e-02, 1.78e-04, 6.81e-08, 2.56e-01]
15600 [2.57e-01, 2.31e-01, 2.45e-01, 1.28e-04, 7.92e-03, 2.69e-03, 9.76e-01, 5.58e-02, 5.48e-04, 2.43e-03, 2.47e-01]
15700 [3.47e-01, 2.73e-01, 2.68e-01, 2.97e-05, 2.15e-02, 2.47e-03, 9.76e-01, 2.17e-02, 7.74e-04, 1.31e-03, 2.30e-01]
15800 [4.18e-01, 3.08e-01, 2.42e-01, 1.08e-04, 3.29e-02, 1.99e-03, 9.76e-01, 1.44e-02, 8.71e-04, 9.88e-05, 2.20e-01]
15900 [2.73e-01, 2.86e-01, 2.18e-01, 8.80e-05, 1.10e-02, 3.01e-03, 9.76e-01, 5.88e-02, 2.59e-04, 2.72e-03, 2.16e-01]
16000 [3.58e-01, 3.18e-01, 2.52e-01, 2.83e-05, 2.25e-02, 2.85e-03, 9.76e-01, 4.25e-02, 3.50e-04, 6.74e-04, 2.07e-01]
16100 [4.26e-01, 3.44e-01, 2.32e-01, 1.01e-04, 3.40e-02, 2.38e-03, 9.76e-01, 4.74e-02, 4.68e-04, 1.61e-06, 2.03e-01]
16200 [3.38e-01, 2.86e-01, 2.34e-01, 9.87e-05, 1.84e-02, 1.56e-03, 9.76e-01, 8.50e-02, 5.07e-04, 1.77e-03, 2.03e-01]
16300 [4.12e-01, 3.05e-01, 2.40e-01, 6.25e-05, 3.32e-02, 8.83e-04, 9.76e-01, 8.65e-02, 1.01e-03, 5.13e-04, 1.99e-01]
16400 [2.86e-01, 3.18e-01, 1.92e-01, 2.59e-03, 1.59e-02, 1.12e-03, 9.76e-01, 1.36e-01, 3.40e-03, 2.47e-03, 1.97e-01]
16500 [3.50e-01, 3.34e-01, 2.44e-01, 1.10e-03, 3.62e-02, 1.95e-03, 9.76e-01, 1.18e-01, 1.63e-03, 1.66e-03, 1.93e-01]
16600 [4.22e-01, 3.62e-01, 2.30e-01, 1.04e-03, 5.21e-02, 1.69e-03, 9.76e-01, 1.18e-01, 1.59e-03, 6.74e-04, 1.93e-01]
16700 [3.10e-01, 3.05e-01, 2.19e-01, 5.12e-04, 1.78e-03, 2.21e-03, 9.76e-01, 1.63e-01, 1.34e-03, 2.69e-06, 1.93e-01]
16800 [3.93e-01, 3.41e-01, 2.38e-01, 2.17e-04, 1.11e-02, 2.32e-03, 9.76e-01, 1.53e-01, 1.36e-03, 1.80e-04, 1.86e-01]
16900 [4.60e-01, 3.69e-01, 2.18e-01, 2.09e-04, 1.82e-02, 1.90e-03, 9.76e-01, 1.68e-01, 1.34e-03, 2.48e-04, 1.82e-01]
17000 [3.38e-01, 3.13e-01, 2.33e-01, 1.16e-04, 5.76e-02, 1.32e-03, 9.76e-01, 1.76e-01, 3.63e-04, 2.68e-03, 1.78e-01]
17100 [4.17e-01, 3.51e-01, 2.32e-01, 1.65e-04, 8.15e-02, 1.34e-03, 9.76e-01, 1.70e-01, 5.85e-04, 1.53e-03, 1.88e-01]
17200 [2.91e-01, 3.09e-01, 1.95e-01, 2.96e-03, 1.41e-04, 8.00e-04, 9.76e-01, 2.14e-01, 1.20e-03, 3.45e-04, 2.07e-01]
17300 [3.62e-01, 2.70e-01, 2.53e-01, 1.14e-03, 2.60e-02, 1.67e-03, 9.76e-01, 1.82e-01, 1.25e-03, 1.18e-03, 2.09e-01]
17400 [4.38e-01, 3.17e-01, 2.34e-01, 1.14e-03, 4.27e-02, 1.38e-03, 9.76e-01, 1.73e-01, 1.29e-03, 1.43e-03, 2.00e-01]
17500 [3.33e-01, 3.35e-01, 2.26e-01, 1.34e-03, 1.90e-02, 1.42e-03, 9.76e-01, 2.01e-01, 1.90e-03, 2.63e-03, 1.97e-01]
17600 [4.15e-01, 3.69e-01, 2.29e-01, 1.18e-03, 3.33e-02, 1.50e-03, 9.76e-01, 1.98e-01, 1.90e-03, 1.44e-03, 1.97e-01]
17700 [2.07e-01, 3.76e-01, 1.64e-01, 4.83e-03, 7.27e-04, 1.11e-02, 9.76e-01, 2.34e-01, 5.42e-03, 1.73e-02, 1.01e-01]
17800 [1.73e-01, 2.73e-01, 3.25e-01, 2.89e-05, 2.36e-03, 1.88e-03, 9.76e-01, 2.09e-01, 2.29e-04, 9.47e-03, 5.53e-02]
17900 [2.57e-01, 3.27e-01, 3.09e-01, 5.31e-05, 7.62e-03, 1.66e-03, 9.76e-01, 1.61e-01, 2.63e-04, 4.22e-03, 4.76e-02]
18000 [3.24e-01, 3.67e-01, 2.71e-01, 1.75e-04, 1.45e-02, 1.34e-03, 9.76e-01, 1.29e-01, 3.57e-04, 1.98e-03, 5.84e-02]
18100 [3.80e-01, 3.97e-01, 2.41e-01, 1.82e-04, 2.02e-02, 1.09e-03, 9.76e-01, 1.21e-01, 3.45e-04, 1.04e-03, 7.22e-02]
18200 [4.18e-01, 4.12e-01, 2.20e-01, 4.99e-04, 2.26e-02, 1.01e-03, 9.76e-01, 1.34e-01, 5.19e-04, 7.75e-04, 8.45e-02]
18300 [4.35e-01, 3.24e-01, 2.16e-01, 3.80e-04, 3.98e-04, 9.24e-04, 9.76e-01, 1.60e-01, 5.27e-04, 2.53e-05, 9.28e-02]
18400 [3.16e-01, 3.48e-01, 2.09e-01, 1.33e-03, 5.39e-03, 1.18e-03, 9.76e-01, 2.07e-01, 8.81e-04, 1.33e-04, 1.02e-01]
18500 [3.84e-01, 3.86e-01, 2.33e-01, 9.46e-04, 8.70e-03, 1.35e-03, 9.76e-01, 2.04e-01, 8.61e-04, 1.86e-04, 1.12e-01]
18600 [4.41e-01, 4.15e-01, 2.18e-01, 9.42e-04, 1.14e-02, 1.21e-03, 9.76e-01, 2.12e-01, 8.67e-04, 3.09e-04, 1.17e-01]
18700 [3.68e-01, 2.74e-01, 2.29e-01, 4.42e-04, 2.53e-02, 1.43e-03, 9.76e-01, 2.30e-01, 5.52e-04, 5.67e-05, 1.15e-01]
18800 [4.37e-01, 3.02e-01, 2.33e-01, 3.64e-04, 4.40e-02, 1.36e-03, 9.76e-01, 2.31e-01, 6.79e-04, 2.93e-04, 1.28e-01]
18900 [2.86e-01, 3.35e-01, 2.16e-01, 9.60e-06, 7.87e-03, 1.93e-03, 9.76e-01, 2.62e-01, 1.58e-05, 8.08e-03, 1.39e-01]
19000 [3.68e-01, 3.76e-01, 2.41e-01, 2.74e-05, 1.36e-02, 1.88e-03, 9.76e-01, 2.38e-01, 1.01e-04, 1.67e-03, 1.46e-01]
19100 [4.32e-01, 4.09e-01, 2.23e-01, 1.30e-04, 1.80e-02, 1.64e-03, 9.76e-01, 2.35e-01, 2.18e-04, 9.50e-04, 1.47e-01]
19200 [3.42e-01, 3.67e-01, 2.17e-01, 5.20e-05, 4.45e-02, 1.75e-03, 9.76e-01, 2.52e-01, 3.50e-05, 6.67e-04, 1.40e-01]
19300 [4.14e-01, 4.01e-01, 2.25e-01, 5.82e-05, 5.40e-02, 1.67e-03, 9.76e-01, 2.56e-01, 1.15e-04, 1.14e-03, 1.54e-01]
19400 [3.19e-01, 4.06e-01, 1.83e-01, 1.47e-03, 9.84e-02, 3.76e-03, 9.76e-01, 2.89e-01, 8.60e-04, 7.34e-03, 1.73e-01]
19500 [3.55e-01, 3.46e-01, 2.41e-01, 2.26e-04, 1.98e-02, 1.23e-03, 9.76e-01, 2.45e-01, 5.32e-04, 2.25e-03, 1.54e-01]
19600 [4.27e-01, 3.87e-01, 2.27e-01, 2.92e-04, 3.95e-02, 1.08e-03, 9.76e-01, 2.39e-01, 6.43e-04, 1.20e-03, 1.57e-01]
19700 [2.94e-01, 3.95e-01, 2.01e-01, 1.65e-03, 8.77e-03, 7.44e-04, 9.76e-01, 2.74e-01, 1.71e-03, 1.40e-03, 1.69e-01]
19800 [3.74e-01, 4.25e-01, 2.33e-01, 1.09e-03, 3.31e-02, 9.53e-04, 9.76e-01, 2.61e-01, 1.51e-03, 6.18e-04, 1.74e-01]
19900 [4.40e-01, 4.53e-01, 2.15e-01, 1.15e-03, 4.97e-02, 8.36e-04, 9.76e-01, 2.68e-01, 1.51e-03, 6.89e-04, 1.78e-01]
20000 [4.54e-01, 4.54e-01, 1.96e-01, 1.91e-03, 6.55e-02, 1.42e-03, 9.76e-01, 3.04e-01, 1.69e-03, 3.35e-04, 1.96e-01]
20000 [4.54e-01, 4.54e-01, 1.96e-01, 1.91e-03, 6.55e-02, 1.42e-03, 9.76e-01, 3.04e-01, 1.69e-03, 3.35e-04, 1.96e-01]
20100 [3.88e-01, 4.26e-01, 1.46e-01, 2.97e-03, 8.69e-02, 1.01e-01, 9.76e-01, 2.98e-01, 4.98e-02, 9.48e-05, 1.98e-01]
20200 [3.92e-01, 4.19e-01, 1.40e-01, 1.51e-04, 9.09e-02, 8.47e-02, 9.76e-01, 2.98e-01, 3.72e-02, 1.92e-02, 2.00e-01]
20300 [3.97e-01, 4.12e-01, 1.32e-01, 2.56e-04, 9.35e-02, 6.13e-02, 9.76e-01, 3.13e-01, 3.88e-03, 2.78e-02, 2.01e-01]
20400 [4.03e-01, 4.06e-01, 1.31e-01, 2.30e-04, 9.64e-02, 2.81e-02, 9.76e-01, 3.30e-01, 3.92e-05, 2.58e-02, 2.04e-01]
20500 [4.10e-01, 4.02e-01, 1.43e-01, 2.25e-04, 9.96e-02, 2.90e-04, 9.76e-01, 3.41e-01, 4.95e-05, 1.89e-02, 2.11e-01]
20600 [4.18e-01, 4.00e-01, 1.59e-01, 2.02e-04, 1.04e-01, 3.25e-04, 9.76e-01, 3.48e-01, 1.81e-04, 1.24e-02, 2.20e-01]
20700 [4.27e-01, 3.99e-01, 1.73e-01, 1.89e-04, 1.12e-01, 3.93e-04, 9.76e-01, 3.51e-01, 3.28e-04, 7.86e-03, 2.35e-01]
20800 [4.35e-01, 3.99e-01, 1.85e-01, 2.08e-04, 1.20e-01, 7.33e-04, 9.76e-01, 3.54e-01, 1.04e-04, 4.70e-03, 2.52e-01]
20900 [4.45e-01, 4.00e-01, 1.93e-01, 2.24e-04, 1.27e-01, 6.82e-04, 9.76e-01, 3.56e-01, 4.43e-04, 2.83e-03, 2.69e-01]
21000 [4.54e-01, 4.01e-01, 1.97e-01, 4.38e-04, 1.33e-01, 1.23e-03, 9.76e-01, 3.59e-01, 1.23e-04, 1.47e-03, 2.84e-01]
21100 [4.61e-01, 4.02e-01, 1.97e-01, 4.81e-04, 1.37e-01, 8.25e-04, 9.76e-01, 3.62e-01, 3.43e-04, 1.07e-03, 2.98e-01]
21200 [4.67e-01, 4.04e-01, 1.95e-01, 8.84e-04, 1.41e-01, 1.35e-03, 9.76e-01, 3.66e-01, 4.81e-04, 3.86e-04, 3.15e-01]
21300 [4.76e-01, 4.05e-01, 1.97e-01, 4.85e-04, 1.48e-01, 1.47e-03, 9.76e-01, 3.69e-01, 5.85e-04, 1.43e-03, 3.36e-01]
21400 [4.75e-01, 4.07e-01, 1.95e-01, 1.87e-05, 1.40e-01, 1.11e-03, 9.76e-01, 3.74e-01, 1.08e-03, 3.40e-03, 3.60e-01]
21500 [4.75e-01, 4.09e-01, 1.93e-01, 8.50e-04, 1.34e-01, 7.74e-05, 9.76e-01, 3.79e-01, 1.62e-03, 3.26e-03, 3.80e-01]
21600 [4.76e-01, 4.10e-01, 1.95e-01, 2.70e-05, 1.21e-01, 1.07e-03, 9.76e-01, 3.84e-01, 5.66e-04, 7.01e-04, 3.98e-01]
21700 [4.87e-01, 4.13e-01, 1.96e-01, 2.12e-03, 1.26e-01, 1.18e-04, 9.76e-01, 3.89e-01, 4.51e-03, 1.80e-03, 4.12e-01]
21800 [4.78e-01, 4.14e-01, 1.96e-01, 7.66e-04, 9.30e-02, 1.20e-03, 9.76e-01, 3.97e-01, 5.76e-04, 4.49e-04, 4.23e-01]
21900 [4.67e-01, 4.16e-01, 1.94e-01, 1.39e-04, 1.02e-01, 1.03e-03, 9.76e-01, 4.03e-01, 2.63e-05, 8.89e-04, 4.24e-01]
22000 [4.82e-01, 4.19e-01, 1.97e-01, 1.11e-04, 1.08e-01, 1.38e-03, 9.76e-01, 4.08e-01, 6.04e-05, 1.35e-03, 4.32e-01]
22100 [4.76e-01, 4.21e-01, 1.94e-01, 9.59e-04, 5.02e-02, 1.09e-03, 9.76e-01, 4.17e-01, 3.63e-05, 2.09e-04, 4.23e-01]
22200 [4.55e-01, 4.23e-01, 1.94e-01, 1.14e-03, 6.04e-02, 1.25e-03, 9.76e-01, 4.23e-01, 1.79e-03, 1.66e-03, 4.16e-01]
22300 [4.75e-01, 4.26e-01, 1.98e-01, 9.94e-04, 6.16e-02, 1.55e-03, 9.76e-01, 4.30e-01, 1.32e-03, 1.76e-03, 4.13e-01]
22400 [4.76e-01, 4.28e-01, 1.92e-01, 1.11e-03, 4.03e-02, 2.40e-03, 9.76e-01, 4.38e-01, 1.11e-03, 6.13e-04, 4.05e-01]
22500 [4.58e-01, 4.30e-01, 1.95e-01, 3.65e-04, 5.97e-02, 1.41e-03, 9.76e-01, 4.46e-01, 1.24e-05, 7.33e-05, 4.00e-01]
22600 [4.73e-01, 4.33e-01, 1.94e-01, 3.78e-03, 5.68e-02, 1.02e-02, 9.76e-01, 4.54e-01, 1.19e-02, 1.31e-03, 3.99e-01]
22700 [4.72e-01, 4.36e-01, 1.94e-01, 1.26e-03, 1.11e-03, 2.36e-03, 9.76e-01, 4.63e-01, 8.24e-04, 9.67e-04, 3.85e-01]
22800 [4.52e-01, 4.38e-01, 1.96e-01, 1.25e-03, 6.66e-02, 1.87e-03, 9.76e-01, 4.70e-01, 2.01e-03, 4.79e-03, 3.63e-01]
22900 [4.58e-01, 4.42e-01, 1.93e-01, 1.01e-03, 5.40e-02, 2.75e-04, 9.76e-01, 4.79e-01, 1.41e-02, 8.79e-04, 3.64e-01]
23000 [4.76e-01, 4.45e-01, 1.95e-01, 1.59e-04, 3.09e-02, 2.01e-03, 9.76e-01, 4.87e-01, 1.60e-03, 1.58e-03, 3.62e-01]
23100 [4.58e-01, 4.47e-01, 1.97e-01, 8.53e-04, 5.48e-02, 1.75e-03, 9.76e-01, 4.95e-01, 2.16e-03, 2.51e-03, 3.57e-01]
23200 [4.51e-01, 4.50e-01, 1.92e-01, 1.67e-03, 2.50e-02, 1.59e-03, 9.76e-01, 5.04e-01, 1.23e-03, 4.52e-03, 3.61e-01]
23300 [4.45e-01, 4.53e-01, 1.92e-01, 1.16e-03, 5.28e-02, 3.05e-04, 9.76e-01, 5.12e-01, 1.44e-04, 2.48e-03, 3.47e-01]
23400 [4.74e-01, 4.57e-01, 1.96e-01, 6.00e-04, 5.74e-02, 1.88e-03, 9.76e-01, 5.19e-01, 9.55e-05, 2.20e-03, 3.42e-01]
23500 [4.57e-01, 4.59e-01, 1.97e-01, 2.19e-05, 2.05e-02, 2.11e-03, 9.76e-01, 5.27e-01, 1.37e-03, 1.87e-03, 3.33e-01]
23600 [4.72e-01, 4.63e-01, 1.93e-01, 5.57e-04, 5.04e-02, 1.76e-03, 9.76e-01, 5.35e-01, 1.71e-03, 1.61e-03, 3.23e-01]
23700 [4.68e-01, 4.66e-01, 1.92e-01, 1.14e-03, 5.45e-02, 2.22e-03, 9.76e-01, 5.44e-01, 2.39e-03, 1.40e-04, 3.21e-01]
23800 [4.63e-01, 4.69e-01, 1.93e-01, 8.97e-07, 5.74e-02, 1.36e-03, 9.76e-01, 5.53e-01, 1.14e-03, 6.59e-04, 3.25e-01]
23900 [4.45e-01, 4.72e-01, 1.90e-01, 1.03e-04, 6.65e-02, 1.21e-03, 9.76e-01, 5.62e-01, 1.74e-03, 1.12e-03, 3.34e-01]
24000 [4.37e-01, 4.76e-01, 1.90e-01, 1.42e-05, 6.16e-02, 2.27e-03, 9.76e-01, 5.70e-01, 2.72e-03, 5.24e-03, 3.30e-01]
24100 [4.64e-01, 4.79e-01, 1.90e-01, 5.17e-05, 4.70e-02, 1.59e-03, 9.76e-01, 5.77e-01, 8.70e-04, 8.63e-05, 3.16e-01]
24200 [4.49e-01, 4.83e-01, 1.94e-01, 1.42e-03, 3.70e-02, 2.66e-03, 9.76e-01, 5.85e-01, 2.03e-03, 4.75e-04, 3.01e-01]
24300 [4.71e-01, 4.86e-01, 1.90e-01, 1.63e-03, 4.04e-02, 1.90e-03, 9.76e-01, 5.94e-01, 1.67e-03, 1.27e-03, 2.91e-01]
24400 [3.99e-01, 4.80e-01, 2.10e-01, 1.01e-03, 1.23e-02, 4.18e-03, 9.76e-01, 5.84e-01, 3.50e-04, 1.53e-03, 2.24e-01]
24500 [4.40e-01, 4.87e-01, 1.93e-01, 5.73e-05, 1.72e-02, 9.13e-04, 9.76e-01, 5.84e-01, 7.46e-04, 7.57e-07, 2.19e-01]
24600 [3.51e-01, 4.79e-01, 1.94e-01, 2.16e-03, 1.33e-02, 2.73e-03, 9.76e-01, 5.88e-01, 2.27e-03, 4.23e-03, 2.12e-01]
24700 [4.19e-01, 4.84e-01, 2.10e-01, 1.55e-03, 1.54e-02, 2.37e-03, 9.76e-01, 5.67e-01, 1.65e-03, 1.23e-03, 1.73e-01]
24800 [3.38e-01, 4.91e-01, 1.85e-01, 4.27e-03, 6.77e-02, 1.14e-02, 9.76e-01, 5.71e-01, 1.49e-03, 9.95e-03, 1.65e-01]
24900 [3.55e-01, 4.86e-01, 2.25e-01, 9.00e-05, 8.88e-03, 2.70e-03, 9.76e-01, 5.08e-01, 3.15e-04, 3.03e-05, 3.93e-02]
25000 [4.27e-01, 4.98e-01, 2.14e-01, 2.38e-04, 2.12e-02, 2.36e-03, 9.76e-01, 4.92e-01, 6.41e-04, 4.15e-04, 7.50e-02]
25100 [3.45e-01, 4.92e-01, 2.05e-01, 2.27e-04, 4.95e-03, 4.13e-04, 9.76e-01, 4.95e-01, 1.00e-03, 7.09e-03, 1.34e-01]
25200 [4.18e-01, 5.00e-01, 2.13e-01, 1.41e-04, 3.77e-02, 1.52e-03, 9.76e-01, 4.87e-01, 1.69e-03, 1.14e-03, 1.67e-01]
25300 [3.83e-01, 5.06e-01, 1.88e-01, 1.81e-03, 5.93e-02, 5.01e-04, 9.76e-01, 4.98e-01, 5.55e-04, 3.85e-03, 2.08e-01]
25400 [4.46e-01, 5.16e-01, 2.02e-01, 1.10e-03, 9.43e-03, 1.73e-03, 9.76e-01, 5.03e-01, 1.39e-03, 1.10e-03, 1.40e-01]
25500 [4.36e-01, 5.19e-01, 1.99e-01, 1.80e-03, 3.69e-03, 2.16e-03, 9.76e-01, 5.24e-01, 1.47e-03, 7.27e-05, 1.48e-01]
25600 [4.64e-01, 5.21e-01, 1.88e-01, 1.82e-03, 5.19e-02, 2.08e-03, 9.76e-01, 5.44e-01, 2.28e-03, 5.53e-04, 1.65e-01]
25700 [4.41e-01, 5.23e-01, 1.95e-01, 3.02e-04, 1.07e-02, 1.80e-03, 9.76e-01, 5.66e-01, 1.04e-03, 4.96e-04, 1.55e-01]
25800 [4.60e-01, 5.27e-01, 1.87e-01, 1.31e-03, 3.68e-02, 1.68e-03, 9.76e-01, 5.90e-01, 1.52e-03, 1.25e-03, 1.56e-01]
25900 [3.97e-01, 5.27e-01, 1.94e-01, 2.09e-03, 9.55e-03, 1.95e-03, 9.76e-01, 6.11e-01, 1.65e-03, 2.30e-05, 1.00e-01]
26000 [4.68e-01, 5.33e-01, 1.92e-01, 2.10e-03, 3.09e-02, 1.91e-03, 9.76e-01, 6.19e-01, 1.82e-03, 6.31e-04, 1.12e-01]
26100 [4.63e-01, 5.33e-01, 1.87e-01, 2.31e-03, 5.03e-04, 2.08e-03, 9.76e-01, 6.48e-01, 1.45e-03, 1.52e-03, 1.16e-01]
26200 [4.63e-01, 5.34e-01, 1.87e-01, 9.38e-04, 1.67e-03, 1.54e-03, 9.76e-01, 6.76e-01, 1.90e-03, 2.83e-04, 8.79e-02]
26300 [4.78e-01, 5.37e-01, 1.87e-01, 1.04e-03, 3.93e-03, 1.62e-03, 9.76e-01, 6.97e-01, 7.79e-04, 5.80e-04, 6.27e-02]
26400 [4.64e-01, 5.39e-01, 1.89e-01, 8.76e-04, 2.40e-02, 1.88e-03, 9.76e-01, 7.04e-01, 3.03e-03, 2.11e-04, 5.37e-02]
26500 [4.65e-01, 5.38e-01, 1.83e-01, 2.41e-03, 6.00e-06, 2.50e-03, 9.76e-01, 7.28e-01, 3.13e-03, 3.05e-05, 4.54e-02]
26600 [4.73e-01, 5.41e-01, 1.84e-01, 4.53e-05, 1.06e-02, 1.18e-03, 9.76e-01, 7.50e-01, 3.24e-05, 2.13e-05, 2.62e-02]
26700 [3.21e-01, 5.39e-01, 2.04e-01, 9.25e-04, 3.03e-04, 1.33e-03, 9.76e-01, 6.84e-01, 3.25e-04, 1.52e-05, 1.98e-05]
26800 [4.35e-01, 5.48e-01, 2.08e-01, 6.46e-04, 1.05e-02, 9.27e-04, 9.76e-01, 6.56e-01, 3.83e-04, 3.56e-04, 2.19e-03]
26900 [4.19e-01, 5.45e-01, 1.96e-01, 6.02e-05, 1.26e-02, 7.57e-04, 9.76e-01, 6.71e-01, 7.80e-05, 6.71e-04, 3.60e-03]
27000 [4.16e-01, 5.44e-01, 1.87e-01, 3.64e-03, 1.69e-02, 6.89e-04, 9.76e-01, 6.90e-01, 1.14e-03, 1.07e-03, 6.00e-03]
27100 [4.62e-01, 5.49e-01, 1.98e-01, 1.48e-03, 6.57e-03, 5.72e-04, 9.76e-01, 6.76e-01, 1.26e-03, 9.31e-07, 7.00e-03]
27200 [4.58e-01, 5.44e-01, 1.89e-01, 6.06e-04, 4.87e-03, 4.57e-04, 9.76e-01, 7.01e-01, 6.16e-04, 6.09e-04, 8.42e-03]
27300 [4.71e-01, 5.49e-01, 1.92e-01, 3.30e-03, 2.40e-03, 7.15e-04, 9.76e-01, 7.19e-01, 2.32e-03, 2.00e-06, 9.07e-03]
27400 [3.26e-01, 5.34e-01, 1.87e-01, 1.13e-03, 1.25e-02, 1.08e-03, 9.76e-01, 7.35e-01, 5.21e-04, 4.46e-04, 8.60e-03]
27500 [4.31e-01, 5.26e-01, 2.14e-01, 6.96e-04, 6.98e-02, 9.44e-04, 9.76e-01, 6.14e-01, 1.41e-03, 9.43e-06, 1.20e-02]
27600 [4.58e-01, 5.35e-01, 1.99e-01, 1.90e-03, 1.68e-03, 8.76e-04, 9.76e-01, 6.33e-01, 8.57e-04, 5.28e-07, 1.59e-02]
27700 [4.05e-01, 5.05e-01, 2.11e-01, 7.99e-04, 4.24e-05, 6.81e-04, 9.76e-01, 5.96e-01, 1.37e-03, 6.24e-05, 1.28e-02]
27800 [1.61e-01, 4.77e-01, 1.82e-01, 4.50e-03, 2.01e-03, 2.80e-03, 9.76e-01, 5.55e-01, 9.74e-03, 1.21e-04, 1.61e-02]
27900 [3.22e-01, 4.64e-01, 2.55e-01, 3.91e-04, 4.51e-02, 2.05e-03, 9.76e-01, 3.91e-01, 9.11e-04, 3.17e-04, 3.01e-02]
28000 [3.89e-01, 4.86e-01, 2.28e-01, 1.53e-05, 1.96e-04, 1.58e-03, 9.76e-01, 3.95e-01, 1.50e-04, 2.46e-05, 4.30e-02]
28100 [4.60e-01, 5.05e-01, 2.04e-01, 1.32e-03, 1.85e-02, 1.35e-03, 9.76e-01, 4.31e-01, 1.47e-03, 5.64e-04, 4.46e-02]
28200 [4.49e-01, 5.10e-01, 2.02e-01, 1.54e-03, 2.99e-03, 1.33e-03, 9.76e-01, 4.97e-01, 2.12e-03, 7.28e-04, 4.11e-02]
28300 [3.03e-01, 4.81e-01, 2.13e-01, 6.67e-04, 1.00e-02, 1.82e-03, 9.76e-01, 4.69e-01, 1.12e-03, 4.30e-03, 3.57e-02]
28400 [4.17e-01, 5.09e-01, 2.20e-01, 7.08e-04, 6.29e-03, 1.70e-03, 9.76e-01, 4.49e-01, 1.27e-03, 1.83e-06, 3.86e-02]
28500 [4.03e-01, 5.11e-01, 1.98e-01, 3.79e-04, 1.80e-02, 1.11e-03, 9.76e-01, 4.93e-01, 6.59e-04, 1.44e-05, 3.89e-02]
28600 [4.80e-01, 5.06e-01, 2.01e-01, 1.00e-04, 1.44e-03, 1.36e-03, 9.76e-01, 5.11e-01, 1.31e-03, 5.56e-06, 3.57e-02]
28700 [3.06e-01, 4.78e-01, 2.28e-01, 1.13e-03, 1.87e-02, 1.92e-03, 9.76e-01, 4.67e-01, 8.75e-04, 3.15e-04, 3.70e-02]
28800 [4.10e-01, 4.98e-01, 2.23e-01, 1.09e-03, 3.77e-02, 1.72e-03, 9.76e-01, 4.25e-01, 9.06e-04, 1.03e-04, 4.62e-02]
28900 [3.45e-01, 5.18e-01, 1.88e-01, 4.99e-03, 5.02e-02, 1.03e-03, 9.76e-01, 4.51e-01, 4.06e-03, 2.16e-03, 5.33e-02]
29000 [3.77e-01, 4.98e-01, 2.21e-01, 1.02e-03, 9.39e-02, 1.42e-03, 9.76e-01, 4.10e-01, 1.64e-03, 1.05e-03, 5.60e-02]
29100 [4.62e-01, 5.24e-01, 2.06e-01, 9.41e-04, 1.61e-01, 1.22e-03, 9.76e-01, 4.15e-01, 1.59e-03, 6.78e-04, 7.98e-02]
29200 [3.39e-01, 5.33e-01, 2.02e-01, 1.45e-05, 3.08e-05, 1.05e-03, 9.76e-01, 4.77e-01, 1.59e-03, 1.10e-06, 9.75e-02]
29300 [4.30e-01, 5.48e-01, 2.08e-01, 6.40e-05, 4.35e-03, 1.11e-03, 9.76e-01, 4.74e-01, 1.92e-03, 3.47e-04, 9.57e-02]
29400 [4.66e-01, 5.04e-01, 2.02e-01, 4.31e-04, 3.05e-04, 1.04e-03, 9.76e-01, 4.74e-01, 2.14e-03, 3.44e-05, 9.44e-02]
29500 [4.07e-01, 4.99e-01, 1.99e-01, 1.61e-03, 2.33e-04, 1.33e-03, 9.76e-01, 5.11e-01, 2.28e-03, 5.22e-05, 9.41e-02]
29600 [4.90e-01, 5.23e-01, 1.97e-01, 1.35e-03, 4.85e-05, 1.38e-03, 9.76e-01, 5.32e-01, 2.30e-03, 5.70e-05, 8.91e-02]
29700 [3.14e-01, 4.89e-01, 2.24e-01, 2.95e-04, 1.14e-02, 1.37e-03, 9.76e-01, 4.77e-01, 1.54e-03, 6.45e-07, 9.57e-02]
29800 [4.15e-01, 5.19e-01, 2.20e-01, 3.93e-04, 1.65e-02, 1.33e-03, 9.76e-01, 4.52e-01, 1.84e-03, 1.00e-04, 9.61e-02]
29900 [4.67e-01, 5.35e-01, 1.96e-01, 1.02e-04, 2.36e-02, 9.09e-04, 9.76e-01, 4.82e-01, 1.09e-03, 2.95e-06, 9.58e-02]
30000 [4.75e-01, 5.42e-01, 1.85e-01, 4.33e-05, 1.69e-02, 3.79e-04, 9.76e-01, 5.49e-01, 4.63e-04, 1.24e-08, 9.35e-02]
30000 [4.75e-01, 5.42e-01, 1.85e-01, 4.33e-05, 1.69e-02, 3.79e-04, 9.76e-01, 5.49e-01, 4.63e-04, 1.24e-08, 9.35e-02]
30100 [4.06e-01, 5.15e-01, 1.57e-01, 3.50e-03, 1.72e-03, 6.14e-03, 9.73e-01, 5.30e-01, 3.01e-02, 2.49e-02, 3.65e-02]
30200 [4.12e-01, 5.10e-01, 1.63e-01, 2.59e-05, 3.05e-03, 4.27e-05, 9.73e-01, 5.28e-01, 2.18e-02, 1.95e-02, 3.42e-02]
30300 [4.19e-01, 5.05e-01, 1.75e-01, 3.86e-05, 2.85e-03, 7.47e-05, 9.73e-01, 5.31e-01, 1.34e-02, 1.29e-02, 3.24e-02]
30400 [4.27e-01, 5.03e-01, 1.84e-01, 3.84e-05, 2.93e-03, 1.14e-04, 9.73e-01, 5.34e-01, 4.21e-03, 6.61e-03, 3.55e-02]
30500 [4.35e-01, 5.02e-01, 1.90e-01, 3.74e-05, 3.22e-03, 1.51e-04, 9.73e-01, 5.35e-01, 8.14e-05, 2.53e-03, 4.02e-02]
30600 [4.45e-01, 5.03e-01, 1.94e-01, 4.59e-05, 3.36e-03, 1.82e-04, 9.73e-01, 5.35e-01, 9.18e-05, 9.01e-04, 4.26e-02]
30700 [4.56e-01, 5.03e-01, 1.96e-01, 5.78e-05, 3.08e-03, 2.07e-04, 9.73e-01, 5.35e-01, 1.01e-04, 2.27e-04, 4.21e-02]
30800 [4.67e-01, 5.04e-01, 1.95e-01, 7.03e-05, 2.57e-03, 2.28e-04, 9.73e-01, 5.35e-01, 1.10e-04, 6.85e-07, 4.02e-02]
30900 [4.78e-01, 5.05e-01, 1.94e-01, 8.32e-05, 2.04e-03, 2.45e-04, 9.73e-01, 5.36e-01, 1.18e-04, 1.43e-06, 3.81e-02]
31000 [4.90e-01, 5.07e-01, 1.91e-01, 9.66e-05, 1.56e-03, 2.59e-04, 9.73e-01, 5.37e-01, 1.28e-04, 1.90e-06, 3.64e-02]
31100 [5.03e-01, 5.08e-01, 1.88e-01, 1.11e-04, 1.09e-03, 2.72e-04, 9.73e-01, 5.39e-01, 1.37e-04, 2.14e-06, 3.51e-02]
31200 [5.15e-01, 5.10e-01, 1.84e-01, 4.69e-04, 5.49e-04, 3.40e-04, 9.73e-01, 5.41e-01, 2.52e-04, 3.81e-07, 3.41e-02]
31300 [5.06e-01, 5.11e-01, 1.86e-01, 3.44e-04, 3.36e-06, 4.01e-04, 9.73e-01, 5.44e-01, 2.20e-04, 1.11e-05, 3.44e-02]
31400 [5.21e-01, 5.13e-01, 1.84e-01, 3.52e-04, 3.51e-06, 4.13e-04, 9.73e-01, 5.46e-01, 2.30e-04, 9.96e-06, 3.29e-02]
31500 [4.89e-01, 5.14e-01, 1.83e-01, 8.77e-05, 1.00e-05, 2.43e-04, 9.73e-01, 5.50e-01, 1.26e-04, 2.21e-05, 3.76e-02]
31600 [5.06e-01, 5.16e-01, 1.87e-01, 4.13e-05, 1.35e-06, 2.92e-04, 9.73e-01, 5.53e-01, 1.40e-04, 7.78e-07, 3.83e-02]
31700 [5.24e-01, 5.19e-01, 1.83e-01, 6.47e-05, 2.45e-06, 3.03e-04, 9.73e-01, 5.56e-01, 1.56e-04, 1.56e-08, 3.77e-02]
31800 [4.85e-01, 5.15e-01, 2.01e-01, 4.61e-04, 1.58e-03, 3.14e-04, 9.73e-01, 5.58e-01, 1.09e-04, 1.44e-03, 3.08e-02]
31900 [5.06e-01, 5.17e-01, 1.88e-01, 4.14e-04, 7.83e-07, 2.78e-04, 9.73e-01, 5.60e-01, 8.34e-05, 1.85e-08, 2.73e-02]
32000 [5.11e-01, 5.20e-01, 1.78e-01, 2.03e-03, 3.58e-03, 5.99e-04, 9.73e-01, 5.64e-01, 4.56e-04, 3.09e-04, 2.90e-02]
32100 [4.90e-01, 5.23e-01, 1.87e-01, 5.76e-04, 1.11e-02, 5.81e-04, 9.73e-01, 5.69e-01, 3.62e-04, 6.64e-06, 3.59e-02]
32200 [5.15e-01, 5.26e-01, 1.85e-01, 5.80e-04, 1.09e-02, 5.89e-04, 9.73e-01, 5.73e-01, 3.72e-04, 9.57e-06, 3.85e-02]
32300 [4.90e-01, 5.28e-01, 1.86e-01, 6.69e-04, 2.00e-07, 8.36e-04, 9.73e-01, 5.79e-01, 3.33e-04, 1.63e-05, 4.24e-02]
32400 [5.17e-01, 5.32e-01, 1.84e-01, 6.55e-04, 1.23e-06, 8.52e-04, 9.73e-01, 5.82e-01, 3.49e-04, 1.24e-05, 4.27e-02]
32500 [4.60e-01, 5.34e-01, 1.86e-01, 1.79e-04, 1.87e-02, 6.32e-04, 9.73e-01, 5.90e-01, 9.80e-05, 7.86e-06, 4.28e-02]
32600 [4.92e-01, 5.37e-01, 1.89e-01, 1.83e-04, 1.87e-02, 6.89e-04, 9.73e-01, 5.92e-01, 1.25e-04, 1.26e-07, 4.70e-02]
32700 [5.02e-01, 5.41e-01, 1.85e-01, 2.16e-03, 9.40e-03, 4.81e-04, 9.73e-01, 5.97e-01, 1.35e-03, 9.89e-04, 5.13e-02]
32800 [4.93e-01, 5.43e-01, 1.87e-01, 7.90e-04, 1.53e-02, 8.22e-04, 9.73e-01, 6.03e-01, 2.14e-04, 9.68e-07, 5.37e-02]
32900 [4.66e-01, 5.46e-01, 1.81e-01, 3.80e-04, 2.09e-02, 3.54e-04, 9.73e-01, 6.10e-01, 7.91e-03, 2.69e-04, 5.91e-02]
33000 [4.95e-01, 5.49e-01, 1.87e-01, 1.36e-04, 1.94e-02, 7.08e-04, 9.73e-01, 6.13e-01, 1.60e-04, 1.12e-07, 5.95e-02]
33100 [4.48e-01, 5.45e-01, 1.93e-01, 3.61e-04, 1.64e-02, 5.64e-04, 9.73e-01, 6.15e-01, 4.37e-04, 4.18e-04, 7.03e-02]
33200 [4.88e-01, 5.44e-01, 1.90e-01, 5.77e-04, 8.46e-03, 9.15e-04, 9.73e-01, 6.16e-01, 4.09e-04, 7.75e-06, 4.84e-02]
33300 [4.52e-01, 5.48e-01, 1.95e-01, 9.71e-04, 1.24e-03, 1.01e-03, 9.73e-01, 6.21e-01, 1.99e-04, 1.98e-05, 3.75e-02]
33400 [4.98e-01, 5.53e-01, 1.88e-01, 9.82e-04, 1.30e-04, 9.58e-04, 9.73e-01, 6.24e-01, 2.32e-04, 1.49e-05, 3.47e-02]
33500 [4.19e-01, 5.49e-01, 1.92e-01, 9.90e-04, 4.96e-03, 1.50e-03, 9.73e-01, 6.31e-01, 7.34e-04, 1.51e-04, 2.17e-02]
33600 [4.74e-01, 5.55e-01, 1.93e-01, 8.71e-04, 4.44e-03, 1.50e-03, 9.73e-01, 6.30e-01, 7.39e-04, 3.29e-05, 1.56e-02]
33700 [4.14e-01, 5.56e-01, 1.93e-01, 3.54e-04, 2.47e-02, 1.03e-03, 9.73e-01, 6.34e-01, 5.47e-04, 2.68e-05, 1.69e-03]
33800 [4.66e-01, 5.60e-01, 1.95e-01, 1.94e-04, 2.26e-02, 1.05e-03, 9.73e-01, 6.34e-01, 5.58e-04, 3.45e-06, 8.70e-03]
33900 [4.43e-01, 5.66e-01, 1.78e-01, 2.86e-03, 2.51e-02, 1.67e-03, 9.73e-01, 6.42e-01, 8.38e-04, 3.81e-04, 1.64e-02]
34000 [4.57e-01, 5.64e-01, 1.93e-01, 1.09e-03, 2.46e-02, 1.49e-03, 9.73e-01, 6.43e-01, 6.36e-04, 5.59e-06, 1.60e-02]
34100 [5.08e-01, 5.71e-01, 1.86e-01, 2.73e-03, 2.42e-02, 7.82e-04, 9.73e-01, 6.49e-01, 1.65e-04, 1.26e-04, 2.56e-02]
34200 [3.84e-01, 5.63e-01, 2.06e-01, 6.88e-05, 1.62e-02, 1.60e-03, 9.73e-01, 6.39e-01, 7.69e-04, 1.22e-05, 9.40e-03]
34300 [4.57e-01, 5.71e-01, 1.99e-01, 1.42e-04, 1.65e-02, 1.50e-03, 9.73e-01, 6.35e-01, 8.55e-04, 1.27e-05, 1.49e-02]
34400 [4.31e-01, 5.77e-01, 1.93e-01, 1.27e-03, 3.93e-03, 1.43e-03, 9.73e-01, 6.41e-01, 7.58e-04, 1.81e-05, 1.96e-02]
34500 [4.98e-01, 5.85e-01, 1.87e-01, 1.17e-03, 2.11e-03, 1.27e-03, 9.73e-01, 6.46e-01, 7.17e-04, 1.65e-05, 1.40e-02]
34600 [3.39e-01, 5.73e-01, 1.98e-01, 1.18e-03, 4.74e-02, 8.65e-04, 9.73e-01, 6.40e-01, 1.55e-04, 9.11e-04, 6.37e-03]
34700 [4.25e-01, 5.82e-01, 2.06e-01, 1.16e-03, 5.20e-02, 1.17e-03, 9.73e-01, 6.27e-01, 2.76e-04, 1.43e-04, 3.88e-02]
34800 [4.45e-01, 5.91e-01, 2.05e-01, 1.54e-03, 2.77e-05, 1.78e-03, 9.73e-01, 6.29e-01, 8.05e-04, 1.25e-05, 5.82e-02]
34900 [4.46e-01, 5.98e-01, 1.76e-01, 1.08e-03, 3.08e-02, 1.20e-03, 9.73e-01, 6.40e-01, 7.36e-03, 9.96e-04, 4.05e-02]
35000 [5.03e-01, 6.06e-01, 1.83e-01, 5.40e-04, 2.35e-02, 1.49e-03, 9.73e-01, 6.52e-01, 4.53e-04, 2.12e-04, 5.22e-02]
35100 [4.06e-01, 6.09e-01, 2.02e-01, 2.88e-05, 1.57e-03, 2.06e-03, 9.73e-01, 6.50e-01, 8.47e-04, 1.37e-04, 5.49e-02]
35200 [4.85e-01, 6.15e-01, 1.89e-01, 6.26e-05, 2.70e-03, 1.62e-03, 9.73e-01, 6.51e-01, 1.07e-03, 6.64e-04, 5.44e-02]
35300 [4.86e-01, 6.16e-01, 1.77e-01, 2.40e-04, 2.35e-02, 8.79e-04, 9.73e-01, 6.70e-01, 1.02e-03, 7.19e-04, 5.47e-02]
35400 [4.78e-01, 6.16e-01, 1.78e-01, 8.99e-05, 2.32e-02, 1.36e-03, 9.73e-01, 6.92e-01, 7.46e-04, 6.01e-04, 6.56e-02]
35500 [4.53e-01, 6.16e-01, 1.84e-01, 1.18e-04, 3.05e-02, 1.52e-03, 9.73e-01, 7.12e-01, 1.56e-03, 1.93e-04, 7.57e-02]
35600 [4.90e-01, 6.20e-01, 1.77e-01, 7.09e-04, 4.77e-02, 1.53e-03, 9.73e-01, 7.26e-01, 1.61e-03, 4.15e-06, 9.44e-02]
35700 [4.33e-01, 5.97e-01, 1.93e-01, 9.19e-04, 5.64e-02, 1.86e-03, 9.73e-01, 7.22e-01, 9.86e-04, 7.34e-05, 1.10e-01]
35800 [1.97e-01, 5.99e-01, 1.79e-01, 3.80e-03, 7.72e-03, 7.23e-04, 9.73e-01, 7.06e-01, 1.06e-03, 8.85e-03, 6.01e-02]
35900 [2.58e-01, 5.72e-01, 2.64e-01, 2.29e-04, 1.66e-03, 1.58e-03, 9.73e-01, 6.14e-01, 2.75e-04, 9.02e-04, 2.10e-02]
36000 [3.59e-01, 5.89e-01, 2.38e-01, 4.42e-04, 5.63e-03, 1.17e-03, 9.73e-01, 5.59e-01, 5.63e-04, 3.21e-07, 4.17e-02]
36100 [3.96e-01, 6.04e-01, 1.99e-01, 2.80e-03, 1.34e-02, 1.67e-03, 9.73e-01, 5.47e-01, 3.12e-03, 3.65e-05, 3.39e-02]
36200 [4.12e-01, 6.06e-01, 2.05e-01, 1.21e-03, 2.95e-02, 1.13e-03, 9.73e-01, 5.47e-01, 1.52e-03, 3.32e-06, 4.84e-03]
36300 [4.79e-01, 6.17e-01, 1.91e-01, 1.05e-03, 3.20e-02, 8.45e-04, 9.73e-01, 5.61e-01, 1.24e-03, 1.56e-04, 2.03e-02]
36400 [4.85e-01, 6.15e-01, 1.77e-01, 1.21e-03, 3.63e-02, 7.31e-04, 9.73e-01, 5.95e-01, 1.04e-03, 2.90e-04, 2.45e-02]
36500 [4.72e-01, 6.15e-01, 1.80e-01, 1.56e-03, 3.91e-02, 1.10e-03, 9.73e-01, 6.33e-01, 1.42e-03, 2.09e-05, 3.18e-02]
36600 [4.94e-01, 6.16e-01, 1.76e-01, 2.09e-03, 4.28e-02, 1.44e-03, 9.73e-01, 6.68e-01, 1.90e-03, 5.36e-04, 5.41e-02]
36700 [4.96e-01, 6.16e-01, 1.75e-01, 2.21e-03, 4.32e-02, 1.33e-03, 9.73e-01, 7.05e-01, 1.12e-03, 2.06e-04, 7.49e-02]
36800 [4.74e-01, 6.15e-01, 1.80e-01, 5.89e-05, 4.03e-02, 7.10e-04, 9.73e-01, 7.38e-01, 1.38e-03, 2.44e-05, 1.09e-01]
36900 [4.91e-01, 6.16e-01, 1.76e-01, 8.00e-04, 4.10e-02, 8.09e-04, 9.73e-01, 7.68e-01, 1.28e-03, 5.06e-04, 1.21e-01]
37000 [3.81e-01, 5.61e-01, 1.91e-01, 5.40e-05, 6.43e-03, 2.20e-02, 9.73e-01, 7.43e-01, 9.57e-05, 2.20e-04, 1.21e-01]
37100 [4.05e-01, 5.24e-01, 2.07e-01, 2.28e-04, 2.24e-02, 1.71e-03, 9.73e-01, 6.96e-01, 1.39e-04, 1.08e-05, 9.10e-03]
37200 [3.95e-01, 5.45e-01, 1.76e-01, 7.20e-03, 4.20e-02, 4.08e-03, 9.73e-01, 6.99e-01, 2.15e-03, 2.55e-04, 4.59e-02]
37300 [3.35e-01, 5.44e-01, 2.32e-01, 1.08e-03, 2.08e-02, 2.63e-03, 9.73e-01, 5.94e-01, 1.29e-03, 4.95e-04, 6.44e-02]
37400 [4.39e-01, 5.67e-01, 2.12e-01, 1.17e-03, 2.44e-02, 2.08e-03, 9.73e-01, 5.54e-01, 1.48e-03, 2.74e-04, 5.55e-02]
37500 [3.33e-01, 5.50e-01, 1.67e-01, 3.09e-04, 4.99e-03, 1.48e-03, 9.73e-01, 5.83e-01, 2.07e-03, 5.05e-03, 2.41e-02]
37600 [4.28e-01, 5.36e-01, 2.02e-01, 7.67e-04, 2.19e-02, 2.06e-03, 9.73e-01, 5.51e-01, 1.45e-03, 1.83e-04, 4.98e-02]
37700 [3.25e-01, 5.38e-01, 1.89e-01, 2.45e-03, 1.96e-02, 2.69e-04, 9.73e-01, 5.85e-01, 2.68e-04, 1.65e-04, 4.27e-02]
37800 [4.01e-01, 5.43e-01, 2.16e-01, 1.41e-03, 3.19e-02, 1.50e-03, 9.73e-01, 5.30e-01, 8.34e-04, 2.07e-04, 5.00e-02]
37900 [4.89e-01, 5.66e-01, 1.97e-01, 1.52e-03, 3.62e-02, 1.20e-03, 9.73e-01, 5.36e-01, 1.01e-03, 4.64e-04, 6.38e-02]
38000 [4.17e-01, 5.78e-01, 1.96e-01, 1.71e-03, 5.23e-02, 1.89e-03, 9.73e-01, 5.66e-01, 7.58e-04, 2.93e-04, 7.35e-02]
38100 [4.99e-01, 5.92e-01, 1.88e-01, 2.06e-03, 6.32e-02, 1.78e-03, 9.73e-01, 5.91e-01, 6.25e-04, 1.29e-03, 1.21e-01]
38200 [5.06e-01, 5.85e-01, 1.81e-01, 1.46e-03, 6.76e-02, 1.27e-03, 9.73e-01, 6.43e-01, 4.26e-04, 2.14e-04, 1.72e-01]
38300 [5.00e-01, 5.88e-01, 1.76e-01, 8.97e-04, 6.90e-02, 1.13e-03, 9.73e-01, 7.02e-01, 1.00e-03, 7.08e-04, 2.24e-01]
38400 [4.94e-01, 5.93e-01, 1.74e-01, 1.69e-05, 6.66e-02, 4.97e-05, 9.73e-01, 7.58e-01, 1.26e-03, 1.23e-04, 2.62e-01]
38500 [5.12e-01, 5.97e-01, 1.75e-01, 7.57e-04, 5.53e-02, 1.12e-03, 9.73e-01, 8.05e-01, 2.15e-03, 7.86e-04, 2.78e-01]
38600 [4.83e-01, 5.70e-01, 1.80e-01, 6.67e-04, 5.65e-02, 1.49e-03, 9.73e-01, 8.22e-01, 1.76e-04, 1.23e-04, 2.87e-01]
38700 [4.20e-01, 5.64e-01, 1.92e-01, 1.81e-03, 8.42e-02, 2.31e-03, 9.73e-01, 8.13e-01, 1.96e-03, 1.47e-03, 3.05e-01]
38800 [4.86e-01, 5.86e-01, 1.80e-01, 7.65e-03, 1.28e-01, 1.44e-03, 9.73e-01, 8.04e-01, 1.47e-02, 9.77e-04, 3.68e-01]
38900 [3.55e-04, 5.10e-01, 3.19e-01, 1.08e-02, 2.20e-04, 5.12e-04, 9.70e-01, 6.80e-01, 1.31e-04, 1.56e-06, 1.33e-01]
39000 [3.56e-05, 5.40e-01, 3.73e-01, 1.15e-02, 1.90e-05, 6.14e-04, 9.70e-01, 6.80e-01, 5.06e-05, 2.11e-06, 1.34e-01]
39100 [3.39e-05, 5.65e-01, 3.83e-01, 1.11e-02, 1.47e-05, 6.73e-04, 9.70e-01, 6.79e-01, 3.36e-05, 8.43e-07, 1.33e-01]
39200 [3.40e-05, 5.88e-01, 3.85e-01, 1.08e-02, 7.46e-05, 6.97e-04, 9.70e-01, 6.79e-01, 2.92e-05, 4.52e-07, 1.33e-01]
39300 [2.21e-05, 6.01e-01, 3.84e-01, 1.06e-02, 1.56e-04, 7.41e-04, 9.70e-01, 6.79e-01, 2.07e-05, 1.83e-06, 1.33e-01]
39400 [2.56e-06, 6.14e-01, 3.83e-01, 1.01e-02, 2.13e-04, 8.02e-04, 9.70e-01, 6.79e-01, 8.08e-06, 2.21e-06, 1.32e-01]
39500 [1.16e-07, 6.24e-01, 3.82e-01, 9.48e-03, 2.42e-04, 8.71e-04, 9.70e-01, 6.79e-01, 3.42e-06, 1.71e-06, 1.32e-01]
39600 [3.42e-06, 6.33e-01, 3.82e-01, 8.71e-03, 2.43e-04, 9.33e-04, 9.70e-01, 6.79e-01, 1.07e-05, 1.77e-06, 1.31e-01]
39700 [1.85e-06, 6.40e-01, 3.81e-01, 7.89e-03, 2.31e-04, 1.00e-03, 9.70e-01, 6.79e-01, 1.36e-06, 1.17e-06, 1.30e-01]
39800 [1.92e-06, 6.46e-01, 3.80e-01, 7.06e-03, 2.16e-04, 1.07e-03, 9.70e-01, 6.79e-01, 6.67e-06, 2.63e-07, 1.29e-01]
39900 [3.49e-06, 6.53e-01, 3.79e-01, 6.22e-03, 1.95e-04, 1.13e-03, 9.70e-01, 6.78e-01, 1.11e-05, 7.18e-07, 1.28e-01]
40000 [1.25e-06, 6.59e-01, 3.79e-01, 5.40e-03, 1.79e-04, 1.20e-03, 9.70e-01, 6.78e-01, 4.20e-06, 1.68e-06, 1.27e-01]
40000 [1.25e-06, 6.59e-01, 3.79e-01, 5.40e-03, 1.79e-04, 1.20e-03, 9.70e-01, 6.78e-01, 4.20e-06, 1.68e-06, 1.27e-01]
40100 [5.90e-02, 6.31e-01, 3.45e-01, 3.09e-02, 4.86e-02, 9.88e-06, 9.72e-01, 6.92e-01, 1.58e-02, 2.01e-03, 7.47e-02]
40200 [9.01e-02, 6.28e-01, 3.48e-01, 1.70e-06, 6.97e-02, 1.39e-04, 9.72e-01, 6.92e-01, 4.68e-04, 2.64e-05, 7.30e-02]
40300 [1.31e-01, 6.26e-01, 3.44e-01, 7.59e-06, 3.56e-02, 1.89e-04, 9.72e-01, 6.69e-01, 5.40e-04, 1.84e-05, 6.00e-02]
40400 [1.40e-01, 6.26e-01, 3.43e-01, 2.54e-05, 8.56e-07, 2.46e-04, 9.72e-01, 6.02e-01, 2.71e-04, 7.32e-06, 4.83e-02]
40500 [9.21e-02, 6.25e-01, 3.38e-01, 3.10e-06, 2.23e-07, 2.48e-04, 9.72e-01, 5.30e-01, 1.82e-03, 5.16e-06, 4.12e-02]
40600 [1.73e-01, 6.25e-01, 3.37e-01, 1.47e-04, 5.20e-05, 2.89e-04, 9.72e-01, 4.82e-01, 7.20e-05, 1.06e-04, 3.93e-02]
40700 [1.25e-01, 6.25e-01, 3.14e-01, 3.58e-05, 2.77e-03, 3.83e-04, 9.72e-01, 4.22e-01, 1.18e-03, 4.04e-06, 3.67e-02]
40800 [2.12e-01, 6.25e-01, 3.11e-01, 2.80e-04, 2.62e-05, 4.29e-04, 9.72e-01, 3.69e-01, 4.30e-04, 6.63e-05, 3.64e-02]
40900 [1.27e-01, 6.25e-01, 3.03e-01, 6.49e-04, 4.78e-05, 4.21e-04, 9.72e-01, 2.75e-01, 1.25e-03, 3.82e-04, 3.07e-02]
41000 [2.17e-01, 6.27e-01, 3.04e-01, 6.48e-04, 1.91e-04, 4.54e-04, 9.72e-01, 2.41e-01, 6.25e-04, 1.98e-06, 2.04e-02]
41100 [2.61e-01, 6.28e-01, 2.76e-01, 6.50e-03, 2.43e-03, 5.42e-04, 9.72e-01, 2.11e-01, 1.91e-03, 7.20e-06, 1.43e-02]
41200 [1.79e-01, 6.29e-01, 2.94e-01, 6.34e-04, 1.13e-02, 5.67e-04, 9.72e-01, 1.81e-01, 7.79e-04, 7.04e-07, 1.07e-02]
41300 [2.65e-01, 6.31e-01, 2.82e-01, 7.55e-04, 3.31e-05, 5.15e-04, 9.72e-01, 1.58e-01, 9.36e-04, 3.08e-06, 7.29e-03]
41400 [1.83e-01, 6.32e-01, 2.74e-01, 3.43e-04, 9.66e-05, 7.08e-04, 9.72e-01, 1.47e-01, 7.94e-04, 4.74e-04, 2.31e-03]
41500 [2.66e-01, 6.35e-01, 2.74e-01, 1.45e-04, 9.27e-07, 6.52e-04, 9.72e-01, 1.40e-01, 9.39e-04, 6.21e-06, 1.91e-07]
41600 [2.45e-01, 6.36e-01, 2.49e-01, 9.15e-05, 1.01e-01, 4.31e-04, 9.72e-01, 1.44e-01, 2.79e-04, 2.36e-07, 1.77e-04]
41700 [3.20e-01, 6.39e-01, 2.46e-01, 6.67e-05, 1.04e-01, 4.76e-04, 9.72e-01, 1.55e-01, 9.31e-04, 1.85e-04, 3.05e-03]
41800 [1.85e-01, 6.32e-01, 2.51e-01, 1.01e-03, 2.25e-04, 7.20e-04, 9.72e-01, 1.90e-01, 1.82e-03, 3.23e-03, 8.16e-03]
41900 [2.79e-01, 6.35e-01, 2.61e-01, 7.04e-04, 1.45e-05, 7.45e-04, 9.72e-01, 1.83e-01, 1.48e-03, 1.47e-03, 6.13e-03]
42000 [3.52e-01, 6.38e-01, 2.40e-01, 7.63e-04, 3.76e-05, 6.46e-04, 9.72e-01, 1.73e-01, 1.64e-03, 5.95e-04, 4.42e-03]
42100 [2.53e-01, 6.39e-01, 2.39e-01, 1.73e-04, 7.57e-05, 5.99e-04, 9.72e-01, 1.93e-01, 1.08e-03, 1.11e-03, 2.08e-03]
42200 [3.37e-01, 6.43e-01, 2.39e-01, 1.90e-04, 7.36e-05, 5.88e-04, 9.72e-01, 1.88e-01, 1.29e-03, 5.82e-05, 1.57e-03]
42300 [2.72e-01, 6.46e-01, 2.12e-01, 2.58e-03, 5.33e-04, 6.98e-04, 9.72e-01, 2.08e-01, 1.42e-03, 2.24e-05, 1.81e-05]
42400 [3.21e-01, 6.46e-01, 2.36e-01, 1.03e-03, 5.33e-05, 7.18e-04, 9.72e-01, 2.10e-01, 1.27e-03, 3.21e-05, 6.88e-06]
42500 [3.94e-01, 6.50e-01, 2.20e-01, 1.08e-03, 2.33e-05, 6.29e-04, 9.72e-01, 2.15e-01, 1.42e-03, 1.20e-04, 9.22e-06]
42600 [3.94e-01, 6.54e-01, 2.10e-01, 4.07e-04, 5.36e-07, 4.68e-04, 9.72e-01, 2.45e-01, 2.95e-04, 1.18e-03, 2.25e-05]
42700 [2.75e-01, 6.53e-01, 2.23e-01, 1.91e-05, 1.41e-04, 5.07e-04, 9.72e-01, 2.72e-01, 1.26e-03, 5.99e-06, 3.70e-05]
42800 [3.64e-01, 6.57e-01, 2.26e-01, 9.18e-05, 1.02e-04, 5.39e-04, 9.72e-01, 2.65e-01, 1.63e-03, 1.06e-08, 2.94e-05]
42900 [3.60e-01, 6.62e-01, 2.05e-01, 1.85e-03, 2.23e-03, 5.24e-04, 9.72e-01, 2.87e-01, 2.61e-03, 4.64e-05, 3.44e-05]
43000 [3.98e-01, 6.63e-01, 2.10e-01, 9.10e-04, 1.10e-04, 6.18e-04, 9.72e-01, 3.08e-01, 2.44e-03, 3.03e-06, 1.52e-06]
43100 [2.40e-01, 6.62e-01, 2.01e-01, 1.36e-05, 4.54e-05, 8.89e-04, 9.72e-01, 3.50e-01, 5.79e-04, 5.34e-05, 6.40e-05]
43200 [3.35e-01, 6.67e-01, 2.32e-01, 1.07e-04, 6.80e-06, 1.09e-03, 9.72e-01, 3.28e-01, 4.43e-04, 6.34e-08, 3.30e-05]
43300 [4.12e-01, 6.74e-01, 2.12e-01, 2.86e-04, 2.08e-05, 9.25e-04, 9.72e-01, 3.29e-01, 7.89e-04, 6.45e-08, 2.21e-05]
43400 [3.15e-01, 6.68e-01, 1.93e-01, 2.64e-04, 9.91e-04, 5.69e-04, 9.72e-01, 3.74e-01, 5.56e-04, 7.66e-05, 1.27e-04]
43500 [4.02e-01, 6.67e-01, 2.08e-01, 2.10e-04, 1.32e-05, 6.78e-04, 9.72e-01, 3.88e-01, 6.23e-04, 4.47e-04, 1.95e-05]
43600 [3.70e-01, 6.64e-01, 2.12e-01, 1.22e-03, 9.89e-04, 8.67e-04, 9.72e-01, 4.10e-01, 1.30e-03, 3.51e-05, 1.37e-04]
43700 [4.45e-01, 6.70e-01, 2.01e-01, 8.19e-04, 7.54e-05, 7.89e-04, 9.72e-01, 4.22e-01, 1.30e-03, 2.18e-06, 6.09e-06]
43800 [3.51e-01, 6.75e-01, 2.15e-01, 1.85e-04, 2.85e-06, 8.06e-04, 9.72e-01, 4.35e-01, 9.77e-05, 8.97e-06, 4.39e-05]
43900 [4.36e-01, 6.83e-01, 2.03e-01, 3.55e-04, 1.47e-07, 7.10e-04, 9.72e-01, 4.41e-01, 4.13e-04, 3.50e-07, 2.18e-05]
44000 [3.64e-01, 6.85e-01, 2.02e-01, 1.27e-03, 1.28e-04, 8.13e-04, 9.72e-01, 4.73e-01, 9.61e-04, 8.72e-07, 4.77e-05]
44100 [4.49e-01, 6.93e-01, 1.97e-01, 1.24e-03, 3.56e-05, 7.81e-04, 9.72e-01, 4.87e-01, 1.11e-03, 2.10e-08, 1.89e-07]
44200 [3.90e-01, 6.73e-01, 2.06e-01, 5.26e-04, 8.61e-04, 5.65e-04, 9.72e-01, 5.09e-01, 1.63e-04, 3.35e-03, 3.91e-06]
44300 [4.63e-01, 6.81e-01, 1.91e-01, 3.94e-03, 2.23e-03, 8.13e-04, 9.72e-01, 5.25e-01, 1.91e-03, 5.29e-05, 1.75e-05]
44400 [4.00e-01, 6.72e-01, 2.07e-01, 1.44e-03, 1.34e-04, 1.17e-03, 9.72e-01, 5.23e-01, 1.83e-03, 2.18e-05, 4.27e-05]
44500 [4.72e-01, 6.82e-01, 1.89e-01, 4.38e-03, 2.92e-04, 1.27e-03, 9.72e-01, 5.44e-01, 2.68e-03, 5.35e-06, 2.58e-05]
44600 [2.42e-01, 6.57e-01, 2.58e-01, 1.20e-04, 8.88e-05, 4.74e-04, 9.72e-01, 4.96e-01, 8.15e-04, 5.17e-06, 1.26e-04]
44700 [3.45e-01, 6.70e-01, 2.38e-01, 3.07e-04, 7.92e-05, 3.22e-04, 9.72e-01, 4.30e-01, 1.20e-03, 2.08e-05, 1.59e-04]
44800 [3.79e-01, 6.75e-01, 2.06e-01, 1.85e-03, 4.55e-03, 2.02e-04, 9.72e-01, 4.33e-01, 1.60e-03, 4.74e-05, 5.04e-05]
44900 [4.03e-01, 6.69e-01, 2.06e-01, 1.04e-03, 1.87e-02, 3.68e-04, 9.72e-01, 4.40e-01, 1.82e-03, 4.42e-04, 2.61e-05]
45000 [4.77e-01, 6.81e-01, 1.91e-01, 1.08e-03, 1.49e-02, 2.90e-04, 9.72e-01, 4.76e-01, 1.89e-03, 1.06e-04, 5.74e-06]
45100 [3.77e-01, 6.56e-01, 2.05e-01, 1.42e-03, 4.87e-05, 6.99e-04, 9.72e-01, 4.86e-01, 1.51e-03, 1.32e-03, 3.38e-04]
45200 [4.59e-01, 6.69e-01, 1.96e-01, 1.45e-03, 5.71e-05, 6.72e-04, 9.72e-01, 5.08e-01, 1.61e-03, 8.50e-05, 9.10e-06]
45300 [4.68e-01, 6.74e-01, 1.84e-01, 1.78e-03, 3.08e-02, 1.07e-03, 9.72e-01, 5.82e-01, 9.04e-04, 4.85e-06, 2.40e-04]
45400 [3.95e-01, 6.52e-01, 1.96e-01, 1.83e-03, 7.73e-05, 1.79e-03, 9.72e-01, 6.15e-01, 2.20e-03, 1.58e-04, 5.77e-05]
45500 [4.79e-01, 6.66e-01, 1.90e-01, 1.45e-03, 1.05e-05, 1.59e-03, 9.72e-01, 6.34e-01, 2.30e-03, 1.49e-05, 1.85e-06]
45600 [4.75e-01, 6.71e-01, 1.84e-01, 6.39e-04, 2.13e-05, 1.07e-03, 9.72e-01, 6.93e-01, 2.24e-03, 2.08e-05, 4.47e-06]
45700 [4.10e-01, 6.48e-01, 1.96e-01, 3.23e-05, 4.19e-04, 7.95e-04, 9.72e-01, 7.01e-01, 1.81e-03, 2.21e-03, 8.32e-06]
45800 [4.27e-01, 6.58e-01, 1.77e-01, 1.55e-03, 1.30e-02, 1.21e-03, 9.72e-01, 7.35e-01, 2.29e-03, 3.72e-05, 1.71e-04]
45900 [4.03e-01, 6.65e-01, 1.77e-01, 5.04e-03, 5.99e-04, 8.72e-03, 9.72e-01, 7.91e-01, 6.40e-02, 1.03e-03, 3.34e-06]
46000 [4.28e-01, 6.40e-01, 1.99e-01, 1.60e-03, 8.11e-05, 1.33e-03, 9.72e-01, 7.52e-01, 1.78e-03, 4.22e-05, 3.87e-05]
46100 [3.88e-01, 6.19e-01, 1.93e-01, 2.24e-03, 5.26e-02, 1.78e-03, 9.72e-01, 7.86e-01, 1.96e-03, 1.39e-03, 5.26e-05]
46200 [4.71e-01, 6.29e-01, 1.95e-01, 1.59e-03, 5.32e-02, 1.77e-03, 9.72e-01, 7.50e-01, 1.97e-03, 9.54e-05, 1.24e-02]
46300 [2.52e-01, 5.93e-01, 2.23e-01, 6.97e-04, 1.54e-04, 1.34e-03, 9.72e-01, 7.37e-01, 1.28e-03, 4.22e-04, 4.14e-02]
46400 [3.81e-01, 6.04e-01, 2.26e-01, 5.83e-04, 1.36e-04, 1.48e-03, 9.72e-01, 6.21e-01, 1.43e-03, 3.80e-08, 8.20e-03]
46500 [4.73e-01, 6.23e-01, 1.99e-01, 1.07e-03, 1.02e-04, 1.10e-03, 9.72e-01, 5.98e-01, 1.94e-03, 1.77e-06, 1.11e-04]
46600 [4.27e-01, 6.24e-01, 1.97e-01, 1.50e-03, 2.88e-02, 1.39e-03, 9.72e-01, 6.32e-01, 1.56e-03, 1.27e-05, 2.74e-03]
46700 [4.67e-01, 6.41e-01, 1.84e-01, 8.77e-03, 2.64e-02, 2.22e-03, 9.72e-01, 6.67e-01, 2.12e-03, 6.34e-05, 1.25e-02]
46800 [3.59e-01, 5.93e-01, 2.11e-01, 1.48e-03, 1.67e-02, 2.80e-03, 9.72e-01, 6.66e-01, 1.95e-03, 4.80e-05, 2.09e-02]
46900 [4.58e-01, 6.11e-01, 2.00e-01, 1.37e-03, 7.97e-03, 2.43e-03, 9.72e-01, 6.41e-01, 1.98e-03, 8.53e-06, 1.64e-02]
47000 [3.53e-01, 5.99e-01, 1.88e-01, 1.09e-03, 7.22e-03, 1.62e-03, 9.72e-01, 6.70e-01, 3.51e-04, 5.95e-04, 1.63e-02]
47100 [4.47e-01, 6.00e-01, 1.99e-01, 9.22e-04, 4.98e-05, 1.62e-03, 9.72e-01, 6.61e-01, 7.63e-04, 8.26e-07, 1.57e-02]
47200 [4.40e-01, 6.18e-01, 1.76e-01, 7.91e-03, 5.40e-04, 9.04e-04, 9.72e-01, 7.09e-01, 5.09e-03, 2.24e-04, 1.09e-02]
47300 [3.89e-01, 5.87e-01, 2.02e-01, 1.54e-03, 1.14e-02, 2.03e-03, 9.72e-01, 7.01e-01, 1.84e-03, 2.59e-04, 3.15e-02]
47400 [4.79e-01, 6.06e-01, 1.94e-01, 1.49e-03, 6.24e-03, 1.78e-03, 9.72e-01, 6.91e-01, 1.89e-03, 1.15e-06, 3.31e-02]
47500 [2.72e-01, 6.02e-01, 1.76e-01, 1.81e-03, 7.92e-04, 3.23e-03, 9.72e-01, 8.08e-01, 1.80e-03, 2.91e-03, 5.05e-04]
47600 [3.71e-01, 5.88e-01, 2.18e-01, 6.37e-04, 1.32e-04, 3.14e-03, 9.72e-01, 7.48e-01, 1.73e-03, 9.93e-05, 4.51e-05]
47700 [4.59e-01, 6.09e-01, 2.01e-01, 6.49e-04, 1.08e-04, 2.60e-03, 9.72e-01, 7.01e-01, 1.81e-03, 3.49e-05, 4.64e-06]
47800 [4.61e-01, 6.21e-01, 1.82e-01, 2.38e-05, 2.67e-05, 1.63e-03, 9.72e-01, 7.24e-01, 1.54e-03, 4.33e-04, 2.81e-04]
47900 [4.80e-01, 6.32e-01, 1.75e-01, 1.77e-04, 2.26e-03, 9.14e-04, 9.72e-01, 7.74e-01, 2.46e-04, 1.16e-04, 2.20e-04]
48000 [5.06e-01, 6.39e-01, 1.73e-01, 9.84e-04, 8.30e-04, 1.17e-03, 9.72e-01, 8.29e-01, 1.14e-03, 1.69e-05, 9.77e-05]
48100 [5.01e-01, 6.14e-01, 1.77e-01, 2.85e-04, 4.43e-03, 1.37e-03, 9.72e-01, 8.88e-01, 5.68e-04, 3.72e-04, 2.99e-03]
48200 [4.94e-01, 6.06e-01, 1.76e-01, 1.69e-05, 9.44e-05, 8.82e-04, 9.72e-01, 9.39e-01, 1.00e-03, 1.06e-03, 3.24e-03]
48300 [2.18e-01, 5.81e-01, 2.04e-01, 1.78e-03, 2.83e-05, 2.35e-03, 9.72e-01, 8.82e-01, 2.38e-04, 5.71e-03, 1.28e-02]
48400 [3.56e-01, 6.02e-01, 2.31e-01, 1.14e-03, 8.53e-05, 3.04e-03, 9.72e-01, 7.33e-01, 7.70e-04, 5.91e-05, 2.96e-04]
48500 [4.49e-01, 6.21e-01, 2.02e-01, 9.40e-04, 2.88e-06, 1.68e-03, 9.72e-01, 6.74e-01, 5.55e-04, 1.85e-06, 2.45e-04]
48600 [5.03e-01, 6.29e-01, 1.78e-01, 1.58e-03, 2.28e-04, 1.36e-03, 9.72e-01, 7.15e-01, 1.16e-03, 3.25e-03, 4.13e-04]
48700 [5.18e-01, 6.22e-01, 1.72e-01, 1.82e-03, 1.25e-02, 1.39e-03, 9.72e-01, 7.89e-01, 1.47e-03, 3.75e-04, 4.12e-06]
48800 [4.22e-01, 6.26e-01, 1.67e-01, 2.17e-04, 3.72e-02, 4.41e-04, 9.72e-01, 8.75e-01, 2.28e-04, 8.72e-04, 7.58e-03]
48900 [4.85e-01, 6.27e-01, 1.87e-01, 9.74e-05, 7.62e-03, 1.14e-03, 9.72e-01, 8.71e-01, 1.38e-03, 1.60e-06, 1.40e-02]
49000 [5.18e-01, 6.28e-01, 1.72e-01, 2.76e-04, 2.96e-04, 7.71e-04, 9.72e-01, 9.20e-01, 4.75e-04, 1.43e-05, 1.01e-04]
49100 [5.03e-01, 6.32e-01, 1.68e-01, 1.49e-03, 1.64e-03, 8.36e-04, 9.72e-01, 9.85e-01, 1.32e-03, 2.03e-03, 5.59e-03]
49200 [4.44e-01, 6.04e-01, 1.82e-01, 1.47e-05, 3.05e-05, 2.13e-03, 9.72e-01, 1.02e+00, 1.22e-03, 2.40e-06, 1.19e-04]
49300 [4.17e-01, 6.24e-01, 1.67e-01, 1.03e-02, 7.80e-02, 9.20e-03, 9.72e-01, 1.02e+00, 4.48e-03, 4.30e-04, 9.89e-03]
49400 [7.77e-03, 4.08e-01, 2.75e-01, 7.42e-03, 3.72e-06, 1.17e-03, 9.72e-01, 8.16e-01, 4.63e-04, 7.03e-04, 5.43e-03]
49500 [7.24e-03, 4.52e-01, 3.63e-01, 6.64e-03, 4.38e-04, 2.05e-03, 9.72e-01, 8.15e-01, 3.65e-04, 9.23e-04, 1.07e-02]
49600 [3.12e-03, 4.95e-01, 3.83e-01, 3.84e-03, 1.31e-03, 2.27e-03, 9.72e-01, 8.14e-01, 2.07e-04, 6.54e-07, 3.35e-03]
49700 [2.15e-05, 5.35e-01, 3.86e-01, 2.19e-03, 1.99e-03, 2.31e-03, 9.72e-01, 8.14e-01, 8.30e-05, 5.95e-08, 4.11e-05]
49800 [9.65e-06, 5.58e-01, 3.84e-01, 1.11e-03, 2.86e-03, 2.39e-03, 9.72e-01, 8.14e-01, 2.84e-05, 1.23e-06, 9.16e-06]
49900 [2.59e-05, 5.81e-01, 3.83e-01, 1.07e-05, 3.50e-03, 2.40e-03, 9.72e-01, 8.13e-01, 3.93e-05, 2.60e-06, 1.83e-05]
50000 [4.38e-05, 5.89e-01, 3.82e-01, 1.20e-05, 4.71e-03, 2.36e-03, 9.72e-01, 8.13e-01, 5.78e-05, 5.96e-04, 2.57e-06]
50000 [4.38e-05, 5.89e-01, 3.82e-01, 1.20e-05, 4.71e-03, 2.36e-03, 9.72e-01, 8.13e-01, 5.78e-05, 5.96e-04, 2.57e-06]
50100 [9.04e-02, 5.10e-01, 2.96e-01, 7.21e-05, 3.94e-03, 4.97e-02, 9.71e-01, 7.68e-01, 1.14e-04, 2.30e-02, 4.22e-03]
50200 [1.37e-01, 5.34e-01, 3.01e-01, 5.89e-05, 4.01e-03, 2.07e-04, 9.71e-01, 7.67e-01, 1.33e-04, 7.98e-03, 1.29e-03]
50300 [1.69e-01, 5.59e-01, 3.13e-01, 5.17e-06, 3.04e-03, 3.46e-04, 9.71e-01, 7.57e-01, 1.49e-04, 1.52e-04, 4.87e-03]
50400 [1.79e-01, 5.65e-01, 3.05e-01, 1.42e-05, 1.56e-03, 4.40e-04, 9.71e-01, 7.39e-01, 1.04e-04, 8.19e-06, 1.49e-02]
50500 [1.99e-01, 5.87e-01, 2.86e-01, 7.89e-04, 2.53e-06, 4.95e-04, 9.71e-01, 7.16e-01, 1.36e-04, 4.30e-05, 1.65e-02]
50600 [2.52e-01, 6.01e-01, 2.79e-01, 1.19e-04, 6.05e-06, 5.07e-04, 9.71e-01, 6.90e-01, 2.35e-04, 6.92e-05, 2.16e-02]
50700 [2.23e-01, 5.62e-01, 2.73e-01, 4.37e-04, 3.92e-03, 7.20e-04, 9.71e-01, 6.65e-01, 2.56e-04, 2.50e-05, 2.86e-02]
50800 [2.93e-01, 5.89e-01, 2.60e-01, 3.22e-03, 1.83e-03, 5.54e-04, 9.71e-01, 6.42e-01, 2.02e-04, 1.83e-06, 2.67e-02]
50900 [2.36e-01, 5.90e-01, 2.73e-01, 2.40e-04, 2.55e-03, 8.25e-04, 9.71e-01, 6.15e-01, 3.94e-04, 3.13e-04, 2.45e-02]
51000 [3.19e-01, 6.16e-01, 2.53e-01, 3.33e-04, 4.17e-06, 7.25e-04, 9.71e-01, 5.92e-01, 5.20e-04, 4.68e-06, 1.71e-02]
51100 [2.47e-01, 6.29e-01, 2.59e-01, 6.40e-04, 4.00e-03, 6.88e-04, 9.71e-01, 5.72e-01, 5.03e-04, 1.61e-06, 1.77e-02]
51200 [3.26e-01, 6.44e-01, 2.42e-01, 6.03e-04, 3.43e-05, 5.15e-04, 9.71e-01, 5.50e-01, 3.96e-04, 1.23e-04, 6.03e-03]
51300 [3.57e-01, 5.71e-01, 2.31e-01, 2.73e-04, 3.25e-04, 4.34e-04, 9.71e-01, 5.38e-01, 2.51e-04, 3.12e-04, 5.89e-03]
51400 [2.94e-01, 5.81e-01, 2.43e-01, 6.62e-06, 4.45e-04, 3.98e-04, 9.71e-01, 5.22e-01, 8.83e-04, 7.07e-05, 2.51e-03]
51500 [3.74e-01, 6.06e-01, 2.27e-01, 1.59e-03, 1.59e-04, 4.24e-04, 9.71e-01, 5.07e-01, 1.50e-03, 6.48e-04, 2.21e-05]
51600 [3.93e-01, 6.25e-01, 2.15e-01, 1.62e-03, 4.09e-05, 5.75e-04, 9.71e-01, 5.01e-01, 1.41e-03, 1.74e-05, 5.99e-06]
51700 [1.52e-01, 5.58e-01, 2.83e-01, 4.36e-04, 2.76e-05, 1.42e-03, 9.71e-01, 5.10e-01, 3.67e-04, 9.36e-05, 3.11e-04]
51800 [2.63e-01, 5.86e-01, 2.81e-01, 4.55e-04, 2.56e-05, 1.31e-03, 9.71e-01, 4.84e-01, 3.72e-04, 1.90e-07, 1.60e-04]
51900 [3.47e-01, 6.12e-01, 2.44e-01, 6.22e-04, 2.98e-05, 9.89e-04, 9.71e-01, 4.60e-01, 6.05e-04, 7.13e-08, 1.21e-04]
52000 [2.99e-01, 6.08e-01, 2.21e-01, 8.95e-05, 2.03e-02, 8.42e-04, 9.71e-01, 4.54e-01, 8.67e-04, 1.63e-04, 7.91e-05]
52100 [3.75e-01, 6.07e-01, 2.22e-01, 1.33e-04, 3.96e-03, 8.37e-04, 9.71e-01, 4.49e-01, 9.51e-04, 3.94e-07, 6.50e-03]
52200 [2.69e-01, 6.10e-01, 2.05e-01, 2.74e-03, 2.23e-02, 1.06e-03, 9.71e-01, 4.59e-01, 9.13e-04, 2.27e-03, 3.46e-05]
52300 [3.41e-01, 6.12e-01, 2.33e-01, 1.16e-03, 3.49e-05, 1.26e-03, 9.71e-01, 4.50e-01, 1.11e-03, 1.23e-05, 5.66e-04]
52400 [4.06e-01, 6.26e-01, 2.08e-01, 1.14e-03, 6.85e-05, 9.38e-04, 9.71e-01, 4.51e-01, 1.03e-03, 5.05e-04, 1.10e-05]
52500 [4.21e-01, 6.35e-01, 1.93e-01, 1.61e-03, 5.96e-05, 1.12e-03, 9.71e-01, 4.68e-01, 1.27e-03, 6.61e-04, 1.17e-05]
52600 [3.48e-01, 5.76e-01, 2.07e-01, 2.21e-03, 1.18e-04, 7.78e-04, 9.71e-01, 4.86e-01, 1.03e-03, 1.58e-03, 5.38e-03]
52700 [4.20e-01, 5.66e-01, 2.11e-01, 1.50e-03, 5.45e-05, 9.90e-04, 9.71e-01, 4.90e-01, 1.06e-03, 6.14e-06, 1.91e-03]
52800 [1.05e-01, 5.69e-01, 2.19e-01, 1.05e-03, 2.88e-04, 1.39e-03, 9.71e-01, 4.29e-01, 2.39e-02, 2.70e-02, 2.53e-04]
52900 [2.27e-01, 5.97e-01, 2.89e-01, 6.25e-04, 1.64e-05, 2.18e-03, 9.71e-01, 4.00e-01, 1.21e-03, 1.81e-04, 6.64e-03]
53000 [3.18e-01, 6.24e-01, 2.53e-01, 7.02e-04, 1.80e-05, 1.60e-03, 9.71e-01, 3.65e-01, 1.35e-03, 1.84e-05, 3.26e-07]
53100 [3.92e-01, 6.48e-01, 2.20e-01, 8.24e-04, 2.55e-05, 1.19e-03, 9.71e-01, 3.56e-01, 1.52e-03, 2.51e-05, 5.62e-08]
53200 [4.23e-01, 6.07e-01, 2.00e-01, 7.87e-04, 2.88e-04, 5.76e-04, 9.71e-01, 3.75e-01, 1.98e-03, 2.45e-04, 5.22e-04]
53300 [4.32e-01, 6.16e-01, 1.90e-01, 1.80e-04, 5.01e-03, 2.60e-04, 9.71e-01, 4.07e-01, 7.93e-04, 1.32e-05, 1.95e-03]
53400 [3.76e-01, 6.21e-01, 1.84e-01, 1.69e-03, 1.89e-02, 1.05e-03, 9.71e-01, 4.48e-01, 2.79e-03, 4.08e-05, 1.10e-03]
53500 [4.36e-01, 6.30e-01, 1.99e-01, 1.00e-03, 1.22e-02, 1.10e-03, 9.71e-01, 4.67e-01, 2.54e-03, 2.79e-06, 6.55e-03]
53600 [3.92e-01, 6.29e-01, 1.85e-01, 2.24e-03, 3.67e-03, 1.40e-03, 9.71e-01, 5.02e-01, 2.10e-03, 7.33e-04, 7.48e-03]
53700 [4.34e-01, 6.15e-01, 2.01e-01, 1.42e-03, 5.24e-05, 1.76e-03, 9.71e-01, 5.20e-01, 1.76e-03, 1.30e-05, 2.47e-06]
53800 [4.47e-01, 6.21e-01, 1.84e-01, 6.60e-04, 2.26e-03, 9.27e-04, 9.71e-01, 5.52e-01, 1.17e-03, 8.10e-04, 2.49e-04]
53900 [3.89e-01, 5.93e-01, 1.73e-01, 8.04e-04, 1.82e-04, 6.37e-04, 9.71e-01, 5.90e-01, 6.82e-03, 3.15e-04, 7.28e-05]
54000 [4.37e-01, 6.00e-01, 1.99e-01, 5.72e-06, 9.06e-05, 1.27e-03, 9.71e-01, 6.03e-01, 2.46e-03, 1.03e-05, 1.86e-04]
54100 [4.26e-01, 6.18e-01, 1.85e-01, 1.89e-05, 4.12e-02, 8.21e-04, 9.71e-01, 6.29e-01, 5.50e-04, 5.29e-04, 1.65e-03]
54200 [4.91e-01, 6.38e-01, 1.84e-01, 2.86e-03, 3.06e-02, 7.64e-04, 9.71e-01, 6.49e-01, 1.49e-03, 1.24e-03, 4.42e-02]
54300 [4.80e-01, 6.36e-01, 1.86e-01, 1.43e-03, 2.42e-05, 1.58e-03, 9.71e-01, 6.83e-01, 2.07e-03, 4.78e-06, 1.17e-02]
54400 [4.05e-01, 6.01e-01, 1.88e-01, 2.35e-03, 1.48e-04, 2.24e-03, 9.71e-01, 7.19e-01, 8.52e-04, 1.38e-03, 4.94e-03]
54500 [4.95e-01, 6.24e-01, 1.88e-01, 1.67e-03, 2.09e-05, 1.87e-03, 9.71e-01, 7.29e-01, 4.49e-04, 6.53e-05, 1.17e-05]
54600 [3.93e-01, 5.68e-01, 1.96e-01, 9.38e-04, 2.45e-03, 1.23e-03, 9.71e-01, 7.52e-01, 1.40e-03, 5.69e-05, 4.04e-04]
54700 [4.91e-01, 5.90e-01, 1.92e-01, 8.59e-04, 1.04e-04, 1.18e-03, 9.71e-01, 7.46e-01, 1.55e-03, 1.02e-04, 1.85e-04]
54800 [3.24e-01, 5.74e-01, 2.14e-01, 1.55e-03, 3.57e-04, 2.35e-03, 9.71e-01, 6.85e-01, 1.38e-03, 1.03e-05, 2.89e-02]
54900 [4.32e-01, 6.00e-01, 2.09e-01, 1.44e-03, 1.31e-04, 2.12e-03, 9.71e-01, 6.31e-01, 1.55e-03, 1.21e-04, 2.57e-06]
55000 [4.63e-01, 6.21e-01, 1.80e-01, 2.10e-03, 5.94e-03, 8.32e-04, 9.71e-01, 6.49e-01, 9.78e-03, 4.69e-04, 1.82e-04]
55100 [4.81e-01, 5.84e-01, 1.88e-01, 5.99e-04, 1.41e-04, 1.56e-03, 9.71e-01, 6.81e-01, 1.61e-03, 2.32e-04, 4.12e-04]
55200 [1.67e-01, 5.58e-01, 1.75e-01, 1.60e-03, 3.18e-05, 3.56e-04, 9.71e-01, 6.58e-01, 1.62e-03, 2.00e-03, 2.82e-04]
55300 [3.16e-01, 5.76e-01, 2.45e-01, 1.13e-03, 2.20e-03, 1.52e-03, 9.71e-01, 6.18e-01, 1.71e-03, 1.21e-06, 1.62e-02]
55400 [4.11e-01, 6.02e-01, 2.18e-01, 1.17e-03, 2.74e-04, 1.06e-03, 9.71e-01, 5.69e-01, 1.81e-03, 2.36e-05, 1.73e-02]
55500 [4.23e-01, 6.18e-01, 1.98e-01, 1.97e-03, 1.31e-02, 3.59e-04, 9.71e-01, 5.77e-01, 1.74e-04, 4.28e-03, 8.91e-03]
55600 [4.65e-01, 5.93e-01, 1.96e-01, 1.07e-03, 5.53e-05, 1.01e-03, 9.71e-01, 5.94e-01, 1.29e-03, 3.80e-07, 6.77e-05]
55700 [3.97e-01, 5.90e-01, 1.86e-01, 2.48e-03, 2.25e-02, 1.38e-03, 9.71e-01, 6.38e-01, 1.51e-03, 1.83e-04, 4.39e-04]
55800 [4.55e-01, 5.93e-01, 1.96e-01, 1.74e-03, 6.81e-03, 1.23e-03, 9.71e-01, 6.46e-01, 1.08e-03, 6.53e-05, 8.84e-06]
55900 [4.41e-01, 6.15e-01, 1.74e-01, 1.18e-02, 1.79e-02, 2.86e-03, 9.71e-01, 6.87e-01, 4.09e-03, 6.12e-05, 1.77e-04]
56000 [3.27e-01, 6.05e-01, 2.26e-01, 1.25e-03, 5.28e-02, 2.60e-03, 9.71e-01, 6.78e-01, 8.21e-04, 5.56e-04, 2.16e-02]
56100 [4.24e-01, 6.30e-01, 2.09e-01, 1.29e-03, 5.98e-02, 2.11e-03, 9.71e-01, 6.30e-01, 1.02e-03, 3.76e-04, 5.12e-02]
56200 [4.59e-01, 5.75e-01, 1.85e-01, 3.30e-03, 2.58e-02, 1.73e-03, 9.71e-01, 6.52e-01, 1.19e-03, 2.62e-04, 6.89e-02]
56300 [4.94e-01, 5.61e-01, 1.88e-01, 1.83e-03, 7.58e-05, 1.65e-03, 9.71e-01, 7.17e-01, 1.78e-03, 2.80e-04, 2.00e-02]
56400 [3.07e-01, 5.75e-01, 1.84e-01, 2.13e-03, 6.37e-06, 1.78e-03, 9.71e-01, 7.70e-01, 2.16e-03, 5.80e-04, 3.89e-03]
56500 [4.06e-01, 6.03e-01, 2.09e-01, 1.36e-03, 2.46e-05, 2.25e-03, 9.71e-01, 7.22e-01, 2.16e-03, 5.11e-06, 1.16e-06]
56600 [4.83e-01, 6.27e-01, 1.92e-01, 1.41e-03, 6.57e-04, 1.42e-03, 9.71e-01, 7.11e-01, 1.41e-03, 8.33e-05, 3.13e-05]
56700 [4.70e-01, 6.00e-01, 1.88e-01, 6.91e-04, 2.69e-02, 1.15e-03, 9.71e-01, 7.31e-01, 1.67e-03, 1.03e-04, 1.10e-02]
56800 [4.58e-01, 5.80e-01, 1.86e-01, 1.97e-03, 1.23e-04, 1.75e-03, 9.71e-01, 7.65e-01, 1.57e-03, 1.78e-05, 1.83e-02]
56900 [3.71e-01, 5.91e-01, 1.73e-01, 2.40e-03, 2.13e-02, 6.86e-04, 9.71e-01, 7.98e-01, 1.04e-03, 2.01e-05, 7.94e-03]
57000 [4.17e-01, 6.07e-01, 2.03e-01, 6.20e-04, 8.59e-03, 1.26e-03, 9.71e-01, 7.56e-01, 1.03e-03, 1.66e-04, 5.47e-03]
57100 [5.02e-01, 6.31e-01, 1.87e-01, 6.17e-04, 6.31e-05, 1.15e-03, 9.71e-01, 7.54e-01, 8.89e-04, 6.62e-05, 5.82e-05]
57200 [4.44e-01, 6.08e-01, 1.86e-01, 1.96e-03, 2.27e-04, 1.47e-03, 9.71e-01, 7.83e-01, 2.40e-03, 5.82e-04, 1.56e-04]
57300 [4.48e-01, 6.27e-01, 1.70e-01, 2.48e-03, 3.23e-02, 1.17e-03, 9.71e-01, 8.05e-01, 2.52e-02, 5.64e-04, 1.62e-04]
57400 [4.65e-01, 5.62e-01, 1.90e-01, 1.26e-03, 5.77e-05, 2.00e-03, 9.71e-01, 8.20e-01, 2.42e-03, 4.59e-04, 5.41e-05]
57500 [1.86e-01, 5.53e-01, 8.97e-02, 6.33e-03, 6.19e-02, 1.48e-03, 9.71e-01, 7.33e-01, 2.80e-02, 3.86e-03, 9.40e-02]
57600 [1.13e-01, 4.13e-01, 2.15e-01, 1.59e-04, 6.13e-04, 6.26e-04, 9.71e-01, 6.85e-01, 4.80e-04, 5.51e-04, 1.03e-01]
57700 [1.50e-01, 4.58e-01, 2.84e-01, 1.30e-04, 1.66e-03, 9.74e-04, 9.71e-01, 6.84e-01, 4.70e-04, 1.31e-03, 1.01e-01]
57800 [1.83e-01, 4.97e-01, 2.99e-01, 1.29e-04, 2.72e-03, 1.05e-03, 9.71e-01, 6.81e-01, 4.52e-04, 1.46e-03, 9.79e-02]
57900 [2.14e-01, 5.32e-01, 2.94e-01, 1.39e-04, 3.69e-03, 1.02e-03, 9.71e-01, 6.79e-01, 4.72e-04, 1.25e-03, 9.44e-02]
58000 [2.43e-01, 5.65e-01, 2.82e-01, 1.48e-04, 4.13e-03, 9.53e-04, 9.71e-01, 6.76e-01, 5.00e-04, 9.55e-04, 9.13e-02]
58100 [2.67e-01, 5.29e-01, 2.61e-01, 2.31e-04, 3.61e-03, 8.88e-04, 9.71e-01, 6.72e-01, 2.62e-04, 1.54e-03, 8.84e-02]
58200 [2.93e-01, 5.52e-01, 2.54e-01, 1.63e-04, 8.68e-04, 8.84e-04, 9.71e-01, 6.68e-01, 3.83e-04, 1.70e-03, 8.64e-02]
58300 [3.20e-01, 5.81e-01, 2.45e-01, 1.77e-04, 6.85e-04, 8.34e-04, 9.71e-01, 6.63e-01, 4.35e-04, 1.02e-03, 8.38e-02]
58400 [3.46e-01, 6.08e-01, 2.34e-01, 1.95e-04, 9.02e-06, 7.78e-04, 9.71e-01, 6.59e-01, 4.96e-04, 5.30e-04, 8.13e-02]
58500 [3.68e-01, 6.13e-01, 2.22e-01, 2.29e-04, 1.66e-03, 8.45e-04, 9.71e-01, 6.57e-01, 6.74e-04, 4.51e-04, 7.91e-02]
58600 [3.90e-01, 6.32e-01, 2.13e-01, 1.67e-04, 2.04e-03, 7.04e-04, 9.71e-01, 6.55e-01, 3.08e-04, 4.59e-04, 7.70e-02]
58700 [4.00e-01, 5.48e-01, 2.06e-01, 3.04e-04, 5.15e-03, 6.53e-04, 9.71e-01, 6.55e-01, 5.97e-04, 2.47e-04, 7.41e-02]
58800 [3.98e-01, 5.68e-01, 2.00e-01, 1.26e-03, 1.10e-02, 9.64e-04, 9.71e-01, 6.56e-01, 1.88e-03, 1.43e-05, 7.22e-02]
58900 [4.06e-01, 5.92e-01, 2.03e-01, 4.88e-04, 9.50e-03, 8.80e-04, 9.71e-01, 6.56e-01, 1.47e-03, 1.56e-06, 6.91e-02]
59000 [4.32e-01, 6.17e-01, 2.00e-01, 4.72e-04, 7.40e-03, 8.58e-04, 9.71e-01, 6.57e-01, 1.45e-03, 1.03e-06, 6.75e-02]
59100 [4.05e-01, 5.65e-01, 1.98e-01, 1.02e-04, 2.52e-03, 4.97e-04, 9.71e-01, 6.60e-01, 8.91e-04, 7.29e-06, 6.61e-02]
59200 [4.34e-01, 5.84e-01, 2.00e-01, 9.87e-05, 3.50e-04, 5.42e-04, 9.71e-01, 6.61e-01, 1.04e-03, 5.47e-09, 6.40e-02]
59300 [3.90e-01, 5.84e-01, 1.94e-01, 6.05e-04, 3.54e-02, 8.73e-04, 9.71e-01, 6.64e-01, 1.14e-03, 2.96e-03, 6.30e-02]
59400 [4.21e-01, 5.93e-01, 2.02e-01, 5.13e-04, 3.64e-02, 8.92e-04, 9.71e-01, 6.64e-01, 1.03e-03, 1.27e-03, 6.42e-02]
59500 [4.11e-01, 6.15e-01, 1.90e-01, 1.52e-03, 6.74e-04, 7.06e-03, 9.71e-01, 6.67e-01, 5.86e-02, 1.64e-04, 6.59e-02]
59600 [4.07e-01, 6.31e-01, 1.99e-01, 1.39e-05, 1.22e-05, 4.61e-04, 9.71e-01, 6.68e-01, 4.59e-04, 1.06e-08, 5.40e-02]
59700 [4.34e-01, 6.21e-01, 1.95e-01, 8.36e-05, 3.04e-03, 4.41e-04, 9.71e-01, 6.70e-01, 4.75e-05, 3.88e-04, 5.21e-02]
59800 [4.13e-01, 5.72e-01, 1.86e-01, 1.86e-04, 1.72e-02, 9.38e-05, 9.71e-01, 6.75e-01, 1.08e-04, 1.94e-04, 5.19e-02]
59900 [4.35e-01, 5.97e-01, 1.96e-01, 1.77e-05, 1.88e-02, 4.19e-04, 9.71e-01, 6.78e-01, 7.77e-04, 4.42e-04, 5.19e-02]
60000 [3.72e-01, 6.13e-01, 1.86e-01, 8.41e-04, 1.14e-04, 9.17e-04, 9.71e-01, 6.83e-01, 1.23e-04, 9.49e-04, 5.04e-02]
