0 [1.00e+00, 1.00e+00, 1.00e+00, 1.00e+00, 1.00e+00, 1.00e+00, 1.00e+00, 1.00e+00, 1.00e+00, 1.00e+00, 1.00e+00]
50 [1.05e+00, 8.91e-01, 9.79e-01, 6.51e-01, 1.12e+00, 1.08e+00, 9.86e-01, 7.06e-01, 1.05e+00, 9.17e-01, 8.99e-01]
100 [9.85e-01, 8.90e-01, 9.72e-01, 5.99e-01, 1.10e+00, 1.06e+00, 9.81e-01, 7.01e-01, 1.07e+00, 1.00e+00, 8.96e-01]
150 [9.63e-01, 8.90e-01, 9.68e-01, 5.92e-01, 1.10e+00, 1.04e+00, 3.06e-01, 7.01e-01, 1.07e+00, 1.03e+00, 9.03e-01]
200 [9.57e-01, 8.90e-01, 9.65e-01, 5.93e-01, 1.10e+00, 1.01e+00, 1.25e-02, 7.01e-01, 1.07e+00, 1.04e+00, 9.06e-01]
250 [9.56e-01, 8.90e-01, 9.64e-01, 5.95e-01, 1.10e+00, 9.89e-01, 3.01e-03, 7.01e-01, 1.07e+00, 1.04e+00, 9.07e-01]
300 [9.56e-01, 8.90e-01, 9.64e-01, 5.95e-01, 1.10e+00, 9.70e-01, 2.42e-03, 7.01e-01, 1.07e+00, 1.05e+00, 9.09e-01]
350 [9.56e-01, 8.90e-01, 9.64e-01, 5.96e-01, 1.11e+00, 9.55e-01, 2.33e-03, 7.01e-01, 1.08e+00, 1.05e+00, 9.10e-01]
400 [9.55e-01, 8.90e-01, 9.64e-01, 5.96e-01, 1.11e+00, 9.43e-01, 1.56e-03, 7.01e-01, 1.08e+00, 1.05e+00, 9.11e-01]
450 [9.55e-01, 8.90e-01, 9.63e-01, 5.96e-01, 1.11e+00, 9.34e-01, 2.58e-05, 7.01e-01, 1.09e+00, 1.05e+00, 9.12e-01]
500 [9.55e-01, 8.90e-01, 9.63e-01, 5.96e-01, 1.11e+00, 9.25e-01, -1.13e-03, 7.01e-01, 1.09e+00, 1.06e+00, 9.13e-01]
550 [9.55e-01, 8.90e-01, 9.63e-01, 5.96e-01, 1.11e+00, 9.18e-01, -1.61e-03, 7.01e-01, 1.09e+00, 1.06e+00, 9.14e-01]
600 [9.55e-01, 8.90e-01, 9.63e-01, 5.96e-01, 1.11e+00, 9.11e-01, -1.76e-03, 7.01e-01, 1.09e+00, 1.06e+00, 9.14e-01]
650 [9.55e-01, 8.90e-01, 9.63e-01, 5.96e-01, 1.11e+00, 9.04e-01, -1.80e-03, 7.01e-01, 1.09e+00, 1.06e+00, 9.14e-01]
700 [9.55e-01, 8.90e-01, 9.63e-01, 5.96e-01, 1.11e+00, 8.98e-01, -1.81e-03, 7.01e-01, 1.10e+00, 1.06e+00, 9.14e-01]
750 [9.55e-01, 8.90e-01, 9.63e-01, 5.96e-01, 1.11e+00, 8.93e-01, -1.81e-03, 7.01e-01, 1.10e+00, 1.06e+00, 9.14e-01]
800 [9.55e-01, 8.90e-01, 9.63e-01, 5.96e-01, 1.11e+00, 8.87e-01, -1.81e-03, 7.01e-01, 1.10e+00, 1.06e+00, 9.14e-01]
850 [9.55e-01, 8.90e-01, 9.63e-01, 5.96e-01, 1.11e+00, 8.82e-01, -1.81e-03, 7.01e-01, 1.10e+00, 1.06e+00, 9.14e-01]
900 [9.55e-01, 8.90e-01, 9.63e-01, 5.96e-01, 1.11e+00, 8.77e-01, -1.81e-03, 7.01e-01, 1.10e+00, 1.06e+00, 9.14e-01]
950 [9.55e-01, 8.90e-01, 9.63e-01, 5.95e-01, 1.11e+00, 8.73e-01, -1.81e-03, 7.01e-01, 1.10e+00, 1.06e+00, 9.14e-01]
1000 [9.55e-01, 8.90e-01, 9.63e-01, 5.95e-01, 1.11e+00, 8.68e-01, -1.81e-03, 7.01e-01, 1.10e+00, 1.06e+00, 9.14e-01]
1050 [9.55e-01, 8.90e-01, 9.63e-01, 5.95e-01, 1.11e+00, 8.64e-01, -1.81e-03, 7.01e-01, 1.10e+00, 1.06e+00, 9.14e-01]
1100 [9.55e-01, 8.90e-01, 9.63e-01, 5.95e-01, 1.11e+00, 8.60e-01, -1.81e-03, 7.01e-01, 1.09e+00, 1.06e+00, 9.14e-01]
1150 [9.55e-01, 8.90e-01, 9.63e-01, 5.94e-01, 1.11e+00, 8.56e-01, -1.81e-03, 7.01e-01, 1.09e+00, 1.06e+00, 9.14e-01]
1200 [9.55e-01, 8.90e-01, 9.63e-01, 5.94e-01, 1.11e+00, 8.53e-01, -1.81e-03, 7.01e-01, 1.09e+00, 1.06e+00, 9.14e-01]
1250 [9.55e-01, 8.90e-01, 9.63e-01, 5.93e-01, 1.11e+00, 8.49e-01, -1.81e-03, 7.01e-01, 1.09e+00, 1.06e+00, 9.14e-01]
1300 [9.55e-01, 8.90e-01, 9.63e-01, 5.93e-01, 1.11e+00, 8.45e-01, -1.81e-03, 7.01e-01, 1.08e+00, 1.06e+00, 9.14e-01]
1350 [9.55e-01, 8.90e-01, 9.63e-01, 5.92e-01, 1.11e+00, 8.42e-01, -1.81e-03, 7.01e-01, 1.08e+00, 1.06e+00, 9.13e-01]
1400 [9.55e-01, 8.90e-01, 9.63e-01, 5.92e-01, 1.11e+00, 8.39e-01, -1.81e-03, 7.01e-01, 1.07e+00, 1.06e+00, 9.13e-01]
1450 [9.55e-01, 8.90e-01, 9.63e-01, 5.91e-01, 1.11e+00, 8.36e-01, -1.81e-03, 7.01e-01, 1.07e+00, 1.06e+00, 9.13e-01]
1500 [9.54e-01, 8.90e-01, 9.63e-01, 5.91e-01, 1.11e+00, 8.33e-01, -1.81e-03, 7.01e-01, 1.07e+00, 1.06e+00, 9.12e-01]
1550 [9.54e-01, 8.90e-01, 9.63e-01, 5.90e-01, 1.11e+00, 8.30e-01, -1.81e-03, 7.01e-01, 1.06e+00, 1.07e+00, 9.12e-01]
1600 [9.54e-01, 8.90e-01, 9.63e-01, 5.89e-01, 1.11e+00, 8.27e-01, -1.81e-03, 7.01e-01, 1.06e+00, 1.07e+00, 9.12e-01]
1650 [9.54e-01, 8.90e-01, 9.63e-01, 5.89e-01, 1.11e+00, 8.24e-01, -1.81e-03, 7.01e-01, 1.05e+00, 1.07e+00, 9.11e-01]
1700 [9.54e-01, 8.90e-01, 9.63e-01, 5.88e-01, 1.11e+00, 8.21e-01, -1.81e-03, 7.01e-01, 1.05e+00, 1.07e+00, 9.11e-01]
1750 [9.54e-01, 8.90e-01, 9.63e-01, 5.87e-01, 1.11e+00, 8.19e-01, -1.81e-03, 7.01e-01, 1.04e+00, 1.07e+00, 9.10e-01]
1800 [9.54e-01, 8.90e-01, 9.63e-01, 5.87e-01, 1.11e+00, 8.16e-01, -1.81e-03, 7.01e-01, 1.03e+00, 1.07e+00, 9.10e-01]
1850 [9.54e-01, 8.90e-01, 9.63e-01, 5.86e-01, 1.11e+00, 8.14e-01, -1.81e-03, 7.01e-01, 1.03e+00, 1.08e+00, 9.09e-01]
1900 [9.54e-01, 8.90e-01, 9.63e-01, 5.85e-01, 1.11e+00, 8.11e-01, -1.81e-03, 7.01e-01, 1.02e+00, 1.08e+00, 9.09e-01]
1950 [9.54e-01, 8.90e-01, 9.63e-01, 5.85e-01, 1.11e+00, 8.09e-01, -1.81e-03, 7.01e-01, 1.02e+00, 1.08e+00, 9.08e-01]
2000 [9.54e-01, 8.90e-01, 9.63e-01, 5.84e-01, 1.11e+00, 8.07e-01, -1.81e-03, 7.01e-01, 1.01e+00, 1.08e+00, 9.08e-01]
2050 [9.54e-01, 8.90e-01, 9.63e-01, 5.83e-01, 1.12e+00, 8.04e-01, -1.81e-03, 7.01e-01, 1.00e+00, 1.08e+00, 9.07e-01]
2100 [9.54e-01, 8.90e-01, 9.63e-01, 5.82e-01, 1.12e+00, 8.02e-01, -1.81e-03, 7.01e-01, 9.97e-01, 1.09e+00, 9.06e-01]
2150 [9.54e-01, 8.90e-01, 9.63e-01, 5.81e-01, 1.12e+00, 8.00e-01, -1.81e-03, 7.01e-01, 9.91e-01, 1.09e+00, 9.06e-01]
2200 [9.54e-01, 8.90e-01, 9.62e-01, 5.81e-01, 1.12e+00, 7.98e-01, -1.81e-03, 7.01e-01, 9.84e-01, 1.09e+00, 9.05e-01]
2250 [9.54e-01, 8.90e-01, 9.62e-01, 5.80e-01, 1.12e+00, 7.96e-01, -1.81e-03, 7.01e-01, 9.77e-01, 1.09e+00, 9.04e-01]
2300 [9.53e-01, 8.90e-01, 9.62e-01, 5.79e-01, 1.12e+00, 7.94e-01, -1.81e-03, 7.01e-01, 9.70e-01, 1.10e+00, 9.04e-01]
2350 [9.53e-01, 8.90e-01, 9.62e-01, 5.78e-01, 1.12e+00, 7.92e-01, -1.81e-03, 7.01e-01, 9.62e-01, 1.10e+00, 9.03e-01]
2400 [9.53e-01, 8.90e-01, 9.62e-01, 5.77e-01, 1.12e+00, 7.90e-01, -1.81e-03, 7.01e-01, 9.55e-01, 1.10e+00, 9.02e-01]
2450 [9.53e-01, 8.90e-01, 9.62e-01, 5.76e-01, 1.12e+00, 7.88e-01, -1.81e-03, 7.01e-01, 9.47e-01, 1.10e+00, 9.01e-01]
2500 [9.53e-01, 8.90e-01, 9.62e-01, 5.76e-01, 1.12e+00, 7.86e-01, -1.81e-03, 7.01e-01, 9.39e-01, 1.11e+00, 9.01e-01]
2550 [9.53e-01, 8.90e-01, 9.62e-01, 5.75e-01, 1.12e+00, 7.84e-01, -1.81e-03, 7.01e-01, 9.31e-01, 1.11e+00, 9.00e-01]
2600 [9.53e-01, 8.90e-01, 9.62e-01, 5.74e-01, 1.12e+00, 7.82e-01, -1.81e-03, 7.01e-01, 9.23e-01, 1.11e+00, 8.99e-01]
2650 [9.53e-01, 8.90e-01, 9.62e-01, 5.73e-01, 1.12e+00, 7.80e-01, -1.81e-03, 7.01e-01, 9.15e-01, 1.11e+00, 8.98e-01]
2700 [9.53e-01, 8.90e-01, 9.62e-01, 5.72e-01, 1.12e+00, 7.78e-01, -1.81e-03, 7.01e-01, 9.06e-01, 1.12e+00, 8.97e-01]
2750 [9.53e-01, 8.90e-01, 9.62e-01, 5.71e-01, 1.12e+00, 7.77e-01, -1.81e-03, 7.01e-01, 8.98e-01, 1.12e+00, 8.96e-01]
2800 [9.53e-01, 8.90e-01, 9.62e-01, 5.70e-01, 1.12e+00, 7.75e-01, -1.81e-03, 7.01e-01, 8.89e-01, 1.12e+00, 8.95e-01]
2850 [9.53e-01, 8.90e-01, 9.62e-01, 5.69e-01, 1.12e+00, 7.73e-01, -1.81e-03, 7.01e-01, 8.80e-01, 1.13e+00, 8.94e-01]
2900 [9.53e-01, 8.90e-01, 9.62e-01, 5.68e-01, 1.12e+00, 7.72e-01, -1.81e-03, 7.01e-01, 8.70e-01, 1.13e+00, 8.93e-01]
2950 [9.53e-01, 8.90e-01, 9.62e-01, 5.67e-01, 1.12e+00, 7.70e-01, -1.81e-03, 7.01e-01, 8.61e-01, 1.13e+00, 8.92e-01]
3000 [9.53e-01, 8.90e-01, 9.62e-01, 5.66e-01, 1.12e+00, 7.68e-01, -1.81e-03, 7.01e-01, 8.51e-01, 1.14e+00, 8.91e-01]
3050 [9.53e-01, 8.90e-01, 9.62e-01, 5.65e-01, 1.12e+00, 7.67e-01, -1.81e-03, 7.01e-01, 8.41e-01, 1.14e+00, 8.90e-01]
3100 [9.52e-01, 8.90e-01, 9.62e-01, 5.64e-01, 1.12e+00, 7.65e-01, -1.81e-03, 7.01e-01, 8.31e-01, 1.14e+00, 8.89e-01]
3150 [9.52e-01, 8.90e-01, 9.62e-01, 5.63e-01, 1.12e+00, 7.63e-01, -1.81e-03, 7.01e-01, 8.21e-01, 1.15e+00, 8.88e-01]
3200 [9.52e-01, 8.90e-01, 9.62e-01, 5.62e-01, 1.12e+00, 7.62e-01, -1.81e-03, 7.01e-01, 8.10e-01, 1.15e+00, 8.87e-01]
3250 [9.52e-01, 8.90e-01, 9.62e-01, 5.60e-01, 1.12e+00, 7.60e-01, -1.81e-03, 7.01e-01, 7.99e-01, 1.15e+00, 8.86e-01]
3300 [9.52e-01, 8.90e-01, 9.61e-01, 5.59e-01, 1.12e+00, 7.59e-01, -1.81e-03, 7.01e-01, 7.88e-01, 1.16e+00, 8.85e-01]
3350 [9.52e-01, 8.90e-01, 9.61e-01, 5.58e-01, 1.12e+00, 7.57e-01, -1.81e-03, 7.01e-01, 7.77e-01, 1.16e+00, 8.84e-01]
3400 [9.52e-01, 8.90e-01, 9.61e-01, 5.57e-01, 1.12e+00, 7.56e-01, -1.81e-03, 7.01e-01, 7.65e-01, 1.16e+00, 8.82e-01]
3450 [9.52e-01, 8.90e-01, 9.61e-01, 5.56e-01, 1.12e+00, 7.54e-01, -1.81e-03, 7.01e-01, 7.54e-01, 1.17e+00, 8.81e-01]
3500 [9.52e-01, 8.90e-01, 9.61e-01, 5.55e-01, 1.12e+00, 7.53e-01, -1.81e-03, 7.01e-01, 7.42e-01, 1.17e+00, 8.80e-01]
3550 [9.52e-01, 8.90e-01, 9.61e-01, 5.53e-01, 1.12e+00, 7.52e-01, -1.81e-03, 7.01e-01, 7.29e-01, 1.17e+00, 8.79e-01]
3600 [9.52e-01, 8.90e-01, 9.61e-01, 5.52e-01, 1.12e+00, 7.50e-01, -1.81e-03, 7.01e-01, 7.17e-01, 1.18e+00, 8.77e-01]
3650 [9.52e-01, 8.90e-01, 9.61e-01, 5.51e-01, 1.12e+00, 7.49e-01, -1.81e-03, 7.01e-01, 7.04e-01, 1.18e+00, 8.76e-01]
3700 [9.52e-01, 8.90e-01, 9.61e-01, 5.50e-01, 1.12e+00, 7.47e-01, -1.81e-03, 7.01e-01, 6.91e-01, 1.19e+00, 8.74e-01]
3750 [9.52e-01, 8.90e-01, 9.61e-01, 5.48e-01, 1.12e+00, 7.46e-01, -1.81e-03, 7.01e-01, 6.78e-01, 1.19e+00, 8.73e-01]
3800 [9.52e-01, 8.90e-01, 9.61e-01, 5.47e-01, 1.12e+00, 7.45e-01, -1.81e-03, 7.01e-01, 6.64e-01, 1.19e+00, 8.72e-01]
3850 [9.52e-01, 8.90e-01, 9.61e-01, 5.46e-01, 1.12e+00, 7.43e-01, -1.81e-03, 7.01e-01, 6.49e-01, 1.14e+00, 8.68e-01]
3900 [9.52e-01, 8.90e-01, 9.61e-01, 5.44e-01, 1.12e+00, 7.42e-01, -1.81e-03, 7.01e-01, 6.35e-01, 1.14e+00, 8.66e-01]
3950 [9.52e-01, 8.90e-01, 9.61e-01, 5.43e-01, 1.12e+00, 7.41e-01, -1.81e-03, 7.01e-01, 6.21e-01, 1.15e+00, 8.65e-01]
4000 [9.52e-01, 8.90e-01, 9.60e-01, 5.41e-01, 1.12e+00, 7.39e-01, -1.81e-03, 7.01e-01, 6.06e-01, 1.15e+00, 8.63e-01]
4050 [9.52e-01, 8.90e-01, 9.60e-01, 5.40e-01, 1.12e+00, 7.38e-01, -1.81e-03, 7.01e-01, 5.91e-01, 1.16e+00, 8.61e-01]
4100 [9.51e-01, 8.90e-01, 9.60e-01, 5.39e-01, 1.12e+00, 7.37e-01, -1.81e-03, 7.01e-01, 5.76e-01, 1.16e+00, 8.60e-01]
4150 [9.51e-01, 8.90e-01, 9.60e-01, 5.37e-01, 1.12e+00, 7.36e-01, -1.81e-03, 7.01e-01, 5.60e-01, 1.16e+00, 8.58e-01]
4200 [9.51e-01, 8.90e-01, 9.60e-01, 5.36e-01, 1.13e+00, 7.35e-01, -1.81e-03, 7.01e-01, 5.44e-01, 1.17e+00, 8.56e-01]
4250 [9.51e-01, 8.90e-01, 9.60e-01, 5.34e-01, 1.13e+00, 7.33e-01, -1.81e-03, 7.01e-01, 5.28e-01, 1.17e+00, 8.54e-01]
4300 [9.51e-01, 8.90e-01, 9.60e-01, 5.33e-01, 1.13e+00, 7.32e-01, -1.81e-03, 7.01e-01, 5.12e-01, 1.18e+00, 8.52e-01]
4350 [9.51e-01, 8.90e-01, 9.60e-01, 5.31e-01, 1.13e+00, 7.31e-01, -1.81e-03, 7.01e-01, 4.95e-01, 1.18e+00, 8.51e-01]
4400 [9.51e-01, 8.90e-01, 9.60e-01, 5.29e-01, 1.13e+00, 7.30e-01, -1.81e-03, 7.01e-01, 4.78e-01, 1.19e+00, 8.49e-01]
4450 [9.51e-01, 8.90e-01, 9.60e-01, 5.28e-01, 1.13e+00, 7.29e-01, -1.81e-03, 7.01e-01, 4.61e-01, 1.19e+00, 8.47e-01]
4500 [9.51e-01, 8.90e-01, 9.60e-01, 5.26e-01, 1.13e+00, 7.27e-01, -1.81e-03, 7.01e-01, 4.41e-01, 1.13e+00, 8.40e-01]
4550 [9.51e-01, 8.90e-01, 9.60e-01, 5.25e-01, 1.13e+00, 7.26e-01, -1.81e-03, 7.01e-01, 4.22e-01, 1.13e+00, 8.37e-01]
4600 [9.51e-01, 8.90e-01, 9.60e-01, 5.23e-01, 1.13e+00, 7.25e-01, -1.81e-03, 7.01e-01, 4.04e-01, 1.13e+00, 8.35e-01]
4650 [9.51e-01, 8.90e-01, 9.59e-01, 5.21e-01, 1.13e+00, 7.24e-01, -1.81e-03, 7.01e-01, 3.86e-01, 1.14e+00, 8.33e-01]
4700 [9.51e-01, 8.90e-01, 9.59e-01, 5.19e-01, 1.13e+00, 7.23e-01, -1.81e-03, 7.01e-01, 3.67e-01, 1.14e+00, 8.30e-01]
4750 [9.51e-01, 8.90e-01, 9.59e-01, 5.18e-01, 1.13e+00, 7.22e-01, -1.81e-03, 7.01e-01, 3.48e-01, 1.15e+00, 8.28e-01]
4800 [9.51e-01, 8.90e-01, 9.59e-01, 5.16e-01, 1.13e+00, 7.21e-01, -1.81e-03, 7.01e-01, 3.29e-01, 1.15e+00, 8.26e-01]
4850 [9.51e-01, 8.90e-01, 9.59e-01, 5.14e-01, 1.13e+00, 7.20e-01, -1.81e-03, 7.01e-01, 3.09e-01, 1.16e+00, 8.24e-01]
4900 [9.51e-01, 8.90e-01, 9.59e-01, 5.12e-01, 1.13e+00, 7.19e-01, -1.81e-03, 7.01e-01, 2.89e-01, 1.16e+00, 8.21e-01]
4950 [9.51e-01, 8.90e-01, 9.59e-01, 5.11e-01, 1.13e+00, 7.19e-01, -1.81e-03, 7.01e-01, 2.69e-01, 1.17e+00, 8.19e-01]
5000 [9.51e-01, 8.90e-01, 9.59e-01, 5.09e-01, 1.13e+00, 7.18e-01, -1.81e-03, 7.01e-01, 2.49e-01, 1.17e+00, 8.17e-01]
5000 [9.51e-01, 8.90e-01, 9.59e-01, 5.09e-01, 1.13e+00, 7.18e-01, -1.81e-03, 7.01e-01, 2.49e-01, 1.17e+00, 8.17e-01]
5050 [8.72e-01, 8.21e-01, 9.36e-01, 5.29e-01, 9.45e-01, 4.23e-01, -1.16e-01, 5.79e-01, 3.47e-01, 9.73e-01, 6.44e-01]
5100 [8.60e-01, 8.21e-01, 9.33e-01, 3.89e-01, 9.68e-01, 4.05e-01, -1.04e-01, 5.44e-01, 2.18e-01, 9.55e-01, 6.61e-01]
5150 [8.59e-01, 8.21e-01, 9.33e-01, 3.75e-01, 9.69e-01, 4.03e-01, -8.88e-02, 5.43e-01, 1.57e-01, 9.42e-01, 6.76e-01]
5200 [8.59e-01, 8.21e-01, 9.33e-01, 3.70e-01, 9.69e-01, 4.01e-01, -8.77e-02, 5.43e-01, 1.44e-01, 9.37e-01, 6.80e-01]
5250 [8.59e-01, 8.21e-01, 9.33e-01, 3.67e-01, 9.68e-01, 3.98e-01, -8.77e-02, 5.42e-01, 1.38e-01, 9.33e-01, 6.82e-01]
5300 [8.58e-01, 8.21e-01, 9.33e-01, 3.62e-01, 9.67e-01, 3.96e-01, -8.77e-02, 5.41e-01, 1.36e-01, 9.30e-01, 6.82e-01]
5350 [8.58e-01, 8.21e-01, 9.33e-01, 3.57e-01, 9.65e-01, 3.93e-01, -8.77e-02, 5.40e-01, 1.34e-01, 9.28e-01, 6.82e-01]
5400 [8.58e-01, 8.21e-01, 9.34e-01, 3.50e-01, 9.65e-01, 3.91e-01, -8.77e-02, 5.39e-01, 1.32e-01, 9.25e-01, 6.82e-01]
5450 [8.57e-01, 8.21e-01, 9.34e-01, 3.43e-01, 9.64e-01, 3.90e-01, -8.77e-02, 5.38e-01, 1.26e-01, 9.23e-01, 6.82e-01]
5500 [8.57e-01, 8.21e-01, 9.34e-01, 3.34e-01, 9.63e-01, 3.88e-01, -8.77e-02, 5.36e-01, 1.16e-01, 9.21e-01, 6.81e-01]
5550 [8.57e-01, 8.21e-01, 9.34e-01, 3.24e-01, 9.62e-01, 3.88e-01, -8.77e-02, 5.35e-01, 1.04e-01, 9.20e-01, 6.80e-01]
5600 [8.57e-01, 8.21e-01, 9.34e-01, 3.14e-01, 9.62e-01, 3.88e-01, -8.77e-02, 5.33e-01, 8.74e-02, 9.20e-01, 6.78e-01]
5650 [8.56e-01, 8.21e-01, 9.34e-01, 3.04e-01, 9.61e-01, 3.88e-01, -8.77e-02, 5.32e-01, 6.87e-02, 9.20e-01, 6.76e-01]
5700 [8.56e-01, 8.21e-01, 9.34e-01, 2.93e-01, 9.61e-01, 3.88e-01, -8.77e-02, 5.30e-01, 4.81e-02, 9.20e-01, 6.74e-01]
5750 [8.56e-01, 8.21e-01, 9.35e-01, 2.82e-01, 9.60e-01, 3.89e-01, -8.77e-02, 5.29e-01, 2.62e-02, 9.20e-01, 6.71e-01]
5800 [8.55e-01, 8.21e-01, 9.35e-01, 2.71e-01, 9.60e-01, 3.90e-01, -8.77e-02, 5.27e-01, 3.36e-03, 9.20e-01, 6.69e-01]
5850 [8.55e-01, 8.21e-01, 9.35e-01, 2.61e-01, 9.60e-01, 3.91e-01, -8.77e-02, 5.26e-01, -1.99e-02, 9.21e-01, 6.66e-01]
5900 [8.55e-01, 8.21e-01, 9.35e-01, 2.50e-01, 9.60e-01, 3.92e-01, -8.77e-02, 5.25e-01, -4.33e-02, 9.21e-01, 6.63e-01]
5950 [8.54e-01, 8.21e-01, 9.35e-01, 2.40e-01, 9.60e-01, 3.93e-01, -8.77e-02, 5.23e-01, -6.67e-02, 9.22e-01, 6.60e-01]
6000 [8.54e-01, 8.21e-01, 9.36e-01, 2.29e-01, 9.60e-01, 3.94e-01, -8.77e-02, 5.22e-01, -8.98e-02, 9.22e-01, 6.57e-01]
6050 [8.54e-01, 8.21e-01, 9.36e-01, 2.19e-01, 9.60e-01, 3.96e-01, -8.77e-02, 5.21e-01, -1.12e-01, 9.22e-01, 6.54e-01]
6100 [8.54e-01, 8.21e-01, 9.36e-01, 2.10e-01, 9.60e-01, 3.98e-01, -8.77e-02, 5.20e-01, -1.35e-01, 9.22e-01, 6.51e-01]
6150 [8.53e-01, 8.21e-01, 9.36e-01, 2.00e-01, 9.61e-01, 4.00e-01, -8.77e-02, 5.19e-01, -1.56e-01, 9.22e-01, 6.48e-01]
6200 [8.53e-01, 8.21e-01, 9.36e-01, 1.91e-01, 9.61e-01, 4.02e-01, -8.77e-02, 5.18e-01, -1.77e-01, 9.22e-01, 6.46e-01]
6250 [8.53e-01, 8.21e-01, 9.37e-01, 1.82e-01, 9.61e-01, 4.04e-01, -8.77e-02, 5.18e-01, -1.98e-01, 9.21e-01, 6.43e-01]
6300 [8.53e-01, 8.21e-01, 9.37e-01, 1.74e-01, 9.62e-01, 4.06e-01, -8.77e-02, 5.17e-01, -2.17e-01, 9.21e-01, 6.41e-01]
6350 [8.52e-01, 8.21e-01, 9.37e-01, 1.66e-01, 9.62e-01, 4.08e-01, -8.77e-02, 5.16e-01, -2.36e-01, 9.21e-01, 6.38e-01]
6400 [8.52e-01, 8.21e-01, 9.37e-01, 1.58e-01, 9.63e-01, 4.11e-01, -8.77e-02, 5.16e-01, -2.54e-01, 9.20e-01, 6.36e-01]
6450 [8.52e-01, 8.21e-01, 9.37e-01, 1.51e-01, 9.64e-01, 4.14e-01, -8.77e-02, 5.15e-01, -2.71e-01, 9.20e-01, 6.34e-01]
6500 [8.52e-01, 8.21e-01, 9.38e-01, 1.44e-01, 9.64e-01, 4.17e-01, -8.77e-02, 5.15e-01, -2.88e-01, 9.20e-01, 6.32e-01]
6550 [8.52e-01, 8.21e-01, 9.38e-01, 1.37e-01, 9.65e-01, 4.20e-01, -8.77e-02, 5.14e-01, -3.03e-01, 9.19e-01, 6.30e-01]
6600 [8.51e-01, 8.21e-01, 9.38e-01, 1.30e-01, 9.66e-01, 4.23e-01, -8.77e-02, 5.14e-01, -3.18e-01, 9.19e-01, 6.28e-01]
6650 [8.51e-01, 8.21e-01, 9.38e-01, 1.24e-01, 9.66e-01, 4.26e-01, -8.77e-02, 5.13e-01, -3.32e-01, 9.18e-01, 6.27e-01]
6700 [8.51e-01, 8.21e-01, 9.38e-01, 1.19e-01, 9.67e-01, 4.29e-01, -8.77e-02, 5.13e-01, -3.46e-01, 9.18e-01, 6.25e-01]
6750 [8.51e-01, 8.21e-01, 9.39e-01, 1.13e-01, 9.68e-01, 4.33e-01, -8.77e-02, 5.13e-01, -3.59e-01, 9.17e-01, 6.24e-01]
6800 [8.51e-01, 8.21e-01, 9.39e-01, 1.08e-01, 9.68e-01, 4.36e-01, -8.77e-02, 5.13e-01, -3.71e-01, 9.17e-01, 6.22e-01]
6850 [8.51e-01, 8.21e-01, 9.39e-01, 1.03e-01, 9.69e-01, 4.40e-01, -8.77e-02, 5.12e-01, -3.82e-01, 9.16e-01, 6.21e-01]
6900 [8.51e-01, 8.21e-01, 9.39e-01, 9.86e-02, 9.70e-01, 4.44e-01, -8.77e-02, 5.12e-01, -3.93e-01, 9.16e-01, 6.20e-01]
6950 [8.50e-01, 8.21e-01, 9.39e-01, 9.42e-02, 9.70e-01, 4.48e-01, -8.77e-02, 5.12e-01, -4.03e-01, 9.16e-01, 6.19e-01]
7000 [8.50e-01, 8.21e-01, 9.39e-01, 9.02e-02, 9.71e-01, 4.52e-01, -8.77e-02, 5.12e-01, -4.13e-01, 9.15e-01, 6.18e-01]
7050 [8.50e-01, 8.21e-01, 9.39e-01, 8.64e-02, 9.72e-01, 4.56e-01, -8.77e-02, 5.12e-01, -4.22e-01, 9.15e-01, 6.18e-01]
7100 [8.50e-01, 8.21e-01, 9.40e-01, 8.28e-02, 9.72e-01, 4.60e-01, -8.77e-02, 5.12e-01, -4.31e-01, 9.15e-01, 6.17e-01]
7150 [8.50e-01, 8.21e-01, 9.40e-01, 7.94e-02, 9.73e-01, 4.64e-01, -8.77e-02, 5.12e-01, -4.39e-01, 9.15e-01, 6.16e-01]
7200 [8.50e-01, 8.21e-01, 9.40e-01, 7.62e-02, 9.73e-01, 4.69e-01, -8.77e-02, 5.12e-01, -4.47e-01, 9.14e-01, 6.16e-01]
7250 [8.50e-01, 8.21e-01, 9.40e-01, 7.33e-02, 9.74e-01, 4.73e-01, -8.77e-02, 5.12e-01, -4.55e-01, 9.14e-01, 6.16e-01]
7300 [8.50e-01, 8.21e-01, 9.40e-01, 7.04e-02, 9.74e-01, 4.78e-01, -8.77e-02, 5.11e-01, -4.62e-01, 9.14e-01, 6.15e-01]
7350 [8.50e-01, 8.21e-01, 9.40e-01, 6.78e-02, 9.75e-01, 4.82e-01, -8.77e-02, 5.11e-01, -4.69e-01, 9.14e-01, 6.15e-01]
7400 [8.49e-01, 8.21e-01, 9.40e-01, 6.53e-02, 9.75e-01, 4.87e-01, -8.77e-02, 5.11e-01, -4.76e-01, 9.14e-01, 6.15e-01]
7450 [8.49e-01, 8.21e-01, 9.41e-01, 6.29e-02, 9.76e-01, 4.92e-01, -8.77e-02, 5.11e-01, -4.82e-01, 9.14e-01, 6.15e-01]
7500 [8.49e-01, 8.21e-01, 9.41e-01, 6.06e-02, 9.76e-01, 4.97e-01, -8.77e-02, 5.11e-01, -4.89e-01, 9.14e-01, 6.15e-01]
7550 [8.49e-01, 8.21e-01, 9.41e-01, 5.85e-02, 9.77e-01, 5.02e-01, -8.77e-02, 5.11e-01, -4.95e-01, 9.14e-01, 6.15e-01]
7600 [8.49e-01, 8.21e-01, 9.41e-01, 5.64e-02, 9.77e-01, 5.07e-01, -8.77e-02, 5.11e-01, -5.01e-01, 9.14e-01, 6.15e-01]
7650 [8.49e-01, 8.21e-01, 9.41e-01, 5.45e-02, 9.77e-01, 5.12e-01, -8.77e-02, 5.11e-01, -5.07e-01, 9.15e-01, 6.15e-01]
7700 [8.49e-01, 8.21e-01, 9.41e-01, 5.26e-02, 9.78e-01, 5.17e-01, -8.77e-02, 5.11e-01, -5.12e-01, 9.15e-01, 6.15e-01]
7750 [8.49e-01, 8.21e-01, 9.41e-01, 5.08e-02, 9.78e-01, 5.22e-01, -8.77e-02, 5.11e-01, -5.18e-01, 9.15e-01, 6.16e-01]
7800 [8.49e-01, 8.21e-01, 9.41e-01, 4.90e-02, 9.78e-01, 5.28e-01, -8.77e-02, 5.12e-01, -5.24e-01, 7.38e-01, 6.15e-01]
7850 [8.49e-01, 8.21e-01, 9.41e-01, 4.74e-02, 9.79e-01, 5.33e-01, -8.77e-02, 5.12e-01, -5.30e-01, 7.07e-01, 6.15e-01]
7900 [8.49e-01, 8.21e-01, 9.41e-01, 4.57e-02, 9.79e-01, 5.38e-01, -8.77e-02, 5.12e-01, -5.36e-01, 7.07e-01, 6.15e-01]
7950 [8.49e-01, 8.21e-01, 9.41e-01, 4.42e-02, 9.79e-01, 5.44e-01, -8.77e-02, 5.12e-01, -5.41e-01, 7.08e-01, 6.16e-01]
8000 [8.48e-01, 8.21e-01, 9.42e-01, 4.26e-02, 9.79e-01, 5.50e-01, -8.77e-02, 5.12e-01, -5.47e-01, 7.08e-01, 6.16e-01]
8050 [8.48e-01, 8.21e-01, 9.42e-01, 4.11e-02, 9.80e-01, 5.55e-01, -8.77e-02, 5.12e-01, -5.52e-01, 7.09e-01, 6.16e-01]
8100 [8.48e-01, 8.21e-01, 9.42e-01, 3.96e-02, 9.80e-01, 5.61e-01, -8.77e-02, 5.12e-01, -5.58e-01, 7.09e-01, 6.17e-01]
8150 [8.48e-01, 8.21e-01, 9.42e-01, 3.81e-02, 9.80e-01, 5.67e-01, -8.77e-02, 5.12e-01, -5.63e-01, 7.10e-01, 6.17e-01]
8200 [8.48e-01, 8.21e-01, 9.42e-01, 3.66e-02, 9.80e-01, 5.73e-01, -8.77e-02, 5.12e-01, -5.69e-01, 7.10e-01, 6.17e-01]
8250 [8.48e-01, 8.21e-01, 9.42e-01, 3.52e-02, 9.81e-01, 5.79e-01, -8.77e-02, 5.12e-01, -5.75e-01, 7.11e-01, 6.18e-01]
8300 [8.48e-01, 8.21e-01, 9.42e-01, 3.37e-02, 9.81e-01, 5.85e-01, -8.77e-02, 5.12e-01, -5.80e-01, 7.11e-01, 6.18e-01]
8350 [8.48e-01, 8.21e-01, 9.42e-01, 3.22e-02, 9.81e-01, 5.92e-01, -8.77e-02, 5.12e-01, -5.86e-01, 7.12e-01, 6.19e-01]
8400 [8.48e-01, 8.21e-01, 9.42e-01, 3.06e-02, 9.75e-01, 4.98e-01, -8.77e-02, 5.12e-01, -5.54e-01, 6.89e-01, 6.08e-01]
8450 [8.48e-01, 8.21e-01, 9.42e-01, 3.05e-02, 9.57e-01, 4.61e-01, -8.77e-02, 5.12e-01, -5.09e-01, 6.47e-01, 6.09e-01]
8500 [8.48e-01, 8.21e-01, 9.42e-01, 3.02e-02, 9.57e-01, 4.72e-01, -8.77e-02, 5.12e-01, -5.08e-01, 6.47e-01, 6.10e-01]
8550 [8.48e-01, 8.21e-01, 9.42e-01, 2.97e-02, 9.57e-01, 4.84e-01, -8.77e-02, 5.12e-01, -5.10e-01, 6.47e-01, 6.11e-01]
8600 [8.48e-01, 8.21e-01, 9.42e-01, 2.89e-02, 9.58e-01, 4.96e-01, -8.77e-02, 5.12e-01, -5.13e-01, 6.48e-01, 6.12e-01]
8650 [8.48e-01, 8.21e-01, 9.42e-01, 2.80e-02, 9.58e-01, 5.07e-01, -8.77e-02, 5.12e-01, -5.17e-01, 6.48e-01, 6.13e-01]
8700 [8.47e-01, 8.21e-01, 9.42e-01, 2.69e-02, 9.58e-01, 5.18e-01, -8.77e-02, 5.12e-01, -5.22e-01, 6.49e-01, 6.13e-01]
8750 [8.47e-01, 8.21e-01, 9.42e-01, 2.57e-02, 9.58e-01, 5.29e-01, -8.77e-02, 5.12e-01, -5.27e-01, 6.49e-01, 6.14e-01]
8800 [8.47e-01, 8.21e-01, 9.42e-01, 2.44e-02, 9.58e-01, 5.39e-01, -8.77e-02, 5.12e-01, -5.33e-01, 6.50e-01, 6.14e-01]
8850 [8.47e-01, 8.21e-01, 9.41e-01, 2.30e-02, 9.59e-01, 5.50e-01, -8.77e-02, 5.12e-01, -5.39e-01, 6.50e-01, 6.14e-01]
8900 [8.47e-01, 8.21e-01, 9.41e-01, 2.14e-02, 9.59e-01, 5.60e-01, -8.77e-02, 5.12e-01, -5.46e-01, 6.50e-01, 6.15e-01]
8950 [8.47e-01, 8.21e-01, 9.41e-01, 1.98e-02, 9.59e-01, 5.71e-01, -8.77e-02, 5.12e-01, -5.53e-01, 6.51e-01, 6.15e-01]
9000 [8.47e-01, 8.21e-01, 9.41e-01, 1.81e-02, 9.59e-01, 5.81e-01, -8.77e-02, 5.12e-01, -5.60e-01, 6.51e-01, 6.15e-01]
9050 [8.47e-01, 8.21e-01, 9.41e-01, 1.64e-02, 9.59e-01, 5.91e-01, -8.77e-02, 5.12e-01, -5.68e-01, 6.51e-01, 6.15e-01]
9100 [8.47e-01, 8.21e-01, 9.41e-01, 1.44e-02, 8.71e-01, 3.82e-01, -8.77e-02, 5.13e-01, -4.52e-01, 3.98e-01, 5.81e-01]
9150 [8.47e-01, 8.21e-01, 9.41e-01, 1.53e-02, 8.03e-01, 3.70e-01, -8.77e-02, 5.13e-01, -4.25e-01, 3.24e-01, 5.82e-01]
9200 [8.47e-01, 8.21e-01, 9.40e-01, 1.49e-02, 8.03e-01, 3.97e-01, -8.77e-02, 5.13e-01, -4.25e-01, 3.24e-01, 5.81e-01]
9250 [8.47e-01, 8.21e-01, 9.40e-01, 1.35e-02, 8.03e-01, 4.21e-01, -8.77e-02, 5.13e-01, -4.33e-01, 3.26e-01, 5.79e-01]
9300 [8.47e-01, 8.21e-01, 9.40e-01, 1.16e-02, 8.03e-01, 4.43e-01, -8.77e-02, 5.13e-01, -4.44e-01, 3.28e-01, 5.76e-01]
9350 [8.47e-01, 8.21e-01, 9.40e-01, 9.35e-03, 8.03e-01, 4.63e-01, -8.77e-02, 5.13e-01, -4.56e-01, 3.31e-01, 5.74e-01]
9400 [8.47e-01, 8.21e-01, 9.39e-01, 6.90e-03, 8.03e-01, 4.83e-01, -8.77e-02, 5.13e-01, -4.68e-01, 3.33e-01, 5.72e-01]
9450 [8.47e-01, 8.21e-01, 9.39e-01, 4.33e-03, 8.03e-01, 5.01e-01, -8.77e-02, 5.13e-01, -4.81e-01, 3.35e-01, 5.70e-01]
9500 [8.47e-01, 8.21e-01, 9.39e-01, 1.67e-03, 8.04e-01, 5.19e-01, -8.77e-02, 5.13e-01, -4.94e-01, 3.36e-01, 5.68e-01]
9550 [8.47e-01, 8.21e-01, 9.38e-01, -1.07e-03, 8.04e-01, 5.36e-01, -8.77e-02, 5.13e-01, -5.06e-01, 3.38e-01, 5.66e-01]
9600 [8.47e-01, 8.21e-01, 9.38e-01, -3.90e-03, 8.04e-01, 5.52e-01, -8.77e-02, 5.13e-01, -5.18e-01, 3.40e-01, 5.65e-01]
9650 [8.47e-01, 8.21e-01, 9.38e-01, -6.84e-03, 8.04e-01, 5.68e-01, -8.77e-02, 5.13e-01, -5.31e-01, 3.41e-01, 5.63e-01]
9700 [8.47e-01, 8.21e-01, 9.37e-01, -9.89e-03, 8.04e-01, 5.83e-01, -8.77e-02, 5.13e-01, -5.43e-01, 3.43e-01, 5.62e-01]
9750 [8.47e-01, 8.21e-01, 9.37e-01, -1.31e-02, 8.04e-01, 5.98e-01, -8.77e-02, 5.13e-01, -5.55e-01, 3.44e-01, 5.61e-01]
9800 [8.46e-01, 8.21e-01, 9.37e-01, -1.66e-02, 7.55e-01, 3.10e-01, -8.77e-02, 5.13e-01, -4.43e-01, 3.05e-01, 5.12e-01]
9850 [8.46e-01, 8.21e-01, 9.36e-01, -9.10e-03, 6.69e-01, 2.62e-01, -8.77e-02, 5.13e-01, -3.41e-01, 2.64e-01, 5.19e-01]
9900 [8.46e-01, 8.21e-01, 9.35e-01, -9.16e-03, 6.68e-01, 3.22e-01, -8.77e-02, 5.13e-01, -3.33e-01, 2.66e-01, 5.15e-01]
9950 [8.46e-01, 8.21e-01, 9.34e-01, -1.30e-02, 6.68e-01, 3.66e-01, -8.77e-02, 5.13e-01, -3.54e-01, 2.69e-01, 5.06e-01]
10000 [8.46e-01, 8.21e-01, 9.33e-01, -1.75e-02, 6.68e-01, 4.03e-01, -8.77e-02, 5.13e-01, -3.77e-01, 2.73e-01, 4.98e-01]
10000 [8.46e-01, 8.21e-01, 9.33e-01, -1.75e-02, 6.68e-01, 4.03e-01, -8.77e-02, 5.13e-01, -3.77e-01, 2.73e-01, 4.98e-01]
10050 [5.67e-01, 7.49e-01, 8.98e-01, -7.88e-02, 5.37e-01, 1.89e-01, -4.09e-02, 3.92e-01, -3.38e-01, 2.25e-01, 2.99e-01]
10100 [5.38e-01, 7.48e-01, 8.98e-01, -8.74e-02, 5.01e-01, 1.44e-01, -3.92e-02, 3.85e-01, -3.23e-01, 2.07e-01, 2.88e-01]
10150 [5.37e-01, 7.48e-01, 8.98e-01, -8.87e-02, 4.98e-01, 1.43e-01, -3.92e-02, 3.85e-01, -3.23e-01, 2.15e-01, 2.88e-01]
10200 [5.35e-01, 7.48e-01, 8.97e-01, -8.94e-02, 4.96e-01, 1.46e-01, -3.92e-02, 3.86e-01, -3.17e-01, 2.25e-01, 2.91e-01]
10250 [5.34e-01, 7.48e-01, 8.95e-01, -9.01e-02, 4.94e-01, 1.53e-01, -3.92e-02, 3.86e-01, -3.08e-01, 2.34e-01, 2.96e-01]
10300 [5.34e-01, 7.48e-01, 8.93e-01, -9.09e-02, 4.91e-01, 1.63e-01, -3.92e-02, 3.87e-01, -2.97e-01, 2.43e-01, 3.01e-01]
10350 [5.33e-01, 7.48e-01, 8.91e-01, -9.19e-02, 4.89e-01, 1.75e-01, -3.92e-02, 3.87e-01, -2.87e-01, 2.50e-01, 3.05e-01]
10400 [5.32e-01, 7.48e-01, 8.89e-01, -9.32e-02, 4.87e-01, 1.89e-01, -3.92e-02, 3.87e-01, -2.76e-01, 2.55e-01, 3.08e-01]
10450 [5.32e-01, 7.48e-01, 8.86e-01, -9.46e-02, 4.84e-01, 2.04e-01, -3.92e-02, 3.87e-01, -2.65e-01, 2.59e-01, 3.10e-01]
10500 [5.32e-01, 7.48e-01, 8.84e-01, -9.62e-02, 4.82e-01, 2.20e-01, -3.92e-02, 3.88e-01, -2.55e-01, 2.61e-01, 3.12e-01]
10550 [5.31e-01, 7.48e-01, 8.81e-01, -9.79e-02, 4.80e-01, 2.36e-01, -3.92e-02, 3.88e-01, -2.45e-01, 2.63e-01, 3.14e-01]
10600 [5.31e-01, 7.48e-01, 8.79e-01, -9.98e-02, 4.78e-01, 2.50e-01, -3.92e-02, 3.88e-01, -2.36e-01, 2.63e-01, 3.16e-01]
10650 [5.31e-01, 7.48e-01, 8.77e-01, -1.02e-01, 4.76e-01, 2.63e-01, -3.92e-02, 3.88e-01, -2.27e-01, 2.64e-01, 3.17e-01]
10700 [5.31e-01, 7.48e-01, 8.75e-01, -1.04e-01, 4.75e-01, 2.75e-01, -3.92e-02, 3.88e-01, -2.19e-01, 2.64e-01, 3.17e-01]
10750 [5.31e-01, 7.48e-01, 8.73e-01, -1.06e-01, 4.73e-01, 2.85e-01, -3.92e-02, 3.89e-01, -2.13e-01, 2.64e-01, 3.18e-01]
10800 [5.31e-01, 7.48e-01, 8.71e-01, -1.08e-01, 4.72e-01, 2.94e-01, -3.92e-02, 3.89e-01, -2.07e-01, 2.64e-01, 3.18e-01]
10850 [5.31e-01, 7.48e-01, 8.69e-01, -1.10e-01, 4.70e-01, 3.02e-01, -3.92e-02, 3.89e-01, -2.03e-01, 2.64e-01, 3.18e-01]
10900 [5.31e-01, 7.48e-01, 8.68e-01, -1.13e-01, 4.69e-01, 3.08e-01, -3.92e-02, 3.89e-01, -1.99e-01, 2.64e-01, 3.18e-01]
10950 [5.32e-01, 7.48e-01, 8.67e-01, -1.15e-01, 4.68e-01, 3.14e-01, -3.92e-02, 3.89e-01, -1.96e-01, 2.64e-01, 3.17e-01]
11000 [5.32e-01, 7.48e-01, 8.65e-01, -1.18e-01, 4.68e-01, 3.20e-01, -3.92e-02, 3.89e-01, -1.94e-01, 2.64e-01, 3.17e-01]
11050 [5.32e-01, 7.48e-01, 8.64e-01, -1.20e-01, 4.67e-01, 3.24e-01, -3.92e-02, 3.89e-01, -1.92e-01, 2.64e-01, 3.17e-01]
11100 [5.32e-01, 7.48e-01, 8.64e-01, -1.23e-01, 4.66e-01, 3.28e-01, -3.92e-02, 3.90e-01, -1.90e-01, 2.64e-01, 3.16e-01]
11150 [5.32e-01, 7.48e-01, 8.63e-01, -1.25e-01, 4.66e-01, 3.32e-01, -3.92e-02, 3.90e-01, -1.88e-01, 2.64e-01, 3.16e-01]
11200 [5.33e-01, 7.48e-01, 8.63e-01, -1.28e-01, 4.65e-01, 3.35e-01, -3.92e-02, 3.90e-01, -1.86e-01, 2.64e-01, 3.16e-01]
11250 [5.33e-01, 7.48e-01, 8.62e-01, -1.31e-01, 4.65e-01, 3.38e-01, -3.92e-02, 3.90e-01, -1.84e-01, 2.64e-01, 3.16e-01]
11300 [5.33e-01, 7.48e-01, 8.62e-01, -1.34e-01, 4.65e-01, 3.41e-01, -3.92e-02, 3.90e-01, -1.81e-01, 2.64e-01, 3.15e-01]
11350 [5.33e-01, 7.48e-01, 8.62e-01, -1.37e-01, 4.65e-01, 3.43e-01, -3.92e-02, 3.90e-01, -1.77e-01, 2.65e-01, 3.15e-01]
11400 [5.33e-01, 7.48e-01, 8.62e-01, -1.40e-01, 4.65e-01, 3.46e-01, -3.92e-02, 3.90e-01, -1.73e-01, 2.65e-01, 3.15e-01]
11450 [5.33e-01, 7.48e-01, 8.61e-01, -1.43e-01, 4.66e-01, 3.49e-01, -3.92e-02, 3.90e-01, -1.68e-01, 2.66e-01, 3.15e-01]
11500 [5.34e-01, 7.48e-01, 8.61e-01, -1.46e-01, 4.66e-01, 3.53e-01, -3.92e-02, 3.91e-01, -1.62e-01, 2.67e-01, 3.15e-01]
11550 [5.34e-01, 7.48e-01, 8.61e-01, -1.49e-01, 4.67e-01, 3.57e-01, -3.92e-02, 3.91e-01, -1.55e-01, 2.68e-01, 3.15e-01]
11600 [5.34e-01, 7.48e-01, 8.60e-01, -1.52e-01, 4.67e-01, 3.61e-01, -3.92e-02, 3.91e-01, -1.47e-01, 2.69e-01, 3.15e-01]
11650 [5.34e-01, 7.48e-01, 8.59e-01, -1.55e-01, 4.68e-01, 3.67e-01, -3.92e-02, 3.91e-01, -1.39e-01, 2.71e-01, 3.14e-01]
11700 [5.34e-01, 7.48e-01, 8.58e-01, -1.58e-01, 4.69e-01, 3.73e-01, -3.92e-02, 3.91e-01, -1.29e-01, 2.72e-01, 3.14e-01]
11750 [5.34e-01, 7.48e-01, 8.56e-01, -1.61e-01, 4.70e-01, 3.81e-01, -3.92e-02, 3.91e-01, -1.18e-01, 2.73e-01, 3.14e-01]
11800 [5.34e-01, 7.48e-01, 8.55e-01, -1.64e-01, 4.71e-01, 3.89e-01, -3.92e-02, 3.91e-01, -1.07e-01, 2.75e-01, 3.14e-01]
11850 [5.34e-01, 7.48e-01, 8.53e-01, -1.66e-01, 4.72e-01, 3.98e-01, -3.92e-02, 3.91e-01, -9.41e-02, 2.76e-01, 3.14e-01]
11900 [5.35e-01, 7.48e-01, 8.50e-01, -1.69e-01, 4.74e-01, 4.08e-01, -3.92e-02, 3.91e-01, -8.14e-02, 4.24e-02, 3.14e-01]
11950 [5.35e-01, 7.48e-01, 8.47e-01, -1.71e-01, 4.75e-01, 4.19e-01, -3.92e-02, 3.91e-01, -6.87e-02, 3.78e-02, 3.13e-01]
12000 [5.35e-01, 7.48e-01, 8.44e-01, -1.74e-01, 4.76e-01, 4.31e-01, -3.92e-02, 3.91e-01, -5.53e-02, 4.46e-02, 3.13e-01]
12050 [5.35e-01, 7.48e-01, 8.40e-01, -1.76e-01, 4.78e-01, 4.43e-01, -3.92e-02, 3.91e-01, -4.11e-02, 5.13e-02, 3.12e-01]
12100 [5.35e-01, 7.48e-01, 8.35e-01, -1.77e-01, 4.79e-01, 4.56e-01, -3.92e-02, 3.91e-01, -2.64e-02, 5.79e-02, 3.12e-01]
12150 [5.35e-01, 7.48e-01, 8.30e-01, -1.79e-01, 4.81e-01, 4.69e-01, -3.92e-02, 3.91e-01, -1.11e-02, 6.44e-02, 3.12e-01]
12200 [5.36e-01, 7.48e-01, 8.24e-01, -1.80e-01, 4.82e-01, 4.82e-01, -3.92e-02, 3.91e-01, 4.41e-03, 7.06e-02, 3.12e-01]
12250 [5.36e-01, 7.48e-01, 8.18e-01, -1.80e-01, 4.84e-01, 4.95e-01, -3.92e-02, 3.91e-01, 2.02e-02, 7.66e-02, 3.12e-01]
12300 [5.36e-01, 7.48e-01, 8.11e-01, -1.81e-01, 4.85e-01, 3.04e-01, -3.92e-02, 3.91e-01, -3.84e-03, 2.08e-03, 3.01e-01]
12350 [5.37e-01, 7.48e-01, 8.03e-01, -1.81e-01, 4.87e-01, 3.07e-01, -3.92e-02, 3.91e-01, 1.03e-02, 6.53e-03, 3.00e-01]
12400 [5.37e-01, 7.48e-01, 7.94e-01, -1.81e-01, 4.88e-01, 3.27e-01, -3.92e-02, 3.91e-01, 2.73e-02, 1.30e-02, 2.99e-01]
12450 [5.37e-01, 7.48e-01, 7.85e-01, -1.81e-01, 4.90e-01, 3.46e-01, -3.92e-02, 3.91e-01, 4.36e-02, 1.94e-02, 2.99e-01]
12500 [5.38e-01, 7.48e-01, 7.76e-01, -1.80e-01, 4.91e-01, 3.65e-01, -3.92e-02, 3.91e-01, 5.95e-02, 2.56e-02, 2.99e-01]
12550 [5.38e-01, 7.48e-01, 7.67e-01, -1.80e-01, 4.92e-01, 3.83e-01, -3.92e-02, 3.91e-01, 7.48e-02, 3.14e-02, 2.98e-01]
12600 [5.39e-01, 7.48e-01, 7.58e-01, -1.79e-01, 4.94e-01, 4.00e-01, -3.92e-02, 3.91e-01, 8.98e-02, 3.69e-02, 2.98e-01]
12650 [5.39e-01, 7.48e-01, 7.50e-01, -1.79e-01, 4.95e-01, 4.17e-01, -3.92e-02, 3.91e-01, 1.04e-01, 4.19e-02, 2.98e-01]
12700 [5.40e-01, 7.48e-01, 7.41e-01, -1.78e-01, 4.97e-01, 4.32e-01, -3.92e-02, 3.91e-01, 1.19e-01, 4.64e-02, 2.98e-01]
12750 [5.41e-01, 7.48e-01, 7.32e-01, -1.77e-01, 4.98e-01, 4.47e-01, -3.92e-02, 3.91e-01, 1.33e-01, 5.04e-02, 2.98e-01]
12800 [5.41e-01, 7.48e-01, 7.24e-01, -1.76e-01, 4.99e-01, 4.62e-01, -3.92e-02, 3.91e-01, 1.46e-01, 5.39e-02, 2.98e-01]
12850 [5.42e-01, 7.48e-01, 7.15e-01, -1.75e-01, 5.01e-01, 4.76e-01, -3.92e-02, 3.91e-01, 1.60e-01, 5.70e-02, 2.98e-01]
12900 [5.42e-01, 7.48e-01, 7.06e-01, -1.74e-01, 5.02e-01, 4.89e-01, -3.92e-02, 3.91e-01, 1.73e-01, 5.95e-02, 2.98e-01]
12950 [5.43e-01, 7.48e-01, 6.98e-01, -1.73e-01, 5.03e-01, 4.79e-01, -3.92e-02, 3.91e-01, 1.78e-01, 1.91e-02, 2.95e-01]
13000 [5.43e-01, 7.48e-01, 6.86e-01, -1.73e-01, 5.02e-01, 8.07e-02, -3.92e-02, 3.91e-01, 5.27e-02, -2.16e-01, 2.54e-01]
13050 [5.44e-01, 7.48e-01, 6.73e-01, -1.73e-01, 5.03e-01, 7.57e-02, -3.92e-02, 3.91e-01, 6.59e-02, -2.05e-01, 2.54e-01]
13100 [5.45e-01, 7.48e-01, 6.60e-01, -1.73e-01, 5.04e-01, 6.46e-02, -3.92e-02, 3.91e-01, 8.13e-02, -2.02e-01, 2.52e-01]
13150 [5.45e-01, 7.48e-01, 6.48e-01, -1.73e-01, 5.04e-01, 4.75e-02, -3.92e-02, 3.91e-01, 9.52e-02, -1.99e-01, 2.48e-01]
13200 [5.46e-01, 7.48e-01, 6.37e-01, -1.73e-01, 5.05e-01, 2.79e-02, -3.92e-02, 3.90e-01, 1.08e-01, -1.96e-01, 2.41e-01]
13250 [5.47e-01, 7.48e-01, 6.26e-01, -1.74e-01, 5.06e-01, 8.42e-03, -3.92e-02, 3.90e-01, 1.19e-01, -1.94e-01, 2.32e-01]
13300 [5.48e-01, 7.48e-01, 6.15e-01, -1.74e-01, 5.06e-01, -8.72e-03, -3.92e-02, 3.90e-01, 1.29e-01, -1.91e-01, 2.21e-01]
13350 [5.48e-01, 7.47e-01, 6.05e-01, -1.75e-01, 5.07e-01, -2.26e-02, -3.92e-02, 3.90e-01, 1.37e-01, -1.89e-01, 2.09e-01]
13400 [5.49e-01, 7.47e-01, 5.96e-01, -1.75e-01, 5.07e-01, -3.39e-02, -3.92e-02, 3.90e-01, 1.45e-01, -1.87e-01, 1.96e-01]
13450 [5.50e-01, 7.47e-01, 5.87e-01, -1.76e-01, 5.08e-01, -4.39e-02, -3.92e-02, 3.90e-01, 1.52e-01, -1.84e-01, 1.84e-01]
13500 [5.51e-01, 7.47e-01, 5.77e-01, -1.77e-01, 5.08e-01, -5.35e-02, -3.92e-02, 3.90e-01, 1.58e-01, -1.81e-01, 1.73e-01]
13550 [5.52e-01, 7.47e-01, 5.69e-01, -1.78e-01, 5.08e-01, -6.31e-02, -3.92e-02, 3.90e-01, 1.63e-01, -1.77e-01, 1.62e-01]
13600 [5.53e-01, 7.47e-01, 5.60e-01, -1.78e-01, 5.09e-01, -7.30e-02, -3.92e-02, 3.90e-01, 1.66e-01, -1.73e-01, 1.52e-01]
13650 [5.54e-01, 7.47e-01, 5.51e-01, -1.79e-01, 5.09e-01, -8.31e-02, -3.92e-02, 3.90e-01, 1.68e-01, -1.69e-01, 1.44e-01]
13700 [5.54e-01, 7.47e-01, 5.43e-01, -1.80e-01, 5.09e-01, -9.32e-02, -3.92e-02, 3.90e-01, 1.70e-01, 1.57e-02, 1.36e-01]
13750 [5.55e-01, 7.47e-01, 5.35e-01, -1.81e-01, 5.09e-01, -1.03e-01, -3.92e-02, 3.90e-01, 1.70e-01, 1.77e-02, 1.29e-01]
13800 [5.56e-01, 7.47e-01, 5.27e-01, -1.82e-01, 5.10e-01, -1.13e-01, -3.92e-02, 3.90e-01, 1.69e-01, 1.71e-02, 1.23e-01]
13850 [5.57e-01, 7.47e-01, 5.19e-01, -1.83e-01, 5.10e-01, -1.22e-01, -3.92e-02, 3.90e-01, 1.68e-01, 1.66e-02, 1.18e-01]
13900 [5.58e-01, 7.47e-01, 5.12e-01, -1.84e-01, 5.10e-01, -1.31e-01, -3.92e-02, 3.90e-01, 1.66e-01, 1.62e-02, 1.14e-01]
13950 [5.59e-01, 7.47e-01, 5.04e-01, -1.85e-01, 5.10e-01, -1.38e-01, -3.92e-02, 3.90e-01, 1.63e-01, 1.58e-02, 1.11e-01]
14000 [5.61e-01, 7.47e-01, 4.97e-01, -1.86e-01, 5.10e-01, -1.44e-01, -3.92e-02, 3.90e-01, 1.61e-01, 1.54e-02, 1.09e-01]
14050 [5.62e-01, 7.47e-01, 4.90e-01, -1.87e-01, 5.10e-01, -1.50e-01, -3.92e-02, 3.90e-01, 1.58e-01, 1.49e-02, 1.07e-01]
14100 [5.63e-01, 7.47e-01, 4.83e-01, -1.88e-01, 5.10e-01, -1.55e-01, -3.92e-02, 3.90e-01, 1.55e-01, 1.45e-02, 1.06e-01]
14150 [5.64e-01, 7.47e-01, 4.76e-01, -1.89e-01, 5.11e-01, -1.59e-01, -3.92e-02, 3.90e-01, 1.53e-01, 1.39e-02, 1.06e-01]
14200 [5.65e-01, 7.47e-01, 4.69e-01, -1.90e-01, 5.11e-01, -1.63e-01, -3.92e-02, 3.90e-01, 1.50e-01, 1.34e-02, 1.07e-01]
14250 [5.66e-01, 7.47e-01, 4.62e-01, -1.91e-01, 5.11e-01, -1.67e-01, -3.92e-02, 3.90e-01, 1.48e-01, 1.28e-02, 1.07e-01]
14300 [5.68e-01, 7.47e-01, 4.56e-01, -1.92e-01, 5.11e-01, -1.70e-01, -3.92e-02, 3.90e-01, 1.46e-01, 1.22e-02, 1.09e-01]
14350 [5.69e-01, 7.47e-01, 4.49e-01, -1.93e-01, 5.11e-01, -1.73e-01, -3.92e-02, 3.90e-01, 1.44e-01, -1.21e-02, 1.10e-01]
14400 [5.70e-01, 7.47e-01, 4.42e-01, -1.94e-01, 5.11e-01, -1.76e-01, -3.92e-02, 3.90e-01, 1.42e-01, -1.18e-02, 1.13e-01]
14450 [5.72e-01, 7.47e-01, 4.35e-01, -1.95e-01, 5.11e-01, -1.78e-01, -3.92e-02, 3.90e-01, 1.40e-01, -1.12e-02, 1.15e-01]
14500 [5.73e-01, 7.47e-01, 4.28e-01, -1.96e-01, 5.11e-01, -1.81e-01, -3.92e-02, 3.90e-01, 1.38e-01, -1.06e-02, 1.18e-01]
14550 [5.75e-01, 7.46e-01, 4.22e-01, -1.97e-01, 5.11e-01, -1.84e-01, -3.92e-02, 3.91e-01, 1.37e-01, -1.02e-02, 1.21e-01]
14600 [5.76e-01, 7.46e-01, 4.15e-01, -1.98e-01, 5.11e-01, -1.87e-01, -3.92e-02, 3.91e-01, 1.35e-01, -9.70e-03, 1.24e-01]
14650 [5.78e-01, 7.46e-01, 4.08e-01, -1.99e-01, 5.11e-01, -1.90e-01, -3.92e-02, 3.91e-01, 1.33e-01, -9.28e-03, 1.27e-01]
14700 [5.79e-01, 7.46e-01, 4.01e-01, -2.00e-01, 5.11e-01, -1.92e-01, -3.92e-02, 3.91e-01, 1.32e-01, -8.88e-03, 1.31e-01]
14750 [5.81e-01, 7.46e-01, 3.94e-01, -2.01e-01, 5.11e-01, -1.95e-01, -3.92e-02, 3.91e-01, 1.30e-01, -8.49e-03, 1.35e-01]
14800 [5.83e-01, 7.46e-01, 3.88e-01, -2.02e-01, 5.11e-01, -1.98e-01, -3.92e-02, 3.91e-01, 1.29e-01, -8.12e-03, 1.39e-01]
14850 [5.84e-01, 7.46e-01, 3.81e-01, -2.03e-01, 5.11e-01, -2.01e-01, -3.92e-02, 3.91e-01, 1.27e-01, -7.75e-03, 1.43e-01]
14900 [5.86e-01, 7.46e-01, 3.74e-01, -2.04e-01, 5.11e-01, -2.04e-01, -3.92e-02, 3.91e-01, 1.26e-01, -7.38e-03, 1.48e-01]
14950 [5.88e-01, 7.46e-01, 3.67e-01, -2.06e-01, 5.11e-01, -2.07e-01, -3.92e-02, 3.91e-01, 1.24e-01, -3.55e-03, 1.52e-01]
15000 [5.90e-01, 7.46e-01, 3.60e-01, -2.07e-01, 5.11e-01, -2.10e-01, -3.92e-02, 3.91e-01, 1.23e-01, -3.08e-03, 1.57e-01]
15000 [5.90e-01, 7.46e-01, 3.60e-01, -2.07e-01, 5.11e-01, -2.10e-01, -3.92e-02, 3.91e-01, 1.23e-01, -3.08e-03, 1.57e-01]
15050 [4.76e-01, 6.39e-01, 3.65e-01, -3.16e-01, 3.45e-01, 5.41e-02, 7.27e-03, 3.58e-01, -3.42e-02, 4.39e-03, -3.94e-03]
15100 [4.74e-01, 5.78e-01, 3.47e-01, -3.15e-01, 3.40e-01, 5.60e-02, 7.34e-03, 3.58e-01, -4.06e-02, 2.14e-03, -1.44e-02]
15150 [4.75e-01, 5.03e-01, 3.31e-01, -3.13e-01, 3.39e-01, 5.36e-02, 7.34e-03, 3.58e-01, -3.95e-02, 2.39e-03, -1.44e-02]
15200 [4.75e-01, 4.12e-01, 3.14e-01, -3.11e-01, 3.39e-01, 5.08e-02, 7.34e-03, 3.57e-01, -3.77e-02, 2.50e-03, -1.44e-02]
15250 [4.76e-01, 3.11e-01, 2.97e-01, -3.09e-01, 3.39e-01, 4.77e-02, 7.34e-03, 3.57e-01, -3.55e-02, 2.42e-03, -1.42e-02]
15300 [4.77e-01, 2.11e-01, 2.82e-01, -3.07e-01, 3.39e-01, 4.42e-02, 7.34e-03, 3.57e-01, -3.31e-02, 2.19e-03, -1.40e-02]
15350 [4.78e-01, 1.39e-01, 2.71e-01, -3.04e-01, 3.38e-01, 4.05e-02, 7.34e-03, 3.57e-01, -3.05e-02, 1.81e-03, -1.38e-02]
15400 [4.78e-01, 1.13e-01, 2.62e-01, -3.01e-01, 3.38e-01, 3.65e-02, 7.34e-03, 3.57e-01, -2.76e-02, 1.29e-03, -1.35e-02]
15450 [4.79e-01, 1.06e-01, 2.53e-01, -2.99e-01, 3.38e-01, 3.22e-02, 7.34e-03, 3.57e-01, -2.47e-02, 6.64e-04, -1.31e-02]
15500 [4.80e-01, 1.02e-01, 2.46e-01, -2.96e-01, 3.38e-01, 2.75e-02, 7.34e-03, 3.57e-01, -2.16e-02, -2.70e-05, -1.26e-02]
15550 [4.81e-01, 9.91e-02, 2.41e-01, -2.93e-01, 3.38e-01, 2.26e-02, 7.34e-03, 3.57e-01, -1.84e-02, -7.33e-04, -1.21e-02]
15600 [4.82e-01, 9.75e-02, 2.37e-01, -2.89e-01, 3.38e-01, 1.73e-02, 7.34e-03, 3.56e-01, -1.51e-02, -1.42e-03, -1.15e-02]
15650 [4.83e-01, 9.67e-02, 2.34e-01, -2.86e-01, 3.38e-01, 1.17e-02, 7.34e-03, 3.56e-01, -1.16e-02, -2.07e-03, -1.08e-02]
15700 [4.85e-01, 9.65e-02, 2.33e-01, -2.83e-01, 3.38e-01, 5.80e-03, 7.34e-03, 3.56e-01, -7.91e-03, -2.65e-03, -1.00e-02]
15750 [4.86e-01, 9.68e-02, 2.33e-01, -2.80e-01, 3.38e-01, -5.29e-04, 7.34e-03, 3.56e-01, -4.00e-03, -3.18e-03, -9.10e-03]
15800 [4.87e-01, 9.74e-02, 2.35e-01, -2.77e-01, 3.38e-01, -7.30e-03, 7.34e-03, 3.56e-01, 1.41e-04, -3.63e-03, -8.10e-03]
15850 [4.88e-01, 9.81e-02, 2.38e-01, -2.73e-01, 3.38e-01, -1.46e-02, 7.34e-03, 3.56e-01, 4.51e-03, -4.03e-03, -6.96e-03]
15900 [4.89e-01, 9.88e-02, 2.43e-01, -2.70e-01, 3.38e-01, -2.24e-02, 7.34e-03, 3.56e-01, 9.11e-03, -4.37e-03, -5.68e-03]
15950 [4.91e-01, 9.96e-02, 2.49e-01, -2.67e-01, 3.38e-01, -3.08e-02, 7.34e-03, 3.56e-01, 1.39e-02, -4.67e-03, -4.23e-03]
16000 [4.92e-01, 1.00e-01, 2.56e-01, -2.64e-01, 3.38e-01, -3.98e-02, 7.34e-03, 3.55e-01, 1.90e-02, -4.92e-03, -2.59e-03]
16050 [4.93e-01, 1.01e-01, 2.65e-01, -2.61e-01, 3.38e-01, -4.94e-02, 7.34e-03, 3.55e-01, 2.43e-02, -5.13e-03, -7.52e-04]
16100 [4.95e-01, 1.02e-01, 2.75e-01, -2.58e-01, 3.38e-01, -5.93e-02, 7.34e-03, 3.55e-01, 2.98e-02, -5.31e-03, 1.31e-03]
16150 [4.96e-01, 1.03e-01, 2.87e-01, -2.55e-01, 3.38e-01, -6.96e-02, 7.34e-03, 3.55e-01, 3.54e-02, -5.46e-03, 3.63e-03]
16200 [4.97e-01, 1.03e-01, 2.99e-01, -2.52e-01, 3.38e-01, -8.02e-02, 7.34e-03, 3.55e-01, 4.12e-02, -5.59e-03, 6.21e-03]
16250 [4.98e-01, 1.04e-01, 3.12e-01, -2.50e-01, 3.38e-01, -9.08e-02, 7.34e-03, 3.55e-01, 4.72e-02, -5.71e-03, 9.08e-03]
16300 [5.00e-01, 1.05e-01, 3.27e-01, -2.47e-01, 3.38e-01, -1.02e-01, 7.34e-03, 3.55e-01, 5.33e-02, -5.83e-03, 1.23e-02]
16350 [5.01e-01, 1.06e-01, 3.42e-01, -2.45e-01, 3.38e-01, -1.12e-01, 7.34e-03, 3.55e-01, 5.95e-02, -5.94e-03, 1.58e-02]
16400 [5.02e-01, 1.06e-01, 3.58e-01, -2.43e-01, 3.38e-01, -1.23e-01, 7.34e-03, 3.55e-01, 6.56e-02, -6.05e-03, 1.97e-02]
16450 [5.04e-01, 1.07e-01, 3.75e-01, -2.40e-01, 3.38e-01, -1.34e-01, 7.34e-03, 3.55e-01, 7.16e-02, -6.14e-03, 2.39e-02]
16500 [5.05e-01, 1.09e-01, 3.92e-01, -2.38e-01, 3.38e-01, -1.45e-01, 7.34e-03, 3.55e-01, 7.76e-02, -6.21e-03, 2.84e-02]
16550 [5.06e-01, 1.10e-01, 4.10e-01, -2.37e-01, 3.38e-01, -1.56e-01, 7.34e-03, 3.55e-01, 8.35e-02, -6.27e-03, 3.34e-02]
16600 [5.05e-01, 1.08e-01, 4.10e-01, -2.35e-01, 3.37e-01, -1.30e-01, 7.34e-03, 3.55e-01, 9.53e-02, -7.11e-03, 3.89e-02]
16650 [5.06e-01, 1.11e-01, 4.21e-01, -2.34e-01, 3.37e-01, -1.42e-01, 7.34e-03, 3.55e-01, 1.01e-01, -7.39e-03, 4.45e-02]
16700 [5.08e-01, 1.14e-01, 4.34e-01, -2.32e-01, 3.38e-01, -1.55e-01, 7.34e-03, 3.55e-01, 1.07e-01, -7.42e-03, 5.02e-02]
16750 [5.08e-01, 1.14e-01, 4.38e-01, -2.31e-01, 3.38e-01, -1.43e-01, 7.34e-03, 3.55e-01, 1.13e-01, -7.48e-03, 5.62e-02]
16800 [5.01e-01, 1.19e-01, 3.90e-01, -2.30e-01, 3.36e-01, -8.39e-02, 7.34e-03, 3.55e-01, 1.20e-01, -9.47e-03, 6.13e-02]
16850 [5.03e-01, 1.23e-01, 3.89e-01, -2.29e-01, 3.37e-01, -1.04e-01, 7.34e-03, 3.55e-01, 1.23e-01, -1.05e-02, 6.64e-02]
16900 [5.04e-01, 1.28e-01, 3.97e-01, -2.28e-01, 3.38e-01, -1.23e-01, 7.34e-03, 3.55e-01, 1.25e-01, -1.12e-02, 7.16e-02]
16950 [5.06e-01, 1.32e-01, 4.09e-01, -2.26e-01, 3.38e-01, -1.40e-01, 7.34e-03, 3.55e-01, 1.28e-01, -1.18e-02, 7.71e-02]
17000 [5.07e-01, 1.36e-01, 4.24e-01, -2.25e-01, 3.38e-01, -1.55e-01, 7.34e-03, 3.55e-01, 1.30e-01, -1.22e-02, 8.29e-02]
17050 [5.08e-01, 1.40e-01, 4.41e-01, -2.25e-01, 3.38e-01, -1.70e-01, 7.34e-03, 3.55e-01, 1.33e-01, -1.25e-02, 8.90e-02]
17100 [4.76e-01, 1.47e-01, 2.84e-01, -2.11e-01, 3.33e-01, -3.85e-03, 7.33e-03, 3.55e-01, 1.08e-01, -7.52e-03, 8.92e-02]
17150 [4.77e-01, 1.55e-01, 2.73e-01, -2.08e-01, 3.32e-01, -2.41e-02, 7.33e-03, 3.55e-01, 1.12e-01, -9.16e-03, 9.08e-02]
17200 [4.80e-01, 1.61e-01, 2.77e-01, -2.05e-01, 3.32e-01, -4.55e-02, 7.33e-03, 3.54e-01, 1.14e-01, -9.99e-03, 9.32e-02]
17250 [4.82e-01, 1.68e-01, 2.89e-01, -2.04e-01, 3.33e-01, -6.64e-02, 7.33e-03, 3.54e-01, 1.14e-01, -1.10e-02, 9.58e-02]
17300 [4.84e-01, 1.74e-01, 3.06e-01, -2.02e-01, 3.33e-01, -8.63e-02, 7.33e-03, 3.54e-01, 1.14e-01, -1.19e-02, 9.89e-02]
17350 [4.86e-01, 1.80e-01, 3.25e-01, -2.01e-01, 3.33e-01, -1.05e-01, 7.33e-03, 3.54e-01, 1.14e-01, -1.24e-02, 1.02e-01]
17400 [4.88e-01, 1.86e-01, 3.46e-01, -2.01e-01, 3.34e-01, -1.23e-01, 7.33e-03, 3.54e-01, 1.14e-01, -1.27e-02, 1.06e-01]
17450 [4.90e-01, 1.91e-01, 3.69e-01, -2.00e-01, 3.33e-01, -1.40e-01, 7.33e-03, 3.54e-01, 1.15e-01, -1.29e-02, 1.11e-01]
17500 [4.92e-01, 1.92e-01, 3.89e-01, -1.99e-01, 3.13e-01, -1.51e-01, 7.33e-03, 3.55e-01, 1.07e-01, -1.11e-02, 1.15e-01]
17550 [4.92e-01, 2.00e-01, 3.97e-01, -1.97e-01, 2.96e-01, -1.50e-01, 7.33e-03, 3.55e-01, 1.03e-01, -7.74e-03, 1.20e-01]
17600 [4.76e-01, 2.00e-01, 3.18e-01, -1.94e-01, 2.83e-01, -8.13e-02, 7.33e-03, 3.55e-01, 9.86e-02, 1.24e-02, 1.24e-01]
17650 [4.76e-01, 2.16e-01, 3.26e-01, -1.94e-01, 2.76e-01, -9.85e-02, 7.33e-03, 3.55e-01, 1.00e-01, 1.27e-02, 1.27e-01]
17700 [4.78e-01, 2.22e-01, 3.45e-01, -1.93e-01, 2.76e-01, -1.19e-01, 7.33e-03, 3.55e-01, 1.01e-01, 1.19e-02, 1.31e-01]
17750 [4.80e-01, 2.27e-01, 3.67e-01, -1.93e-01, 2.75e-01, -1.37e-01, 7.33e-03, 3.55e-01, 9.82e-02, 1.09e-02, 1.35e-01]
17800 [4.80e-01, 2.06e-01, 3.73e-01, -1.94e-01, 2.68e-01, -1.33e-01, 7.33e-03, 3.55e-01, 1.02e-01, 9.85e-03, 1.40e-01]
17850 [4.80e-01, 2.26e-01, 3.83e-01, -1.98e-01, 2.55e-01, -1.39e-01, 7.33e-03, 3.55e-01, 1.08e-01, 7.96e-03, 1.44e-01]
17900 [4.63e-01, 2.18e-01, 3.13e-01, -1.98e-01, 2.20e-01, -8.38e-02, 7.33e-03, 3.55e-01, 1.09e-01, 1.09e-02, 1.48e-01]
17950 [4.61e-01, 2.48e-01, 3.19e-01, -2.01e-01, 1.48e-01, -9.95e-02, 7.33e-03, 3.55e-01, 1.08e-01, 4.52e-03, 1.51e-01]
18000 [4.63e-01, 2.53e-01, 3.43e-01, -2.02e-01, 1.46e-01, -1.23e-01, 7.33e-03, 3.55e-01, 1.03e-01, 3.74e-03, 1.54e-01]
18050 [4.66e-01, 2.57e-01, 3.71e-01, -2.02e-01, 1.45e-01, -1.45e-01, 7.33e-03, 3.55e-01, 1.00e-01, 3.62e-03, 1.58e-01]
18100 [4.61e-01, 1.68e-01, 3.57e-01, -2.02e-01, 1.38e-01, -1.06e-01, 7.33e-03, 3.55e-01, 9.66e-02, 1.78e-03, 1.63e-01]
18150 [4.62e-01, 2.32e-01, 3.85e-01, -2.03e-01, 1.34e-01, -1.30e-01, 7.33e-03, 3.55e-01, 9.48e-02, 6.77e-04, 1.67e-01]
18200 [4.52e-01, 2.33e-01, 3.44e-01, -2.04e-01, 1.32e-01, -9.11e-02, 7.33e-03, 3.55e-01, 9.72e-02, -7.85e-03, 1.72e-01]
18250 [4.44e-01, 2.66e-01, 3.25e-01, -2.03e-01, 1.25e-01, -9.02e-02, 7.33e-03, 3.55e-01, 9.52e-02, -9.95e-03, 1.74e-01]
18300 [4.48e-01, 2.79e-01, 3.45e-01, -2.03e-01, 1.24e-01, -1.19e-01, 7.33e-03, 3.55e-01, 9.48e-02, -9.80e-03, 1.79e-01]
18350 [4.51e-01, 2.86e-01, 3.73e-01, -2.03e-01, 1.23e-01, -1.45e-01, 7.33e-03, 3.55e-01, 9.54e-02, -9.99e-03, 1.84e-01]
18400 [4.18e-01, 2.30e-01, 2.59e-01, -2.00e-01, 8.21e-02, 1.68e-02, 7.33e-03, 3.56e-01, 1.11e-01, 1.34e-02, 1.83e-01]
18450 [4.14e-01, 2.91e-01, 2.25e-01, -1.96e-01, 5.68e-02, 2.60e-03, 7.33e-03, 3.55e-01, 1.10e-01, 9.51e-03, 1.83e-01]
18500 [4.19e-01, 3.12e-01, 2.30e-01, -1.96e-01, 5.55e-02, -2.22e-02, 7.33e-03, 3.55e-01, 1.08e-01, 8.26e-03, 1.84e-01]
18550 [4.24e-01, 3.22e-01, 2.52e-01, -1.97e-01, 5.44e-02, -5.00e-02, 7.33e-03, 3.55e-01, 1.04e-01, 5.30e-03, 1.86e-01]
18600 [4.29e-01, 3.31e-01, 2.82e-01, -1.98e-01, 5.34e-02, -8.08e-02, 7.33e-03, 3.55e-01, 9.97e-02, 2.00e-03, 1.88e-01]
18650 [4.33e-01, 3.37e-01, 3.17e-01, -1.99e-01, 5.23e-02, -1.11e-01, 7.33e-03, 3.55e-01, 9.54e-02, -3.56e-04, 1.92e-01]
18700 [4.34e-01, 1.90e-01, 3.31e-01, -1.99e-01, 4.73e-02, -1.21e-01, 7.33e-03, 3.55e-01, 9.56e-02, -2.59e-03, 1.98e-01]
18750 [3.49e-01, 7.67e-02, 3.37e-01, -1.82e-01, 3.08e-02, -7.50e-02, 5.35e-03, 3.53e-01, 7.24e-02, -4.46e-02, 1.81e-01]
18800 [3.56e-01, 7.14e-02, 3.87e-01, -1.76e-01, 3.00e-02, -1.22e-01, 5.34e-03, 3.52e-01, 8.82e-02, -3.26e-02, 1.92e-01]
18850 [3.59e-01, 6.92e-02, 4.00e-01, -1.74e-01, 2.75e-02, 1.32e-02, 5.34e-03, 3.52e-01, 7.70e-02, -8.47e-03, 1.95e-01]
18900 [3.66e-01, 8.30e-02, 3.48e-01, -1.62e-01, 2.30e-02, -3.78e-02, 5.34e-03, 3.51e-01, 8.53e-02, 4.76e-03, 1.96e-01]
18950 [3.75e-01, 8.79e-02, 3.68e-01, -1.59e-01, 2.17e-02, -9.91e-02, 5.34e-03, 3.50e-01, 8.72e-02, 2.57e-03, 2.01e-01]
19000 [3.83e-01, 8.84e-02, 4.15e-01, -1.59e-01, 2.11e-02, -1.45e-01, 5.34e-03, 3.50e-01, 8.66e-02, 1.67e-03, 2.08e-01]
19050 [3.64e-01, 8.18e-02, 3.68e-01, -1.59e-01, 4.99e-03, 6.33e-02, 5.34e-03, 3.50e-01, 6.82e-02, 1.88e-02, 2.01e-01]
19100 [3.68e-01, 1.04e-01, 2.82e-01, -1.44e-01, -4.37e-03, 2.63e-02, 5.34e-03, 3.48e-01, 6.94e-02, 1.60e-02, 2.00e-01]
19150 [3.79e-01, 1.13e-01, 2.68e-01, -1.39e-01, -6.26e-03, -1.59e-02, 5.34e-03, 3.47e-01, 6.92e-02, 1.44e-02, 2.02e-01]
19200 [3.89e-01, 1.17e-01, 2.94e-01, -1.38e-01, -7.53e-03, -6.24e-02, 5.34e-03, 3.47e-01, 6.67e-02, 1.12e-02, 2.05e-01]
19250 [3.99e-01, 1.18e-01, 3.42e-01, -1.41e-01, -8.86e-03, -1.10e-01, 5.34e-03, 3.47e-01, 6.10e-02, 8.48e-03, 2.10e-01]
19300 [4.05e-01, 1.21e-01, 3.93e-01, -1.43e-01, -1.01e-02, -1.45e-01, 5.34e-03, 3.47e-01, 6.18e-02, 8.41e-03, 2.19e-01]
19350 [3.23e-01, 1.28e-01, 3.15e-01, -1.56e-01, 3.22e-03, -6.21e-02, 5.33e-03, 3.46e-01, 9.62e-02, -7.00e-03, 2.21e-01]
19400 [3.33e-01, 1.39e-01, 3.74e-01, -1.58e-01, 2.74e-03, -1.18e-01, 5.33e-03, 3.46e-01, 9.04e-02, -1.08e-02, 2.28e-01]
19450 [3.42e-01, 1.46e-01, 4.36e-01, -1.59e-01, 2.03e-03, -1.62e-01, 5.33e-03, 3.46e-01, 8.59e-02, -1.11e-02, 2.39e-01]
19500 [3.43e-01, 1.54e-01, 4.17e-01, -1.61e-01, 1.83e-03, -8.91e-02, 5.33e-03, 3.46e-01, 7.40e-02, -5.70e-03, 2.44e-01]
19550 [3.50e-01, 1.66e-01, 4.45e-01, -1.61e-01, 3.56e-04, -1.50e-01, 5.33e-03, 3.46e-01, 7.16e-02, -7.81e-03, 2.56e-01]
19600 [3.45e-01, 1.64e-01, 4.30e-01, -1.61e-01, 4.37e-04, -6.80e-02, 5.33e-03, 3.46e-01, 7.75e-02, -6.15e-03, 2.65e-01]
19650 [3.49e-01, 1.84e-01, 4.34e-01, -1.61e-01, -1.42e-04, -1.32e-01, 5.33e-03, 3.46e-01, 7.28e-02, -6.28e-03, 2.72e-01]
19700 [3.57e-01, 1.99e-01, 4.75e-01, -1.60e-01, -1.18e-03, -1.79e-01, 5.33e-03, 3.46e-01, 7.50e-02, -6.47e-03, 2.88e-01]
19750 [3.07e-01, 1.66e-01, 2.93e-01, -1.55e-01, 4.86e-03, 5.07e-02, 5.33e-03, 3.45e-01, 6.62e-02, 3.78e-03, 2.72e-01]
19800 [3.22e-01, 2.31e-01, 2.55e-01, -1.43e-01, 3.06e-03, 1.20e-02, 5.33e-03, 3.43e-01, 6.67e-02, 1.37e-04, 2.74e-01]
19850 [3.36e-01, 2.55e-01, 2.66e-01, -1.41e-01, 1.65e-03, -2.95e-02, 5.33e-03, 3.42e-01, 6.69e-02, -1.66e-03, 2.78e-01]
19900 [3.49e-01, 2.70e-01, 3.02e-01, -1.43e-01, 4.73e-04, -7.74e-02, 5.33e-03, 3.42e-01, 6.55e-02, -4.55e-03, 2.83e-01]
19950 [3.60e-01, 2.79e-01, 3.52e-01, -1.45e-01, -4.12e-04, -1.21e-01, 5.33e-03, 3.42e-01, 6.35e-02, -5.33e-03, 2.92e-01]
20000 [3.47e-01, 2.71e-01, 3.58e-01, -1.48e-01, -1.06e-03, -1.24e-01, 5.33e-03, 3.42e-01, 7.04e-02, -3.64e-03, 3.04e-01]
20000 [3.47e-01, 2.71e-01, 3.58e-01, -1.48e-01, -1.06e-03, -1.24e-01, 5.33e-03, 3.42e-01, 7.04e-02, -3.64e-03, 3.04e-01]
20050 [2.18e-01, 1.17e-01, 2.25e-01, -1.68e-01, 3.05e-02, -9.67e-03, -4.91e-02, 2.95e-01, 1.16e-02, 6.33e-02, 2.16e-01]
20100 [2.20e-01, 9.60e-02, 2.32e-01, -1.60e-01, 2.92e-02, -1.23e-02, -4.95e-02, 2.94e-01, 1.65e-02, 4.98e-02, 2.16e-01]
20150 [2.25e-01, 1.17e-01, 2.42e-01, -1.53e-01, 2.92e-02, -1.71e-02, -4.95e-02, 2.94e-01, 2.99e-02, 4.86e-02, 2.17e-01]
20200 [2.30e-01, 1.36e-01, 2.54e-01, -1.46e-01, 2.92e-02, -2.31e-02, -4.95e-02, 2.93e-01, 4.42e-02, 4.77e-02, 2.18e-01]
20250 [2.36e-01, 1.62e-01, 2.66e-01, -1.40e-01, 2.92e-02, -3.02e-02, -4.95e-02, 2.92e-01, 5.72e-02, 4.65e-02, 2.20e-01]
20300 [2.42e-01, 1.97e-01, 2.78e-01, -1.35e-01, 2.92e-02, -3.83e-02, -4.95e-02, 2.92e-01, 6.75e-02, 4.47e-02, 2.21e-01]
20350 [2.47e-01, 2.34e-01, 2.90e-01, -1.34e-01, 2.89e-02, -4.73e-02, -4.95e-02, 2.91e-01, 7.24e-02, 4.26e-02, 2.22e-01]
20400 [2.53e-01, 2.67e-01, 3.01e-01, -1.35e-01, 2.83e-02, -5.72e-02, -4.95e-02, 2.91e-01, 7.24e-02, 4.15e-02, 2.23e-01]
20450 [2.58e-01, 2.93e-01, 3.12e-01, -1.36e-01, 2.77e-02, -6.77e-02, -4.95e-02, 2.90e-01, 7.14e-02, 4.06e-02, 2.24e-01]
20500 [2.64e-01, 3.14e-01, 3.24e-01, -1.37e-01, 2.73e-02, -7.85e-02, -4.95e-02, 2.90e-01, 7.01e-02, 3.95e-02, 2.26e-01]
20550 [2.69e-01, 3.28e-01, 3.36e-01, -1.38e-01, 2.69e-02, -8.95e-02, -4.95e-02, 2.90e-01, 6.84e-02, 3.81e-02, 2.29e-01]
20600 [2.74e-01, 3.45e-01, 3.49e-01, -1.38e-01, 2.66e-02, -1.01e-01, -4.95e-02, 2.90e-01, 6.91e-02, 3.72e-02, 2.32e-01]
20650 [2.80e-01, 3.60e-01, 3.62e-01, -1.37e-01, 2.63e-02, -1.12e-01, -4.95e-02, 2.90e-01, 6.98e-02, 3.64e-02, 2.36e-01]
20700 [2.85e-01, 3.74e-01, 3.75e-01, -1.35e-01, 2.60e-02, -1.23e-01, -4.95e-02, 2.90e-01, 7.17e-02, 3.52e-02, 2.40e-01]
20750 [2.88e-01, 3.74e-01, 3.88e-01, -1.33e-01, 2.60e-02, -1.32e-01, -4.95e-02, 2.90e-01, 7.57e-02, 3.43e-02, 2.45e-01]
20800 [2.93e-01, 3.89e-01, 4.02e-01, -1.32e-01, 2.59e-02, -1.42e-01, -4.95e-02, 2.90e-01, 7.63e-02, 3.32e-02, 2.50e-01]
20850 [2.96e-01, 3.88e-01, 4.14e-01, -1.31e-01, 2.58e-02, -1.49e-01, -4.95e-02, 2.90e-01, 7.79e-02, 3.22e-02, 2.55e-01]
20900 [2.99e-01, 3.87e-01, 4.25e-01, -1.30e-01, 2.57e-02, -1.53e-01, -4.95e-02, 2.90e-01, 7.91e-02, 3.12e-02, 2.61e-01]
20950 [3.02e-01, 3.83e-01, 4.33e-01, -1.29e-01, 2.56e-02, -1.53e-01, -4.95e-02, 2.91e-01, 8.26e-02, 3.00e-02, 2.67e-01]
21000 [3.03e-01, 3.80e-01, 4.39e-01, -1.29e-01, 2.55e-02, -1.48e-01, -4.95e-02, 2.91e-01, 8.45e-02, 2.84e-02, 2.74e-01]
21050 [3.05e-01, 3.49e-01, 4.50e-01, -1.30e-01, 2.04e-02, -1.53e-01, -4.95e-02, 2.91e-01, 8.54e-02, 2.17e-02, 2.81e-01]
21100 [3.02e-01, 2.71e-01, 4.56e-01, -1.31e-01, 1.08e-02, -1.33e-01, -4.95e-02, 2.91e-01, 8.69e-02, 1.22e-02, 2.88e-01]
21150 [2.69e-01, 4.43e-02, 4.64e-01, -1.32e-01, 1.04e-02, -1.10e-01, -4.95e-02, 2.91e-01, 9.37e-02, 1.29e-02, 3.11e-01]
21200 [2.77e-01, 8.05e-02, 4.86e-01, -1.37e-01, 1.00e-02, -1.39e-01, -4.95e-02, 2.90e-01, 8.56e-02, 1.17e-02, 3.20e-01]
21250 [2.85e-01, 9.21e-02, 5.11e-01, -1.35e-01, 1.05e-02, -1.63e-01, -4.95e-02, 2.90e-01, 9.25e-02, 1.10e-02, 3.29e-01]
21300 [2.86e-01, 9.92e-02, 5.24e-01, -1.33e-01, 1.05e-02, -1.39e-01, -4.95e-02, 2.90e-01, 9.09e-02, 1.11e-02, 3.37e-01]
21350 [2.93e-01, 1.10e-01, 5.42e-01, -1.38e-01, 1.08e-02, -1.67e-01, -4.95e-02, 2.90e-01, 8.18e-02, 1.02e-02, 3.45e-01]
21400 [2.47e-01, 1.02e-01, 5.05e-01, -1.30e-01, 1.03e-02, -6.58e-02, -4.95e-02, 2.89e-01, 9.18e-02, 2.10e-02, 3.37e-01]
21450 [2.52e-01, 1.27e-01, 5.01e-01, -1.38e-01, 1.03e-02, -1.13e-01, -4.95e-02, 2.89e-01, 7.44e-02, 1.89e-02, 3.35e-01]
21500 [2.62e-01, 1.40e-01, 5.20e-01, -1.36e-01, 1.09e-02, -1.49e-01, -4.95e-02, 2.88e-01, 7.79e-02, 1.78e-02, 3.44e-01]
21550 [2.71e-01, 1.51e-01, 5.44e-01, -1.32e-01, 1.14e-02, -1.78e-01, -4.95e-02, 2.88e-01, 8.41e-02, 1.66e-02, 3.59e-01]
21600 [1.95e-01, 9.60e-02, 4.63e-01, -1.17e-01, 8.60e-03, 3.41e-02, -4.95e-02, 2.85e-01, 7.83e-02, -1.51e-02, 3.02e-01]
21650 [2.04e-01, 1.59e-01, 4.10e-01, -9.88e-02, 5.74e-03, -1.19e-02, -4.95e-02, 2.81e-01, 5.89e-02, -4.81e-03, 2.95e-01]
21700 [2.22e-01, 1.90e-01, 4.07e-01, -9.98e-02, 4.53e-03, -6.49e-02, -4.95e-02, 2.78e-01, 5.34e-02, -5.28e-03, 2.94e-01]
21750 [2.37e-01, 2.10e-01, 4.30e-01, -9.98e-02, 4.62e-03, -1.07e-01, -4.95e-02, 2.76e-01, 5.46e-02, -6.23e-03, 3.02e-01]
21800 [2.49e-01, 2.26e-01, 4.60e-01, -9.58e-02, 5.61e-03, -1.39e-01, -4.95e-02, 2.76e-01, 6.56e-02, -6.51e-03, 3.15e-01]
21850 [2.60e-01, 2.42e-01, 4.92e-01, -9.52e-02, 6.12e-03, -1.66e-01, -4.95e-02, 2.76e-01, 7.10e-02, -6.38e-03, 3.29e-01]
21900 [2.53e-01, 2.42e-01, 4.97e-01, -1.04e-01, 4.91e-03, -1.30e-01, -4.95e-02, 2.76e-01, 7.89e-02, -5.69e-03, 3.39e-01]
21950 [2.52e-01, 2.55e-01, 5.08e-01, -1.16e-01, 2.99e-03, -1.47e-01, -4.95e-02, 2.77e-01, 6.16e-02, -5.17e-03, 3.46e-01]
22000 [2.62e-01, 2.77e-01, 5.33e-01, -1.12e-01, 1.98e-03, -1.78e-01, -4.95e-02, 2.77e-01, 7.20e-02, -5.23e-03, 3.61e-01]
22050 [1.93e-01, 8.50e-02, 4.75e-01, -1.12e-01, 6.88e-03, -3.81e-02, -4.95e-02, 2.75e-01, 4.70e-02, 6.54e-03, 3.51e-01]
22100 [2.02e-01, 1.42e-01, 4.74e-01, -7.20e-02, 1.01e-02, -8.42e-02, -4.95e-02, 2.70e-01, 4.00e-02, 9.07e-03, 3.31e-01]
22150 [2.19e-01, 2.14e-01, 5.04e-01, -6.49e-02, 1.10e-02, -1.38e-01, -4.95e-02, 2.68e-01, 5.47e-02, 8.62e-03, 3.36e-01]
22200 [2.32e-01, 2.57e-01, 5.40e-01, -6.74e-02, 1.04e-02, -1.76e-01, -4.95e-02, 2.68e-01, 4.94e-02, 8.46e-03, 3.52e-01]
22250 [2.13e-01, 2.77e-01, 5.31e-01, -1.05e-01, 8.30e-03, -7.89e-02, -4.95e-02, 2.69e-01, 1.24e-01, 1.16e-02, 3.57e-01]
22300 [1.85e-01, 2.77e-01, 4.87e-01, -1.42e-01, 6.02e-03, -9.35e-02, -4.95e-02, 2.68e-01, 7.31e-02, 8.30e-03, 3.35e-01]
22350 [2.00e-01, 3.24e-01, 5.15e-01, -1.29e-01, 5.95e-03, -1.48e-01, -4.95e-02, 2.67e-01, 8.40e-02, 5.99e-03, 3.47e-01]
22400 [2.13e-01, 3.61e-01, 5.51e-01, -1.24e-01, 5.68e-03, -1.86e-01, -4.95e-02, 2.67e-01, 8.03e-02, 4.66e-03, 3.67e-01]
22450 [2.02e-01, 3.65e-01, 5.34e-01, -1.26e-01, 1.38e-03, -7.77e-02, -4.95e-02, 2.67e-01, 6.86e-02, 5.03e-03, 3.70e-01]
22500 [2.08e-01, 3.89e-01, 5.20e-01, -1.21e-01, -4.67e-04, -1.28e-01, -4.95e-02, 2.66e-01, 6.39e-02, 3.77e-03, 3.70e-01]
22550 [2.21e-01, 4.23e-01, 5.43e-01, -1.17e-01, -1.15e-03, -1.74e-01, -4.95e-02, 2.66e-01, 6.86e-02, 2.75e-03, 3.88e-01]
22600 [2.08e-01, 4.33e-01, 5.34e-01, -1.22e-01, -3.53e-03, -1.06e-01, -4.95e-02, 2.66e-01, 9.15e-02, 5.02e-03, 3.98e-01]
22650 [-7.69e-02, -2.06e-01, 2.69e-01, 4.47e-02, 1.04e-02, -5.36e-02, -4.95e-02, 4.77e-02, 2.89e-01, -1.21e-02, 2.32e-01]
22700 [-1.37e-01, -1.16e-01, 4.59e-01, 7.38e-02, 1.64e-02, -9.06e-02, -4.95e-02, 1.82e-02, 2.41e-01, 4.01e-02, 1.78e-01]
22750 [-1.84e-01, -1.21e-02, 5.74e-01, 1.12e-01, 1.38e-02, -1.61e-01, -4.95e-02, 2.06e-02, 2.12e-01, 3.75e-02, 1.78e-01]
22800 [-1.46e-01, 3.38e-02, 5.89e-01, 6.62e-02, 6.28e-03, -2.06e-02, -4.95e-02, 2.37e-02, 3.37e-02, 3.54e-02, 1.89e-01]
22850 [-1.63e-01, 6.36e-02, 5.81e-01, 2.95e-02, 1.56e-03, -1.33e-01, -4.95e-02, 2.16e-02, 1.28e-01, 3.39e-02, 2.18e-01]
22900 [-1.87e-01, 8.33e-02, 6.19e-01, 3.59e-02, -4.31e-03, -1.93e-01, -4.95e-02, 2.41e-02, 1.31e-01, 3.25e-02, 2.53e-01]
22950 [-9.29e-02, 9.54e-02, 5.70e-01, 8.63e-02, -9.43e-03, 2.97e-02, -4.95e-02, 3.05e-02, 2.09e-02, 3.43e-02, 2.17e-01]
23000 [-1.19e-01, 1.20e-01, 5.26e-01, 5.57e-02, -1.25e-02, -8.24e-02, -4.95e-02, 2.87e-02, 8.63e-02, 3.25e-02, 2.25e-01]
23050 [-1.48e-01, 1.35e-01, 5.58e-01, 6.16e-02, -1.57e-02, -1.55e-01, -4.95e-02, 3.13e-02, 7.46e-02, 2.99e-02, 2.47e-01]
23100 [-1.71e-01, 1.46e-01, 5.99e-01, 6.11e-02, -1.72e-02, -2.01e-01, -4.95e-02, 3.58e-02, 6.69e-02, 2.74e-02, 2.94e-01]
23150 [-1.42e-01, 1.54e-01, 5.94e-01, 9.33e-02, -1.83e-02, -6.94e-02, -4.95e-02, 4.26e-02, 6.25e-02, 2.85e-02, 3.09e-01]
23200 [-1.57e-01, 1.66e-01, 5.94e-01, 9.36e-02, -1.95e-02, -1.50e-01, -4.95e-02, 4.59e-02, 6.84e-02, 2.61e-02, 3.34e-01]
23250 [-1.77e-01, 1.77e-01, 6.23e-01, 9.07e-02, -2.00e-02, -2.02e-01, -4.95e-02, 4.98e-02, 6.80e-02, 2.33e-02, 3.82e-01]
23300 [-6.35e-02, 1.80e-01, 5.70e-01, 1.11e-01, -2.00e-02, 4.27e-02, -4.95e-02, 5.85e-02, 4.65e-02, 2.94e-02, 3.20e-01]
23350 [-6.52e-02, 2.00e-01, 4.97e-01, 9.76e-02, -1.80e-02, -5.25e-02, -4.95e-02, 5.98e-02, 5.32e-02, 2.96e-02, 3.03e-01]
23400 [-9.75e-02, 2.17e-01, 5.33e-01, 9.16e-02, -1.88e-02, -1.37e-01, -4.95e-02, 6.06e-02, 6.21e-02, 2.53e-02, 3.18e-01]
23450 [-1.24e-01, 2.30e-01, 5.87e-01, 8.43e-02, -1.90e-02, -1.87e-01, -4.95e-02, 6.33e-02, 5.70e-02, 2.09e-02, 3.62e-01]
23500 [-1.45e-01, 2.42e-01, 6.34e-01, 7.25e-02, -1.86e-02, -2.25e-01, -4.95e-02, 6.64e-02, 5.95e-02, 1.69e-02, 4.11e-01]
23550 [-4.20e-02, 1.49e-01, 5.22e-01, 9.02e-02, 8.19e-03, 4.16e-02, -4.95e-02, 7.12e-02, 1.30e-02, 3.54e-02, 2.88e-01]
23600 [-7.09e-02, 1.67e-01, 4.77e-01, 4.62e-02, 1.06e-02, -5.39e-02, -4.95e-02, 6.83e-02, 7.65e-02, 3.58e-02, 2.85e-01]
23650 [-1.13e-01, 1.94e-01, 5.23e-01, 5.25e-02, 8.27e-03, -1.33e-01, -4.95e-02, 6.92e-02, 5.28e-02, 3.23e-02, 2.77e-01]
23700 [-1.45e-01, 2.12e-01, 5.78e-01, 4.99e-02, 1.04e-02, -1.82e-01, -4.95e-02, 7.36e-02, 3.98e-02, 2.98e-02, 3.11e-01]
23750 [-1.69e-01, 2.27e-01, 6.23e-01, 4.01e-02, 1.33e-02, -2.19e-01, -4.95e-02, 7.84e-02, 4.34e-02, 2.79e-02, 3.63e-01]
23800 [8.50e-02, 2.15e-01, 4.95e-01, 1.20e-01, 1.49e-02, 8.99e-02, -4.95e-02, 8.25e-02, 1.81e-01, 4.24e-02, 2.04e-01]
23850 [1.38e-01, 2.16e-01, 3.66e-01, -7.57e-03, 1.24e-02, 6.03e-02, -4.95e-02, 8.67e-02, -3.59e-02, 5.20e-02, 1.54e-01]
23900 [1.97e-01, 2.45e-01, 3.27e-01, -1.31e-02, 1.32e-02, 2.97e-02, -4.95e-02, 8.21e-02, -3.57e-02, 4.90e-02, 1.54e-01]
23950 [2.50e-01, 2.70e-01, 3.11e-01, -1.80e-02, 1.27e-02, -6.89e-03, -4.95e-02, 7.58e-02, -3.49e-02, 4.47e-02, 1.57e-01]
24000 [-1.41e-01, 2.73e-01, 3.21e-01, -6.31e-02, -6.53e-03, -4.43e-02, -4.95e-02, 4.85e-02, -1.43e-02, 4.77e-02, 1.53e-01]
24050 [-1.83e-01, 2.95e-01, 3.83e-01, -2.08e-02, -7.50e-03, -8.88e-02, -4.95e-02, 5.87e-02, -2.81e-02, 4.61e-02, 1.63e-01]
24100 [-2.16e-01, 3.13e-01, 4.33e-01, -2.10e-02, -7.25e-03, -1.28e-01, -4.95e-02, 6.79e-02, -1.89e-02, 4.50e-02, 1.88e-01]
24150 [-2.41e-01, 3.28e-01, 4.74e-01, -2.14e-02, -6.98e-03, -1.60e-01, -4.95e-02, 7.74e-02, -1.14e-02, 4.48e-02, 2.21e-01]
24200 [-1.06e-01, 3.34e-01, 4.78e-01, 1.71e-01, 1.55e-02, -1.34e-01, -4.95e-02, 9.55e-02, 9.04e-02, 3.95e-02, 2.63e-01]
24250 [-1.17e-01, 3.47e-01, 5.33e-01, 1.69e-01, 2.09e-02, -1.57e-01, -4.95e-02, 1.01e-01, 8.84e-02, 3.05e-02, 2.95e-01]
24300 [-1.40e-01, 3.61e-01, 5.90e-01, 1.52e-01, 2.29e-02, -1.98e-01, -4.95e-02, 1.05e-01, 9.20e-02, 2.21e-02, 3.42e-01]
24350 [-1.56e-01, 3.72e-01, 6.31e-01, 1.39e-01, 2.20e-02, -2.01e-01, -4.95e-02, 1.10e-01, 9.61e-02, 1.71e-02, 3.92e-01]
24400 [9.15e-03, -2.06e-01, 7.89e-01, 4.27e-01, -4.98e-02, 9.24e-02, -6.76e-02, -2.50e-01, 1.49e-01, 1.76e-01, 4.27e-01]
24450 [-3.24e-02, -2.67e-01, 6.33e-01, 7.37e-01, 1.20e+00, 3.92e-01, 1.11e-02, -3.83e-01, 5.32e-01, -1.12e-02, 1.89e-01]
24500 [-2.11e-02, -2.67e-01, 6.31e-01, 8.31e-01, 1.23e+00, 3.83e-01, 1.17e-02, -3.67e-01, 5.76e-01, -1.99e-03, 8.17e-02]
24550 [-1.26e-02, -2.67e-01, 6.30e-01, 8.23e-01, 1.23e+00, 3.74e-01, 1.17e-02, -4.14e-01, 5.74e-01, -8.13e-04, 6.73e-02]
24600 [-7.32e-03, -2.67e-01, 6.29e-01, 8.03e-01, 1.23e+00, 3.65e-01, 1.17e-02, -4.84e-01, 5.66e-01, -6.53e-04, 6.49e-02]
24650 [-3.77e-03, -2.67e-01, 6.28e-01, 7.83e-01, 1.23e+00, 3.58e-01, 1.17e-02, -5.74e-01, 5.58e-01, -6.58e-04, 6.50e-02]
24700 [-1.22e-03, -2.67e-01, 6.28e-01, 7.66e-01, 1.24e+00, 3.52e-01, 1.17e-02, -6.86e-01, 5.50e-01, -6.94e-04, 6.59e-02]
24750 [7.42e-04, -2.67e-01, 6.27e-01, 7.52e-01, 1.25e+00, 3.46e-01, 1.17e-02, -8.23e-01, 5.43e-01, -7.32e-04, 6.71e-02]
24800 [2.32e-03, -2.67e-01, 6.26e-01, 7.40e-01, 1.28e+00, 3.41e-01, 1.17e-02, -9.80e-01, 5.37e-01, -7.65e-04, 6.84e-02]
24850 [3.64e-03, -2.67e-01, 6.26e-01, 7.31e-01, 1.35e+00, 3.37e-01, 1.17e-02, -1.15e+00, 5.31e-01, -7.90e-04, 6.97e-02]
24900 [4.76e-03, -2.67e-01, 6.25e-01, 7.23e-01, 1.48e+00, 3.33e-01, 1.17e-02, -1.31e+00, 5.26e-01, -8.10e-04, 7.10e-02]
24950 [5.73e-03, -2.67e-01, 6.24e-01, 7.16e-01, 1.66e+00, 3.30e-01, 1.17e-02, -1.44e+00, 5.22e-01, -8.24e-04, 7.22e-02]
25000 [6.58e-03, -2.67e-01, 6.24e-01, 7.10e-01, 1.89e+00, 3.27e-01, 1.17e-02, -1.54e+00, 5.17e-01, -8.35e-04, 7.34e-02]
25000 [6.58e-03, -2.67e-01, 6.24e-01, 7.10e-01, 1.89e+00, 3.27e-01, 1.17e-02, -1.54e+00, 5.17e-01, -8.35e-04, 7.34e-02]
25050 [-7.72e-02, -2.85e-01, 6.23e-01, 7.03e-01, 1.74e+00, 2.41e-01, 3.82e-02, -1.50e+00, 4.01e-01, 6.54e-02, 9.52e-02]
25100 [-1.04e-01, -2.81e-01, 6.23e-01, 6.86e-01, 1.72e+00, 2.38e-01, 3.88e-02, -1.49e+00, 3.96e-01, 7.30e-02, 9.56e-02]
25150 [-1.32e-01, -2.79e-01, 6.28e-01, 6.70e-01, 1.72e+00, 2.37e-01, 3.88e-02, -1.49e+00, 3.96e-01, 7.42e-02, 9.56e-02]
25200 [-1.63e-01, -2.76e-01, 6.32e-01, 6.55e-01, 1.72e+00, 2.38e-01, 3.88e-02, -1.49e+00, 3.97e-01, 7.51e-02, 9.56e-02]
25250 [-1.88e-01, -2.68e-01, 6.36e-01, 6.42e-01, 1.72e+00, 2.38e-01, 3.88e-02, -1.49e+00, 3.97e-01, 7.65e-02, 9.56e-02]
25300 [-2.18e-01, -2.57e-01, 6.39e-01, 6.37e-01, 1.72e+00, 2.38e-01, 3.88e-02, -1.49e+00, 3.98e-01, 7.62e-02, 9.56e-02]
25350 [-2.28e-01, -2.46e-01, 6.42e-01, 6.31e-01, 1.72e+00, 2.38e-01, 3.88e-02, -1.49e+00, 3.98e-01, 7.57e-02, 9.57e-02]
25400 [-2.39e-01, -2.35e-01, 6.43e-01, 6.28e-01, 1.72e+00, 2.38e-01, 3.88e-02, -1.49e+00, 3.98e-01, 7.53e-02, 9.57e-02]
25450 [-2.31e-01, -2.22e-01, 6.44e-01, 6.25e-01, 1.71e+00, 2.38e-01, 3.88e-02, -1.49e+00, 3.98e-01, 7.27e-02, 9.56e-02]
25500 [-2.34e-01, -2.10e-01, 6.44e-01, 6.23e-01, 1.71e+00, 2.38e-01, 3.88e-02, -1.49e+00, 3.98e-01, 7.24e-02, 9.56e-02]
25550 [-2.36e-01, -1.97e-01, 6.44e-01, 6.22e-01, 1.71e+00, 2.38e-01, 3.88e-02, -1.49e+00, 3.98e-01, 7.16e-02, 9.56e-02]
25600 [-2.41e-01, -1.82e-01, 6.43e-01, 6.20e-01, 1.71e+00, 2.38e-01, 3.88e-02, -1.49e+00, 3.98e-01, 7.17e-02, 9.56e-02]
25650 [-2.46e-01, -1.66e-01, 6.43e-01, 6.18e-01, 1.71e+00, 2.38e-01, 3.88e-02, -1.49e+00, 3.98e-01, 7.18e-02, 9.56e-02]
25700 [-2.50e-01, -1.49e-01, 6.42e-01, 6.17e-01, 1.71e+00, 2.38e-01, 3.88e-02, -1.49e+00, 3.97e-01, 7.16e-02, 9.56e-02]
25750 [-2.55e-01, -1.31e-01, 6.41e-01, 6.15e-01, 1.71e+00, 2.38e-01, 3.88e-02, -1.49e+00, 3.97e-01, 7.15e-02, 9.56e-02]
25800 [-2.60e-01, -1.12e-01, 6.40e-01, 6.13e-01, 1.71e+00, 2.38e-01, 3.88e-02, -1.49e+00, 3.97e-01, 7.15e-02, 9.56e-02]
25850 [-2.65e-01, -9.25e-02, 6.39e-01, 6.12e-01, 1.71e+00, 2.38e-01, 3.88e-02, -1.49e+00, 3.97e-01, 7.13e-02, 9.56e-02]
25900 [-2.70e-01, -7.32e-02, 6.37e-01, 6.10e-01, 1.71e+00, 2.38e-01, 3.88e-02, -1.49e+00, 3.97e-01, 7.11e-02, 9.56e-02]
25950 [-2.75e-01, -5.45e-02, 6.36e-01, 6.08e-01, 1.71e+00, 2.38e-01, 3.88e-02, -1.49e+00, 3.97e-01, 7.10e-02, 9.56e-02]
26000 [-2.80e-01, -3.71e-02, 6.34e-01, 6.06e-01, 1.71e+00, 2.38e-01, 3.88e-02, -1.49e+00, 3.96e-01, 7.08e-02, 9.56e-02]
26050 [-2.85e-01, -2.13e-02, 6.32e-01, 6.04e-01, 1.71e+00, 2.38e-01, 3.88e-02, -1.49e+00, 3.96e-01, 7.06e-02, 9.56e-02]
26100 [-2.88e-01, -7.14e-03, 6.30e-01, 6.02e-01, 1.71e+00, 2.38e-01, 3.88e-02, -1.49e+00, 3.96e-01, 7.03e-02, 9.56e-02]
26150 [-2.92e-01, 5.67e-03, 6.27e-01, 6.00e-01, 1.71e+00, 2.38e-01, 3.88e-02, -1.49e+00, 3.96e-01, 7.02e-02, 9.56e-02]
26200 [-2.94e-01, 1.76e-02, 6.25e-01, 5.98e-01, 1.71e+00, 2.38e-01, 3.88e-02, -1.49e+00, 3.96e-01, 6.98e-02, 9.56e-02]
26250 [-2.99e-01, 2.87e-02, 6.22e-01, 5.95e-01, 1.71e+00, 2.38e-01, 3.88e-02, -1.49e+00, 3.96e-01, 6.97e-02, 9.57e-02]
26300 [-2.98e-01, 3.93e-02, 6.20e-01, 5.93e-01, 1.71e+00, 2.38e-01, 3.88e-02, -1.49e+00, 3.95e-01, 6.94e-02, 9.57e-02]
26350 [-3.03e-01, 4.96e-02, 6.17e-01, 5.91e-01, 1.71e+00, 2.38e-01, 3.88e-02, -1.49e+00, 3.95e-01, 6.93e-02, 9.57e-02]
26400 [-2.94e-01, 5.96e-02, 6.14e-01, 5.88e-01, 1.71e+00, 2.38e-01, 3.88e-02, -1.50e+00, 3.95e-01, 6.89e-02, 9.57e-02]
26450 [-2.98e-01, 6.94e-02, 6.11e-01, 5.86e-01, 1.71e+00, 2.38e-01, 3.88e-02, -1.50e+00, 3.95e-01, 6.88e-02, 9.57e-02]
26500 [-3.03e-01, 7.87e-02, 6.08e-01, 5.84e-01, 1.71e+00, 2.38e-01, 3.88e-02, -1.50e+00, 3.95e-01, 6.88e-02, 9.57e-02]
26550 [-2.95e-01, 8.77e-02, 6.05e-01, 5.80e-01, 1.71e+00, 2.38e-01, 3.88e-02, -1.50e+00, 3.95e-01, 6.87e-02, 9.57e-02]
26600 [-2.80e-01, 9.71e-02, 6.02e-01, 5.76e-01, 1.70e+00, 2.38e-01, 3.88e-02, -1.50e+00, 3.95e-01, 6.84e-02, 9.57e-02]
26650 [-2.85e-01, 1.06e-01, 5.99e-01, 5.74e-01, 1.70e+00, 2.38e-01, 3.88e-02, -1.50e+00, 3.95e-01, 6.84e-02, 9.57e-02]
26700 [-2.90e-01, 1.14e-01, 5.95e-01, 5.72e-01, 1.70e+00, 2.38e-01, 3.88e-02, -1.50e+00, 3.95e-01, 6.84e-02, 9.57e-02]
26750 [-2.96e-01, 1.23e-01, 5.92e-01, 5.70e-01, 1.70e+00, 2.38e-01, 3.88e-02, -1.50e+00, 3.94e-01, 6.84e-02, 9.57e-02]
26800 [-3.01e-01, 1.31e-01, 5.88e-01, 5.68e-01, 1.70e+00, 2.38e-01, 3.88e-02, -1.50e+00, 3.94e-01, 6.84e-02, 9.57e-02]
26850 [-2.34e-01, 1.38e-01, 5.85e-01, 5.51e-01, 1.65e+00, 2.38e-01, 3.88e-02, -1.50e+00, 3.96e-01, 6.67e-02, 9.57e-02]
26900 [-2.35e-01, 1.46e-01, 5.82e-01, 5.46e-01, 1.63e+00, 2.38e-01, 3.88e-02, -1.50e+00, 3.96e-01, 6.61e-02, 9.57e-02]
26950 [-2.42e-01, 1.54e-01, 5.78e-01, 5.44e-01, 1.63e+00, 2.38e-01, 3.88e-02, -1.50e+00, 3.96e-01, 6.61e-02, 9.57e-02]
27000 [-2.48e-01, 1.62e-01, 5.75e-01, 5.42e-01, 1.63e+00, 2.38e-01, 3.88e-02, -1.50e+00, 3.95e-01, 6.60e-02, 9.57e-02]
27050 [-2.55e-01, 1.71e-01, 5.71e-01, 5.39e-01, 1.63e+00, 2.38e-01, 3.88e-02, -1.50e+00, 3.95e-01, 6.59e-02, 9.57e-02]
27100 [-2.62e-01, 1.79e-01, 5.67e-01, 5.37e-01, 1.63e+00, 2.38e-01, 3.88e-02, -1.50e+00, 3.95e-01, 6.59e-02, 9.57e-02]
27150 [-2.68e-01, 1.88e-01, 5.63e-01, 5.35e-01, 1.63e+00, 2.38e-01, 3.88e-02, -1.50e+00, 3.95e-01, 6.59e-02, 9.57e-02]
27200 [-2.75e-01, 1.96e-01, 5.59e-01, 5.33e-01, 1.63e+00, 2.39e-01, 3.88e-02, -1.50e+00, 3.95e-01, 6.58e-02, 9.57e-02]
27250 [-2.81e-01, 2.04e-01, 5.54e-01, 5.31e-01, 1.63e+00, 2.39e-01, 3.88e-02, -1.50e+00, 3.94e-01, 6.56e-02, 9.57e-02]
27300 [-2.76e-01, 2.10e-01, 5.50e-01, 5.27e-01, 1.63e+00, 2.39e-01, 3.88e-02, -1.50e+00, 3.94e-01, 6.37e-02, 9.57e-02]
27350 [-2.81e-01, 2.18e-01, 5.46e-01, 5.24e-01, 1.63e+00, 2.39e-01, 3.88e-02, -1.50e+00, 3.94e-01, 6.36e-02, 9.57e-02]
27400 [-2.71e-01, 2.24e-01, 5.41e-01, 5.18e-01, 1.63e+00, 2.39e-01, 3.88e-02, -1.50e+00, 3.94e-01, 6.13e-02, 9.57e-02]
27450 [-2.77e-01, 2.32e-01, 5.37e-01, 5.16e-01, 1.63e+00, 2.39e-01, 3.88e-02, -1.50e+00, 3.94e-01, 6.11e-02, 9.57e-02]
27500 [-2.58e-01, 2.38e-01, 5.32e-01, 5.05e-01, 1.61e+00, 2.39e-01, 3.88e-02, -1.50e+00, 3.94e-01, 6.02e-02, 9.57e-02]
27550 [-2.65e-01, 2.45e-01, 5.28e-01, 5.03e-01, 1.61e+00, 2.39e-01, 3.88e-02, -1.50e+00, 3.94e-01, 5.98e-02, 9.57e-02]
27600 [-2.73e-01, 2.53e-01, 5.23e-01, 5.00e-01, 1.61e+00, 2.39e-01, 3.88e-02, -1.50e+00, 3.94e-01, 5.97e-02, 9.57e-02]
27650 [-2.70e-01, 2.60e-01, 5.18e-01, 4.92e-01, 1.59e+00, 2.39e-01, 3.88e-02, -1.50e+00, 3.94e-01, 5.85e-02, 9.57e-02]
27700 [-2.57e-01, 2.66e-01, 5.13e-01, 4.83e-01, 1.58e+00, 2.39e-01, 3.88e-02, -1.50e+00, 3.95e-01, 5.76e-02, 9.57e-02]
27750 [-2.43e-01, 2.72e-01, 5.09e-01, 4.74e-01, 1.55e+00, 2.39e-01, 3.88e-02, -1.50e+00, 3.95e-01, 5.71e-02, 9.57e-02]
27800 [-2.52e-01, 2.79e-01, 5.04e-01, 4.72e-01, 1.55e+00, 2.39e-01, 3.88e-02, -1.50e+00, 3.95e-01, 5.56e-02, 9.57e-02]
27850 [-2.62e-01, 2.86e-01, 4.99e-01, 4.69e-01, 1.55e+00, 2.39e-01, 3.88e-02, -1.50e+00, 3.94e-01, 5.37e-02, 9.57e-02]
27900 [-2.64e-01, 2.92e-01, 4.94e-01, 4.61e-01, 1.54e+00, 2.39e-01, 3.88e-02, -1.50e+00, 3.95e-01, 5.22e-02, 9.57e-02]
27950 [-2.68e-01, 2.98e-01, 4.89e-01, 4.54e-01, 1.52e+00, 2.39e-01, 3.88e-02, -1.50e+00, 3.94e-01, 5.01e-02, 9.57e-02]
28000 [-2.58e-01, 3.04e-01, 4.83e-01, 4.48e-01, 1.51e+00, 2.39e-01, 3.88e-02, -1.50e+00, 3.94e-01, 4.76e-02, 9.57e-02]
28050 [-2.68e-01, 3.10e-01, 4.78e-01, 4.46e-01, 1.51e+00, 2.39e-01, 3.88e-02, -1.50e+00, 3.94e-01, 4.57e-02, 9.57e-02]
28100 [-2.20e-01, 2.85e-01, 4.72e-01, 4.35e-01, 1.49e+00, 2.39e-01, 3.88e-02, -1.50e+00, 3.93e-01, 4.39e-02, 9.57e-02]
28150 [-2.01e-01, 2.30e-01, 4.66e-01, 4.33e-01, 1.43e+00, 2.39e-01, 3.88e-02, -1.50e+00, 3.91e-01, 4.19e-02, 9.57e-02]
28200 [-2.11e-01, 2.10e-01, 4.61e-01, 4.31e-01, 1.43e+00, 2.39e-01, 3.88e-02, -1.50e+00, 3.91e-01, 4.17e-02, 9.57e-02]
28250 [-2.23e-01, 1.99e-01, 4.56e-01, 4.29e-01, 1.42e+00, 2.39e-01, 3.88e-02, -1.50e+00, 3.91e-01, 4.14e-02, 9.57e-02]
28300 [-2.37e-01, 1.92e-01, 4.51e-01, 4.26e-01, 1.42e+00, 2.39e-01, 3.88e-02, -1.50e+00, 3.90e-01, 4.12e-02, 9.57e-02]
28350 [-1.60e-01, 1.49e-01, 4.45e-01, 4.30e-01, 1.35e+00, 2.39e-01, 3.88e-02, -1.50e+00, 3.90e-01, 4.13e-02, 9.57e-02]
28400 [-1.31e-01, 1.30e-01, 4.42e-01, 4.23e-01, 1.33e+00, 2.38e-01, 3.88e-02, -1.50e+00, 3.89e-01, 3.18e-02, 9.57e-02]
28450 [-1.47e-01, 1.42e-01, 4.39e-01, 4.20e-01, 1.33e+00, 2.39e-01, 3.88e-02, -1.50e+00, 3.89e-01, 3.11e-02, 9.57e-02]
28500 [-1.64e-01, 1.55e-01, 4.36e-01, 4.16e-01, 1.33e+00, 2.39e-01, 3.88e-02, -1.50e+00, 3.88e-01, 3.05e-02, 9.57e-02]
28550 [-1.82e-01, 1.68e-01, 4.33e-01, 4.13e-01, 1.33e+00, 2.39e-01, 3.88e-02, -1.50e+00, 3.88e-01, 2.99e-02, 9.57e-02]
28600 [-2.01e-01, 1.81e-01, 4.30e-01, 4.09e-01, 1.33e+00, 2.39e-01, 3.88e-02, -1.50e+00, 3.88e-01, 2.94e-02, 9.57e-02]
28650 [-2.21e-01, 1.93e-01, 4.26e-01, 4.05e-01, 1.33e+00, 2.39e-01, 3.88e-02, -1.50e+00, 3.88e-01, 2.90e-02, 9.57e-02]
28700 [-2.42e-01, 2.03e-01, 4.21e-01, 4.01e-01, 1.33e+00, 2.39e-01, 3.88e-02, -1.50e+00, 3.87e-01, 2.87e-02, 9.57e-02]
28750 [-5.33e-02, 2.07e-01, 4.16e-01, 3.67e-01, 1.18e+00, 2.39e-01, 3.88e-02, -1.49e+00, 3.87e-01, 2.81e-02, 9.57e-02]
28800 [4.20e-02, 1.33e-01, 4.12e-01, 3.23e-01, 1.04e+00, 2.39e-01, 3.88e-02, -1.47e+00, 3.85e-01, 3.15e-02, 9.57e-02]
28850 [3.76e-02, 1.50e-01, 4.12e-01, 3.20e-01, 1.04e+00, 2.39e-01, 3.88e-02, -1.47e+00, 3.84e-01, 3.18e-02, 9.57e-02]
28900 [3.63e-02, 1.72e-01, 4.12e-01, 3.20e-01, 1.04e+00, 2.39e-01, 3.88e-02, -1.47e+00, 3.84e-01, 3.18e-02, 9.57e-02]
28950 [3.60e-02, 1.92e-01, 4.12e-01, 3.20e-01, 1.04e+00, 2.39e-01, 3.88e-02, -1.47e+00, 3.83e-01, 3.18e-02, 9.58e-02]
29000 [3.64e-02, 2.10e-01, 4.12e-01, 3.20e-01, 1.04e+00, 2.39e-01, 3.88e-02, -1.47e+00, 3.83e-01, 3.14e-02, 9.58e-02]
29050 [3.72e-02, 2.27e-01, 4.12e-01, 3.20e-01, 1.04e+00, 2.39e-01, 3.88e-02, -1.47e+00, 3.82e-01, 2.86e-02, 9.58e-02]
29100 [3.82e-02, 2.44e-01, 4.12e-01, 3.20e-01, 1.04e+00, 2.40e-01, 3.88e-02, -1.47e+00, 3.82e-01, 2.86e-02, 9.58e-02]
29150 [3.94e-02, 2.59e-01, 4.12e-01, 3.20e-01, 1.04e+00, 2.40e-01, 3.88e-02, -1.47e+00, 3.82e-01, 2.86e-02, 9.58e-02]
29200 [4.16e-02, 2.74e-01, 4.11e-01, 3.20e-01, 1.03e+00, 2.40e-01, 3.88e-02, -1.47e+00, 3.81e-01, 2.84e-02, 9.58e-02]
29250 [4.28e-02, 2.84e-01, 4.11e-01, 3.20e-01, 1.03e+00, 2.40e-01, 3.88e-02, -1.47e+00, 3.81e-01, 2.92e-02, 9.58e-02]
29300 [4.38e-02, 2.92e-01, 4.11e-01, 3.21e-01, 1.03e+00, 2.40e-01, 3.88e-02, -1.47e+00, 3.80e-01, 2.63e-02, 9.58e-02]
29350 [4.51e-02, 2.99e-01, 4.10e-01, 3.21e-01, 1.03e+00, 2.40e-01, 3.88e-02, -1.47e+00, 3.80e-01, 2.34e-02, 9.58e-02]
29400 [4.71e-02, 3.06e-01, 4.09e-01, 3.22e-01, 1.03e+00, 2.40e-01, 3.88e-02, -1.47e+00, 3.79e-01, 2.53e-02, 9.58e-02]
29450 [5.28e-02, 3.12e-01, 4.09e-01, 3.23e-01, 1.03e+00, 2.40e-01, 3.88e-02, -1.47e+00, 3.79e-01, 2.69e-02, 9.58e-02]
29500 [6.03e-02, 3.19e-01, 4.08e-01, 3.24e-01, 1.03e+00, 2.40e-01, 3.88e-02, -1.47e+00, 3.78e-01, 2.69e-02, 9.58e-02]
29550 [6.89e-02, 3.24e-01, 4.07e-01, 3.26e-01, 1.03e+00, 2.41e-01, 3.88e-02, -1.47e+00, 3.78e-01, 2.51e-02, 9.58e-02]
29600 [8.03e-02, 3.30e-01, 4.06e-01, 3.27e-01, 1.02e+00, 2.41e-01, 3.88e-02, -1.47e+00, 3.77e-01, 2.49e-02, 9.58e-02]
29650 [9.29e-02, 3.34e-01, 4.05e-01, 3.29e-01, 1.02e+00, 2.41e-01, 3.88e-02, -1.47e+00, 3.77e-01, 2.39e-02, 9.58e-02]
29700 [2.02e-01, 1.22e-01, 9.18e-01, 3.84e-01, 1.22e+00, -2.08e-01, 1.33e-02, -4.92e-01, -8.22e-02, -1.76e-01, -2.84e-01]
29750 [2.47e-01, 1.38e-01, 1.17e+00, 4.15e-01, 7.98e-01, -2.61e-01, -1.84e-01, -2.51e-01, -1.34e-01, -1.85e-01, -2.96e-01]
29800 [2.95e-01, 1.38e-01, 1.20e+00, 4.13e-01, 8.15e-01, -2.61e-01, -1.85e-01, -9.88e-02, -1.34e-01, -1.83e-01, -2.95e-01]
29850 [3.47e-01, 1.38e-01, 1.22e+00, 4.10e-01, 8.21e-01, -2.61e-01, -1.85e-01, -4.85e-02, -1.32e-01, -1.81e-01, -2.94e-01]
29900 [4.06e-01, 1.38e-01, 1.24e+00, 4.05e-01, 8.21e-01, -2.61e-01, -1.85e-01, -3.28e-02, -1.30e-01, -1.80e-01, -2.92e-01]
29950 [4.71e-01, 1.38e-01, 1.26e+00, 3.99e-01, 8.21e-01, -2.60e-01, -1.85e-01, -2.69e-02, -1.28e-01, -1.78e-01, -2.91e-01]
30000 [5.44e-01, 1.38e-01, 1.28e+00, 3.91e-01, 8.21e-01, -2.60e-01, -1.85e-01, -2.39e-02, -1.26e-01, -1.76e-01, -2.89e-01]
