# step, loss_train, loss_test, metrics_test
0.000000000000000000e+00 1.806309368401963532e-03 5.627627424838047183e-03 2.544873915608398141e-04 1.000000000000000000e+00 2.250000000000000000e+00 2.250000000000000000e+00 6.218492321445708709e-02 1.586578348569380181e-01 4.255757368306113619e+00 1.806309368401963532e-03 5.627627424838047183e-03 2.544873915608398141e-04 1.000000000000000000e+00 2.250000000000000000e+00 2.250000000000000000e+00 6.218492321445708709e-02 1.586578348569380181e-01 4.255757368306113619e+00
7.000000000000000000e+02 1.410812036072543177e-03 9.225804972890803285e-03 1.382565600418137614e-03 1.942814605958417460e-04 9.102374575445309557e-04 1.033468354334890265e-04 1.801658321609676859e-03 1.083446890888347877e-02 7.811993802828921980e-04 1.410812036072543177e-03 9.225804972890803285e-03 1.382565600418137614e-03 1.942814605958417460e-04 9.102374575445309557e-04 1.033468354334890265e-04 1.801658321609676859e-03 1.083446890888347877e-02 7.811993802828921980e-04
1.400000000000000000e+03 1.046921375205519134e-03 6.083515643338401925e-03 1.001011265597168609e-03 6.792597457099405300e-05 3.243893345679335388e-04 1.013622004523314333e-04 9.082695729983224697e-04 4.246967585044110309e-03 8.334427703311615915e-04 1.046921375205519134e-03 6.083515643338401925e-03 1.001011265597168609e-03 6.792597457099405300e-05 3.243893345679335388e-04 1.013622004523314333e-04 9.082695729983224697e-04 4.246967585044110309e-03 8.334427703311615915e-04
2.100000000000000000e+03 5.692720172990552076e-04 3.625634578159982538e-03 6.832136863952851255e-04 3.096863135012304578e-05 1.342862206598612138e-04 8.550572711518547358e-05 6.230012664006169326e-04 1.938907620657450695e-03 8.006818931690703068e-04 5.692720172990552076e-04 3.625634578159982538e-03 6.832136863952851255e-04 3.096863135012304578e-05 1.342862206598612138e-04 8.550572711518547358e-05 6.230012664006169326e-04 1.938907620657450695e-03 8.006818931690703068e-04
2.800000000000000000e+03 2.398233540006445370e-04 1.598876363749532174e-03 3.537312345604039015e-04 1.730582806596577005e-05 4.450343146263995947e-05 5.150278624732856480e-05 5.765452968159132411e-04 8.105202883593927996e-04 5.372241961038090726e-04 2.398233540006445370e-04 1.598876363749532174e-03 3.537312345604039015e-04 1.730582806596577005e-05 4.450343146263995947e-05 5.150278624732856480e-05 5.765452968159132411e-04 8.105202883593927996e-04 5.372241961038090726e-04
3.500000000000000000e+03 1.125688801549355170e-04 6.206000334960095829e-04 1.344613180677025461e-04 1.154497184959146389e-05 1.241358040618413427e-05 1.992984761205525925e-05 5.963344900196849985e-04 3.391082530281305861e-04 2.714402930530322700e-04 1.125688801549355170e-04 6.206000334960095829e-04 1.344613180677025461e-04 1.154497184959146389e-05 1.241358040618413427e-05 1.992984761205525925e-05 5.963344900196849985e-04 3.391082530281305861e-04 2.714402930530322700e-04
4.200000000000000000e+03 9.928438791166400610e-05 3.597915040801390510e-04 5.358678897557670948e-05 8.890484865380214764e-06 4.137567428579984634e-06 5.645698374787891659e-06 6.396156621060160178e-04 1.730050873159829229e-04 1.245491578985146873e-04 9.928438791166400610e-05 3.597915040801390510e-04 5.358678897557670948e-05 8.890484865380214764e-06 4.137567428579984634e-06 5.645698374787891659e-06 6.396156621060160178e-04 1.730050873159829229e-04 1.245491578985146873e-04
4.900000000000000000e+03 1.103909644390271263e-04 2.848050969787860125e-04 3.069546931158765582e-05 7.853750339065556583e-06 2.077826739550701377e-06 1.767136371207480189e-06 6.560858289444637887e-04 1.121505099021805258e-04 7.396119496520290964e-05 1.103909644390271263e-04 2.848050969787860125e-04 3.069546931158765582e-05 7.853750339065556583e-06 2.077826739550701377e-06 1.767136371207480189e-06 6.560858289444637887e-04 1.121505099021805258e-04 7.396119496520290964e-05
5.600000000000000000e+03 1.140133352805294218e-04 2.369241437868344459e-04 1.962818627040709412e-05 7.873776166125329585e-06 1.288545549444323184e-06 8.476340978742229824e-07 6.301043481038958978e-04 8.001584849375019436e-05 6.133130106393684157e-05 1.140133352805294218e-04 2.369241437868344459e-04 1.962818627040709412e-05 7.873776166125329585e-06 1.288545549444323184e-06 8.476340978742229824e-07 6.301043481038958978e-04 8.001584849375019436e-05 6.133130106393684157e-05
6.300000000000000000e+03 1.169412964457089540e-04 1.983811520128149031e-04 1.398335203568304270e-05 8.612280949369105550e-06 7.516134794984805957e-07 5.870377235130057095e-07 5.557415119341154374e-04 5.119925271048024327e-05 5.291959559131347718e-05 1.169412964457089540e-04 1.983811520128149031e-04 1.398335203568304270e-05 8.612280949369105550e-06 7.516134794984805957e-07 5.870377235130057095e-07 5.557415119341154374e-04 5.119925271048024327e-05 5.291959559131347718e-05
7.000000000000000000e+03 1.264805519828570682e-04 1.548236172098077902e-04 8.672393562507971072e-06 7.718124111607724711e-06 8.593053722517394992e-09 4.245921188698650106e-07 4.415617050835739200e-04 2.562838053162070566e-05 3.179703870971319703e-05 1.264805519828570682e-04 1.548236172098077902e-04 8.672393562507971072e-06 7.718124111607724711e-06 8.593053722517394992e-09 4.245921188698650106e-07 4.415617050835739200e-04 2.562838053162070566e-05 3.179703870971319703e-05
7.700000000000000000e+03 1.081423009509448787e-04 9.624202456360201143e-05 1.224786713945919731e-05 1.067429410376611241e-05 1.357102810213493976e-09 1.382637094833222967e-07 3.919275823324957315e-04 8.246615356236507022e-06 2.838805336927917685e-05 1.081423009509448787e-04 9.624202456360201143e-05 1.224786713945919731e-05 1.067429410376611241e-05 1.357102810213493976e-09 1.382637094833222967e-07 3.919275823324957315e-04 8.246615356236507022e-06 2.838805336927917685e-05
8.400000000000000000e+03 9.411304320285197942e-05 5.266414210422084240e-05 1.505795845139623505e-05 1.155282570972492779e-05 1.711694297795896645e-09 4.260038327272621645e-08 3.689060076241071373e-04 3.440794574910225163e-06 2.857718811344798316e-05 9.411304320285197942e-05 5.266414210422084240e-05 1.505795845139623505e-05 1.155282570972492779e-05 1.711694297795896645e-09 4.260038327272621645e-08 3.689060076241071373e-04 3.440794574910225163e-06 2.857718811344798316e-05
9.100000000000000000e+03 8.444998138967848406e-05 2.664467727796395111e-05 1.220165683698750078e-05 1.106460737807991691e-05 3.949285423372793033e-08 1.067853141695331519e-08 3.526195289827755851e-04 2.203233170906037872e-06 2.663588108075129471e-05 8.444998138967848406e-05 2.664467727796395111e-05 1.220165683698750078e-05 1.106460737807991691e-05 3.949285423372793033e-08 1.067853141695331519e-08 3.526195289827755851e-04 2.203233170906037872e-06 2.663588108075129471e-05
9.800000000000000000e+03 7.891296742567401349e-05 1.266710332227064164e-05 8.068016684176018151e-06 9.507525889489284584e-06 3.730287369216819806e-07 1.784233167774458989e-09 3.385197188307915105e-04 2.187435227870411906e-06 2.491232717531861431e-05 7.891296742567401349e-05 1.266710332227064164e-05 8.068016684176018151e-06 9.507525889489284584e-06 3.730287369216819806e-07 1.784233167774458989e-09 3.385197188307915105e-04 2.187435227870411906e-06 2.491232717531861431e-05
1.050000000000000000e+04 7.288983845274477384e-05 7.498866579236928984e-06 5.708794324189851037e-06 1.381634494539050511e-05 5.247341450767380240e-07 3.994112840121474688e-10 3.233194572435068638e-04 4.109024259776022762e-06 2.407402085144729159e-05 7.288983845274477384e-05 7.498866579236928984e-06 5.708794324189851037e-06 1.381634494539050511e-05 5.247341450767380240e-07 3.994112840121474688e-10 3.233194572435068638e-04 4.109024259776022762e-06 2.407402085144729159e-05
1.120000000000000000e+04 7.007183046280766653e-05 4.232559894849158500e-06 5.102956935064049509e-06 1.337961009629806832e-05 5.063777828774901475e-07 3.817749812919865833e-09 3.102771972937924390e-04 3.959021836373971538e-06 2.395960330924500189e-05 7.007183046280766653e-05 4.232559894849158500e-06 5.102956935064049509e-06 1.337961009629806832e-05 5.063777828774901475e-07 3.817749812919865833e-09 3.102771972937924390e-04 3.959021836373971538e-06 2.395960330924500189e-05
1.190000000000000000e+04 6.947111484107812060e-05 2.885116535139744416e-06 5.590511655276915100e-06 7.071684052517428445e-06 8.033183356872015539e-07 3.684767215883526746e-11 3.020407917502876752e-04 2.220148468307835264e-06 2.415250069368309678e-05 6.947111484107812060e-05 2.885116535139744416e-06 5.590511655276915100e-06 7.071684052517428445e-06 8.033183356872015539e-07 3.684767215883526746e-11 3.020407917502876752e-04 2.220148468307835264e-06 2.415250069368309678e-05
1.260000000000000000e+04 6.551732352216928961e-05 3.753646309561766336e-06 5.921455355586219556e-06 1.096643777630800868e-05 1.062379376911652906e-07 4.055199764243399715e-09 2.902490983937411448e-04 2.715294082329634724e-06 2.428093358243276349e-05 6.551732352216928961e-05 3.753646309561766336e-06 5.921455355586219556e-06 1.096643777630800868e-05 1.062379376911652906e-07 4.055199764243399715e-09 2.902490983937411448e-04 2.715294082329634724e-06 2.428093358243276349e-05
1.330000000000000000e+04 6.698660773568488182e-05 5.927068275619524745e-06 6.193272303520369257e-06 6.086179576855331208e-06 9.889115764394640180e-07 1.268935884176627040e-09 2.855355754537224977e-04 2.197158991301454269e-06 2.425706619777910546e-05 6.698660773568488182e-05 5.927068275619524745e-06 6.193272303520369257e-06 6.086179576855331208e-06 9.889115764394640180e-07 1.268935884176627040e-09 2.855355754537224977e-04 2.197158991301454269e-06 2.425706619777910546e-05
1.400000000000000000e+04 6.329031879844911816e-05 6.133465591802047905e-06 5.834972036436870614e-06 1.071667216321534474e-05 6.191056673527989848e-08 2.131332259624235896e-09 2.744063748245086044e-04 2.370064384280425877e-06 2.411233690767709917e-05 6.329031879844911816e-05 6.133465591802047905e-06 5.834972036436870614e-06 1.071667216321534474e-05 6.191056673527989848e-08 2.131332259624235896e-09 2.744063748245086044e-04 2.370064384280425877e-06 2.411233690767709917e-05
1.470000000000000000e+04 6.202200711915804301e-05 8.381037632112559691e-06 5.458957319284553548e-06 1.165308439637404637e-05 3.591688883231894401e-07 1.824839558597198567e-08 2.659472333177602334e-04 3.070915529877517246e-06 2.398133506518183413e-05 6.202200711915804301e-05 8.381037632112559691e-06 5.458957319284553548e-06 1.165308439637404637e-05 3.591688883231894401e-07 1.824839558597198567e-08 2.659472333177602334e-04 3.070915529877517246e-06 2.398133506518183413e-05
1.540000000000000000e+04 5.978225687323737329e-05 7.897690376377600963e-06 4.853869968862057329e-06 7.442908759263376887e-06 3.664205552109179501e-07 1.520698698810201368e-08 2.576858282280596046e-04 1.658499416355582189e-06 2.385222444122085889e-05 5.978225687323737329e-05 7.897690376377600963e-06 4.853869968862057329e-06 7.442908759263376887e-06 3.664205552109179501e-07 1.520698698810201368e-08 2.576858282280596046e-04 1.658499416355582189e-06 2.385222444122085889e-05
1.610000000000000000e+04 5.608217806500750491e-05 8.678997112008158562e-06 3.718372456142653350e-06 8.906641330430342064e-06 1.442297785426286327e-07 7.520219740924517344e-08 2.451603779418421196e-04 2.327635486676105232e-06 2.373301798081720810e-05 5.608217806500750491e-05 8.678997112008158562e-06 3.718372456142653350e-06 8.906641330430342064e-06 1.442297785426286327e-07 7.520219740924517344e-08 2.451603779418421196e-04 2.327635486676105232e-06 2.373301798081720810e-05
1.680000000000000000e+04 5.670136136786501876e-05 9.962987509289720475e-06 2.562880509130446440e-06 4.374753698999013094e-06 1.254514231323415891e-06 3.757195157467932481e-08 2.338159677293931036e-04 2.057496857622937809e-06 2.375218790917356157e-05 5.670136136786501876e-05 9.962987509289720475e-06 2.562880509130446440e-06 4.374753698999013094e-06 1.254514231323415891e-06 3.757195157467932481e-08 2.338159677293931036e-04 2.057496857622937809e-06 2.375218790917356157e-05
1.750000000000000000e+04 5.096217355269832649e-05 7.920581651805881185e-06 1.375707765993589043e-06 4.837606511620634244e-06 2.114882930967166555e-07 6.710927924225557183e-10 2.152503171763010120e-04 1.533923444037183012e-06 2.364796225199969535e-05 5.096217355269832649e-05 7.920581651805881185e-06 1.375707765993589043e-06 4.837606511620634244e-06 2.114882930967166555e-07 6.710927924225557183e-10 2.152503171763010120e-04 1.533923444037183012e-06 2.364796225199969535e-05
1.820000000000000000e+04 4.698379074838433415e-05 8.252880826257321740e-06 1.278443035074331644e-06 4.158542911174171565e-06 9.037128558393876980e-07 5.456273424329610391e-08 1.954010989171248928e-04 1.405362455217844371e-06 2.379368750389136900e-05 4.698379074838433415e-05 8.252880826257321740e-06 1.278443035074331644e-06 4.158542911174171565e-06 9.037128558393876980e-07 5.456273424329610391e-08 1.954010989171248928e-04 1.405362455217844371e-06 2.379368750389136900e-05
1.890000000000000000e+04 4.371872748899353591e-05 9.319500456708395940e-06 1.846673232783216138e-06 2.334110861815961377e-06 1.045512476504268073e-06 9.827567157215483135e-08 1.767364857541655525e-04 1.300951322890146015e-06 2.398256626293058380e-05 4.371872748899353591e-05 9.319500456708395940e-06 1.846673232783216138e-06 2.334110861815961377e-06 1.045512476504268073e-06 9.827567157215483135e-08 1.767364857541655525e-04 1.300951322890146015e-06 2.398256626293058380e-05
1.960000000000000000e+04 3.652980085920065395e-05 1.056831799505607808e-05 2.793066954133143598e-06 2.260106700178334661e-06 2.945667815715192217e-07 5.000304486816174930e-09 1.578211491411364174e-04 9.465680177591217187e-07 2.388017381432686214e-05 3.652980085920065395e-05 1.056831799505607808e-05 2.793066954133143598e-06 2.260106700178334661e-06 2.945667815715192217e-07 5.000304486816174930e-09 1.578211491411364174e-04 9.465680177591217187e-07 2.388017381432686214e-05
2.030000000000000000e+04 2.935307126662138673e-05 1.380267162179990686e-05 3.904502785821758219e-06 2.595283049764402109e-06 7.898890378250571953e-07 1.020411825718975799e-07 1.420268840202274212e-04 9.157819403213346623e-07 2.390261284925054047e-05 2.935307126662138673e-05 1.380267162179990686e-05 3.904502785821758219e-06 2.595283049764402109e-06 7.898890378250571953e-07 1.020411825718975799e-07 1.420268840202274212e-04 9.157819403213346623e-07 2.390261284925054047e-05
2.100000000000000000e+04 2.862683908965690783e-05 1.631482585129282514e-05 4.584844394734592311e-06 7.052274444415380145e-06 4.295348604637641536e-07 1.457961241819019042e-07 1.267398815090668663e-04 1.785694524482325280e-06 2.391523923513237630e-05 2.862683908965690783e-05 1.631482585129282514e-05 4.584844394734592311e-06 7.052274444415380145e-06 4.295348604637641536e-07 1.457961241819019042e-07 1.267398815090668663e-04 1.785694524482325280e-06 2.391523923513237630e-05
2.170000000000000000e+04 2.290031899295484437e-05 1.705030573511726429e-05 5.050740349837588871e-06 5.586660903953653609e-06 2.909664679287065238e-07 1.076530371394070049e-07 1.168185515094350227e-04 1.451863197645616806e-06 2.376087094630681065e-05 2.290031899295484437e-05 1.705030573511726429e-05 5.050740349837588871e-06 5.586660903953653609e-06 2.909664679287065238e-07 1.076530371394070049e-07 1.168185515094350227e-04 1.451863197645616806e-06 2.376087094630681065e-05
2.240000000000000000e+04 1.887975656930107740e-05 1.654386653653857305e-05 5.349538340776826559e-06 3.779574282664135535e-06 2.869587346047466207e-08 2.220932230089703973e-10 1.078027221393862211e-04 7.422231219008928910e-07 2.360292513614316754e-05 1.887975656930107740e-05 1.654386653653857305e-05 5.349538340776826559e-06 3.779574282664135535e-06 2.869587346047466207e-08 2.220932230089703973e-10 1.078027221393862211e-04 7.422231219008928910e-07 2.360292513614316754e-05
2.310000000000000000e+04 2.381282847753531546e-05 1.852574732594799840e-05 5.624394443649165366e-06 5.800821244468329591e-06 4.383203912035956573e-07 1.487071291410163223e-07 9.832539214683222320e-05 1.681575335516938827e-06 2.369565796920863722e-05 2.381282847753531546e-05 1.852574732594799840e-05 5.624394443649165366e-06 5.800821244468329591e-06 4.383203912035956573e-07 1.487071291410163223e-07 9.832539214683222320e-05 1.681575335516938827e-06 2.369565796920863722e-05
2.380000000000000000e+04 1.591553284615776693e-05 1.672584415916573619e-05 5.690159264813209859e-06 2.953781002254781904e-06 5.706417382537823848e-08 1.106155802978981725e-09 9.094665950673251642e-05 6.872604921996114791e-07 2.352427869615025097e-05 1.591553284615776693e-05 1.672584415916573619e-05 5.690159264813209859e-06 2.953781002254781904e-06 5.706417382537823848e-08 1.106155802978981725e-09 9.094665950673251642e-05 6.872604921996114791e-07 2.352427869615025097e-05
2.450000000000000000e+04 1.443610739222823840e-05 1.675406677616356037e-05 5.675852591209870009e-06 2.795872519188971079e-06 8.919786937075597288e-08 3.300332754399072689e-08 8.351121347405906158e-05 9.161938625396066608e-07 2.353340496779788194e-05 1.443610739222823840e-05 1.675406677616356037e-05 5.675852591209870009e-06 2.795872519188971079e-06 8.919786937075597288e-08 3.300332754399072689e-08 8.351121347405906158e-05 9.161938625396066608e-07 2.353340496779788194e-05
2.520000000000000000e+04 1.823880196664760445e-05 1.675139968186019186e-05 5.582251515028176013e-06 3.889917947102005430e-06 2.293768957088378736e-07 8.770432513716719539e-08 7.571522612713368992e-05 1.160082622654485607e-06 2.361206596067970140e-05 1.823880196664760445e-05 1.675139968186019186e-05 5.582251515028176013e-06 3.889917947102005430e-06 2.293768957088378736e-07 8.770432513716719539e-08 7.571522612713368992e-05 1.160082622654485607e-06 2.361206596067970140e-05
2.590000000000000000e+04 1.862379369347265729e-05 1.521366938832638979e-05 5.382013465855617122e-06 4.055011918054818557e-07 8.389646966103805422e-09 1.337893785608819268e-08 7.230800921446169918e-05 5.905978291098856577e-07 2.357319089212751010e-05 1.862379369347265729e-05 1.521366938832638979e-05 5.382013465855617122e-06 4.055011918054818557e-07 8.389646966103805422e-09 1.337893785608819268e-08 7.230800921446169918e-05 5.905978291098856577e-07 2.357319089212751010e-05
2.660000000000000000e+04 1.308451184552174045e-05 1.432114501127628256e-05 5.130766105323937841e-06 1.975627938086146746e-06 2.961930777125343313e-08 1.814193551450898672e-13 6.358918190676182008e-05 5.228271169569038120e-07 2.355942542690907623e-05 1.308451184552174045e-05 1.432114501127628256e-05 5.130766105323937841e-06 1.975627938086146746e-06 2.961930777125343313e-08 1.814193551450898672e-13 6.358918190676182008e-05 5.228271169569038120e-07 2.355942542690907623e-05
2.730000000000000000e+04 1.348776230834637541e-05 1.345015687555519107e-05 4.864027077629414305e-06 2.015833053376862087e-06 2.039418557447670042e-08 1.184598299318172908e-09 5.777933013244925409e-05 4.767420858940673755e-07 2.359228257602406309e-05 1.348776230834637541e-05 1.345015687555519107e-05 4.864027077629414305e-06 2.015833053376862087e-06 2.039418557447670042e-08 1.184598299318172908e-09 5.777933013244925409e-05 4.767420858940673755e-07 2.359228257602406309e-05
2.800000000000000000e+04 1.288776637923476428e-05 1.253071498630178438e-05 4.579635613689442116e-06 1.756546310814181301e-06 1.992686334941726017e-08 2.948796078928594315e-10 5.284235434037312386e-05 4.344750114415207061e-07 2.362750054200202441e-05 1.288776637923476428e-05 1.253071498630178438e-05 4.579635613689442116e-06 1.756546310814181301e-06 1.992686334941726017e-08 2.948796078928594315e-10 5.284235434037312386e-05 4.344750114415207061e-07 2.362750054200202441e-05
2.870000000000000000e+04 1.997458545194295604e-05 1.202904083584052556e-05 4.325621388882121932e-06 2.987403744982120308e-06 1.132448647503133013e-07 7.569323895743672177e-08 4.771316521458467743e-05 6.873675747710013453e-07 2.377019617448053085e-05 1.997458545194295604e-05 1.202904083584052556e-05 4.325621388882121932e-06 2.987403744982120308e-06 1.132448647503133013e-07 7.569323895743672177e-08 4.771316521458467743e-05 6.873675747710013453e-07 2.377019617448053085e-05
2.940000000000000000e+04 2.040251834052504856e-05 1.126622000309809960e-05 4.098663833999653696e-06 3.340501577110301648e-08 2.014306989293197516e-07 7.845801126156631558e-08 4.678638517526757172e-05 5.208811769793015564e-07 2.378026360534538954e-05 2.040251834052504856e-05 1.126622000309809960e-05 4.098663833999653696e-06 3.340501577110301648e-08 2.014306989293197516e-07 7.845801126156631558e-08 4.678638517526757172e-05 5.208811769793015564e-07 2.378026360534538954e-05
3.010000000000000000e+04 1.090552457378506498e-05 1.039185382112759246e-05 3.882869410343467960e-06 7.130215857632655649e-07 1.216666610207417868e-07 7.612753089178900109e-09 4.101312203017059080e-05 4.374894847664442371e-07 2.376471013681736308e-05 1.090552457378506498e-05 1.039185382112759246e-05 3.882869410343467960e-06 7.130215857632655649e-07 1.216666610207417868e-07 7.612753089178900109e-09 4.101312203017059080e-05 4.374894847664442371e-07 2.376471013681736308e-05
3.080000000000000000e+04 1.683392257913586212e-05 9.979547875353433011e-06 3.715723929519642578e-06 6.288773963807899158e-08 2.407039575735474876e-07 7.763023656195807641e-08 3.894618049507745776e-05 5.424559332789914957e-07 2.388335615617770888e-05 1.683392257913586212e-05 9.979547875353433011e-06 3.715723929519642578e-06 6.288773963807899158e-08 2.407039575735474876e-07 7.763023656195807641e-08 3.894618049507745776e-05 5.424559332789914957e-07 2.388335615617770888e-05
3.150000000000000000e+04 1.334061958164480002e-05 8.545652857411683174e-06 3.528085695008199315e-06 2.115666592498706282e-07 3.653285559850335706e-09 2.685635607003062612e-08 3.508023883175428277e-05 2.864034159572855320e-07 2.386416547042048117e-05 1.334061958164480002e-05 8.545652857411683174e-06 3.528085695008199315e-06 2.115666592498706282e-07 3.653285559850335706e-09 2.685635607003062612e-08 3.508023883175428277e-05 2.864034159572855320e-07 2.386416547042048117e-05
3.220000000000000000e+04 1.339346217474205081e-05 8.494460315086930867e-06 3.427269202972578980e-06 1.358513788899058223e-07 1.330959990414913654e-07 4.638655331975243306e-08 3.225547875549265625e-05 4.352830625169514148e-07 2.394501679222766488e-05 1.339346217474205081e-05 8.494460315086930867e-06 3.427269202972578980e-06 1.358513788899058223e-07 1.330959990414913654e-07 4.638655331975243306e-08 3.225547875549265625e-05 4.352830625169514148e-07 2.394501679222766488e-05
3.290000000000000000e+04 1.971601802888429261e-05 7.623752496299889698e-06 3.307119237019235134e-06 1.954045459813767243e-09 1.211520386824326915e-07 5.556493194305050055e-08 3.043310750687683238e-05 3.121042284326941086e-07 2.402047139259379997e-05 1.971601802888429261e-05 7.623752496299889698e-06 3.307119237019235134e-06 1.954045459813767243e-09 1.211520386824326915e-07 5.556493194305050055e-08 3.043310750687683238e-05 3.121042284326941086e-07 2.402047139259379997e-05
3.360000000000000000e+04 2.418998278653424706e-05 7.273037501052911663e-06 3.226517483481734257e-06 9.563762746877701018e-09 1.165973534987370411e-07 9.679134267159883772e-08 2.864201602016788325e-05 3.419147738879476812e-07 2.409147546043695210e-05 2.418998278653424706e-05 7.273037501052911663e-06 3.226517483481734257e-06 9.563762746877701018e-09 1.165973534987370411e-07 9.679134267159883772e-08 2.864201602016788325e-05 3.419147738879476812e-07 2.409147546043695210e-05
3.430000000000000000e+04 1.368721234498040834e-05 7.068322529924641106e-06 3.164364220027373937e-06 1.170727685238899020e-07 1.325819634360265022e-07 3.755811973041487988e-08 2.580118548531628396e-05 3.837135252267813867e-07 2.407418390193934491e-05 1.368721234498040834e-05 7.068322529924641106e-06 3.164364220027373937e-06 1.170727685238899020e-07 1.325819634360265022e-07 3.755811973041487988e-08 2.580118548531628396e-05 3.837135252267813867e-07 2.407418390193934491e-05
3.500000000000000000e+04 1.766255918489940865e-05 6.657918573000598597e-06 3.094538680519621571e-06 1.422979858154826044e-07 5.410322954499252090e-08 5.708782814589131320e-08 2.436013921059946265e-05 3.482757539152658901e-07 2.414660411130991195e-05 1.766255918489940865e-05 6.657918573000598597e-06 3.094538680519621571e-06 1.422979858154826044e-07 5.410322954499252090e-08 5.708782814589131320e-08 2.436013921059946265e-05 3.482757539152658901e-07 2.414660411130991195e-05
3.570000000000000000e+04 1.140293105349557569e-05 6.178445475841581340e-06 3.046697097085145805e-06 7.580856873921828777e-07 6.557257861819884924e-08 2.559918539208872154e-09 2.159344539041200563e-05 2.658299380479814838e-07 2.414157459346416630e-05 1.140293105349557569e-05 6.178445475841581340e-06 3.046697097085145805e-06 7.580856873921828777e-07 6.557257861819884924e-08 2.559918539208872154e-09 2.159344539041200563e-05 2.658299380479814838e-07 2.414157459346416630e-05
3.640000000000000000e+04 1.341161092728048732e-05 5.982270458571087903e-06 3.006663915125329554e-06 1.001943954522980886e-06 1.007450638033722866e-07 1.514404127531529080e-08 2.024097596538837625e-05 4.008126553274577457e-07 2.417797301020431169e-05 1.341161092728048732e-05 5.982270458571087903e-06 3.006663915125329554e-06 1.001943954522980886e-06 1.007450638033722866e-07 1.514404127531529080e-08 2.024097596538837625e-05 4.008126553274577457e-07 2.417797301020431169e-05
3.710000000000000000e+04 1.612654564020162863e-05 5.352007670947394325e-06 2.920973169595908051e-06 1.183126917052923962e-06 1.111790862081271258e-08 2.770858287002276074e-08 1.889585448655198518e-05 2.328417704323871594e-07 2.420852754226208103e-05 1.612654564020162863e-05 5.352007670947394325e-06 2.920973169595908051e-06 1.183126917052923962e-06 1.111790862081271258e-08 2.770858287002276074e-08 1.889585448655198518e-05 2.328417704323871594e-07 2.420852754226208103e-05
3.780000000000000000e+04 1.258464815337024260e-05 5.490484712321813030e-06 2.871012776180960426e-06 2.183910256298481918e-07 4.238990092669884336e-08 1.692218057888992618e-08 1.895850184559329032e-05 3.030554306234346268e-07 2.420493103026979378e-05 1.258464815337024260e-05 5.490484712321813030e-06 2.871012776180960426e-06 2.183910256298481918e-07 4.238990092669884336e-08 1.692218057888992618e-08 1.895850184559329032e-05 3.030554306234346268e-07 2.420493103026979378e-05
3.850000000000000000e+04 1.943986734799307099e-05 5.269807967901604449e-06 2.851925445450683403e-06 1.458677805018801128e-06 1.155207126627804975e-07 5.783896517987746324e-08 1.699319637133731378e-05 3.800441278767187479e-07 2.428833307771839623e-05 1.943986734799307099e-05 5.269807967901604449e-06 2.851925445450683403e-06 1.458677805018801128e-06 1.155207126627804975e-07 5.783896517987746324e-08 1.699319637133731378e-05 3.800441278767187479e-07 2.428833307771839623e-05
3.920000000000000000e+04 1.026008073694267464e-05 5.029825032216120311e-06 2.779047125569991492e-06 3.679360494291417376e-07 4.970533777671531496e-08 2.376010152068696401e-09 1.692154384567573432e-05 2.439014959518221761e-07 2.421237675951721496e-05 1.026008073694267464e-05 5.029825032216120311e-06 2.779047125569991492e-06 3.679360494291417376e-07 4.970533777671531496e-08 2.376010152068696401e-09 1.692154384567573432e-05 2.439014959518221761e-07 2.421237675951721496e-05
3.990000000000000000e+04 1.495925782140934504e-05 5.161173868022707571e-06 2.735065944130147456e-06 9.781395114460980499e-08 7.188240814060390153e-08 3.448171973396392575e-08 1.670946345660759310e-05 3.556053485239351465e-07 2.424438830614201868e-05 1.495925782140934504e-05 5.161173868022707571e-06 2.735065944130147456e-06 9.781395114460980499e-08 7.188240814060390153e-08 3.448171973396392575e-08 1.670946345660759310e-05 3.556053485239351465e-07 2.424438830614201868e-05
4.060000000000000000e+04 1.819229658013112172e-05 4.760033834498150955e-06 2.701514444856384802e-06 1.810532501623591711e-06 1.701697156796389805e-07 4.441340475559892868e-08 1.480690361242870077e-05 3.958035143578030478e-07 2.431185325273866815e-05 1.819229658013112172e-05 4.760033834498150955e-06 2.701514444856384802e-06 1.810532501623591711e-06 1.701697156796389805e-07 4.441340475559892868e-08 1.480690361242870077e-05 3.958035143578030478e-07 2.431185325273866815e-05
4.130000000000000000e+04 9.756068911270206954e-06 4.499341541391547841e-06 2.632486390941812298e-06 2.275524524191250282e-07 5.947380367293891101e-08 4.822782832036641049e-10 1.483514450273261439e-05 2.113780416447420689e-07 2.421817368605735525e-05 9.756068911270206954e-06 4.499341541391547841e-06 2.632486390941812298e-06 2.275524524191250282e-07 5.947380367293891101e-08 4.822782832036641049e-10 1.483514450273261439e-05 2.113780416447420689e-07 2.421817368605735525e-05
4.200000000000000000e+04 1.111257087831395757e-05 4.395517409962009662e-06 2.606342499818280880e-06 7.863371775479236593e-07 6.074182690383364627e-08 1.727538884863496493e-09 1.385516417385742634e-05 3.244948821457194624e-07 2.421136096148492056e-05 1.111257087831395757e-05 4.395517409962009662e-06 2.606342499818280880e-06 7.863371775479236593e-07 6.074182690383364627e-08 1.727538884863496493e-09 1.385516417385742634e-05 3.244948821457194624e-07 2.421136096148492056e-05
4.270000000000000000e+04 1.476736544715852812e-05 4.062316491377663032e-06 2.524637997188693550e-06 8.386619408976834032e-09 3.958728610196305437e-08 3.805070126895829403e-08 1.424572644243864006e-05 1.963236292261856522e-07 2.423043616513702783e-05 1.476736544715852812e-05 4.062316491377663032e-06 2.524637997188693550e-06 8.386619408976834032e-09 3.958728610196305437e-08 3.805070126895829403e-08 1.424572644243864006e-05 1.963236292261856522e-07 2.423043616513702783e-05
4.340000000000000000e+04 1.286226267510053762e-05 3.899932891082423625e-06 2.487424021540632222e-06 1.577413264595079168e-08 1.160972185355049558e-10 3.027104240107663231e-08 1.355779047903525849e-05 1.706641377748026555e-07 2.421992862602912380e-05 1.286226267510053762e-05 3.899932891082423625e-06 2.487424021540632222e-06 1.577413264595079168e-08 1.160972185355049558e-10 3.027104240107663231e-08 1.355779047903525849e-05 1.706641377748026555e-07 2.421992862602912380e-05
4.410000000000000000e+04 1.143796358150579253e-05 3.767681498104122750e-06 2.426241519339055963e-06 6.282431092771803828e-07 1.943419275629752527e-09 1.237218926430462937e-08 1.219927089105906001e-05 1.746558932806431727e-07 2.419772088753761400e-05 1.143796358150579253e-05 3.767681498104122750e-06 2.426241519339055963e-06 6.282431092771803828e-07 1.943419275629752527e-09 1.237218926430462937e-08 1.219927089105906001e-05 1.746558932806431727e-07 2.419772088753761400e-05
4.480000000000000000e+04 2.507408161150201153e-05 4.246098393517372262e-06 2.398284712395954020e-06 1.558975492282690490e-08 1.922093329138356407e-07 7.181630443979856805e-08 1.326014005580527129e-05 3.582913109248530949e-07 2.421854166954294022e-05 2.507408161150201153e-05 4.246098393517372262e-06 2.398284712395954020e-06 1.558975492282690490e-08 1.922093329138356407e-07 7.181630443979856805e-08 1.326014005580527129e-05 3.582913109248530949e-07 2.421854166954294022e-05
4.550000000000000000e+04 8.729280259591178253e-06 3.826441606562045172e-06 2.339044585309070274e-06 1.566821985268231298e-07 6.124583867665240155e-08 1.154810886190384845e-09 1.172185606648937925e-05 2.230916349592523911e-07 2.412819086796730875e-05 8.729280259591178253e-06 3.826441606562045172e-06 2.339044585309070274e-06 1.566821985268231298e-07 6.124583867665240155e-08 1.154810886190384845e-09 1.172185606648937925e-05 2.230916349592523911e-07 2.412819086796730875e-05
4.620000000000000000e+04 1.624255051952980546e-05 3.588711282611896704e-06 2.279781949461120315e-06 6.782394541062137486e-11 5.521609009811900470e-08 3.427059869478594882e-08 1.197969002801277292e-05 1.928366561812989496e-07 2.413195622489311743e-05 1.624255051952980546e-05 3.588711282611896704e-06 2.279781949461120315e-06 6.782394541062137486e-11 5.521609009811900470e-08 3.427059869478594882e-08 1.197969002801277292e-05 1.928366561812989496e-07 2.413195622489311743e-05
4.690000000000000000e+04 1.407027555733928831e-05 3.637898276820463248e-06 2.253716615842124752e-06 8.811796349786364056e-07 6.879852814579153713e-08 2.013520582154930307e-08 1.047732855510723011e-05 3.032253652087307997e-07 2.409735990434354059e-05 1.407027555733928831e-05 3.637898276820463248e-06 2.253716615842124752e-06 8.811796349786364056e-07 6.879852814579153713e-08 2.013520582154930307e-08 1.047732855510723011e-05 3.032253652087307997e-07 2.409735990434354059e-05
4.760000000000000000e+04 2.714669533044678897e-05 3.792063912123652450e-06 2.218112484819280295e-06 1.904886470746690472e-06 1.181738443541054454e-07 5.626659731006641337e-08 9.919986361966089217e-06 4.094143855919594402e-07 2.414173215939640878e-05 2.714669533044678897e-05 3.792063912123652450e-06 2.218112484819280295e-06 1.904886470746690472e-06 1.181738443541054454e-07 5.626659731006641337e-08 9.919986361966089217e-06 4.094143855919594402e-07 2.414173215939640878e-05
4.830000000000000000e+04 9.671596691214787050e-06 3.305082462626709973e-06 2.141383319826211287e-06 4.756530423220929316e-07 3.161200651068167693e-08 3.442225577395761397e-09 9.928172469919089251e-06 2.231727018835997665e-07 2.401249098003350519e-05 9.671596691214787050e-06 3.305082462626709973e-06 2.141383319826211287e-06 4.756530423220929316e-07 3.161200651068167693e-08 3.442225577395761397e-09 9.928172469919089251e-06 2.231727018835997665e-07 2.401249098003350519e-05
4.900000000000000000e+04 1.183226713354970097e-05 3.237676213902704550e-06 2.091546249726206407e-06 6.838594676075211028e-07 1.784674524029075245e-08 9.689586183769359665e-09 9.502684520999326348e-06 2.163558584211231519e-07 2.399263358551621556e-05 1.183226713354970097e-05 3.237676213902704550e-06 2.091546249726206407e-06 6.838594676075211028e-07 1.784674524029075245e-08 9.689586183769359665e-09 9.502684520999326348e-06 2.163558584211231519e-07 2.399263358551621556e-05
4.970000000000000000e+04 1.863075832714601801e-05 3.289322560807155580e-06 2.053326742589044623e-06 1.166394052142516879e-06 6.490622963400507012e-08 3.812030115985826485e-08 9.069103237150411779e-06 2.884070739057371445e-07 2.399255674791703891e-05 1.863075832714601801e-05 3.289322560807155580e-06 2.053326742589044623e-06 1.166394052142516879e-06 6.490622963400507012e-08 3.812030115985826485e-08 9.069103237150411779e-06 2.884070739057371445e-07 2.399255674791703891e-05
5.040000000000000000e+04 2.155705165045194161e-05 3.067877854731458071e-06 1.991904520802796890e-06 1.437435836023173732e-06 2.772116847944591470e-08 4.110600425984250943e-08 8.711007294909810475e-06 2.146255667890721697e-07 2.397220806625487903e-05 2.155705165045194161e-05 3.067877854731458071e-06 1.991904520802796890e-06 1.437435836023173732e-06 2.772116847944591470e-08 4.110600425984250943e-08 8.711007294909810475e-06 2.146255667890721697e-07 2.397220806625487903e-05
5.110000000000000000e+04 8.956225362013613725e-06 2.920824263651071111e-06 1.933285528250542393e-06 2.839326785516976142e-08 2.039159035678480257e-08 8.074961826275184282e-09 9.237522256860318149e-06 1.488531504407165937e-07 2.386868637725514145e-05 8.956225362013613725e-06 2.920824263651071111e-06 1.933285528250542393e-06 2.839326785516976142e-08 2.039159035678480257e-08 8.074961826275184282e-09 9.237522256860318149e-06 1.488531504407165937e-07 2.386868637725514145e-05
5.180000000000000000e+04 8.605059041439139960e-06 2.887454014162818090e-06 1.885334030426021536e-06 2.474434026159456403e-08 2.079979458732516277e-08 7.314385809795939255e-09 8.946232381514827089e-06 1.480457660826226634e-07 2.382801917638101286e-05 8.605059041439139960e-06 2.887454014162818090e-06 1.885334030426021536e-06 2.474434026159456403e-08 2.079979458732516277e-08 7.314385809795939255e-09 8.946232381514827089e-06 1.480457660826226634e-07 2.382801917638101286e-05
5.250000000000000000e+04 2.576820263795293089e-05 3.025968418672430567e-06 1.862366192426399268e-06 1.744692948617074554e-06 7.132941693688056747e-08 5.618419967881028747e-08 7.940182331058054981e-06 3.025665916159294944e-07 2.385557162756285469e-05 2.576820263795293089e-05 3.025968418672430567e-06 1.862366192426399268e-06 1.744692948617074554e-06 7.132941693688056747e-08 5.618419967881028747e-08 7.940182331058054981e-06 3.025665916159294944e-07 2.385557162756285469e-05
5.320000000000000000e+04 7.753137826166207487e-06 2.688078461136851139e-06 1.796555997050106260e-06 3.234241450386876688e-07 9.982098203049698635e-09 8.653121721738440212e-10 8.050507047250881932e-06 1.649805407284905398e-07 2.373128841364210043e-05 7.753137826166207487e-06 2.688078461136851139e-06 1.796555997050106260e-06 3.234241450386876688e-07 9.982098203049698635e-09 8.653121721738440212e-10 8.050507047250881932e-06 1.649805407284905398e-07 2.373128841364210043e-05
5.390000000000000000e+04 1.114721636643151251e-05 3.087997475271242147e-06 1.793933140626789378e-06 5.901712324291341208e-07 1.009799362755429422e-07 7.238760101423585241e-09 7.704088626604161172e-06 3.519123440039100219e-07 2.369611539014927022e-05 1.114721636643151251e-05 3.087997475271242147e-06 1.793933140626789378e-06 5.901712324291341208e-07 1.009799362755429422e-07 7.238760101423585241e-09 7.704088626604161172e-06 3.519123440039100219e-07 2.369611539014927022e-05
5.460000000000000000e+04 9.835662003369304707e-06 2.637322553905161540e-06 1.712115065178223567e-06 5.053735120677593663e-07 2.471195985865293568e-08 6.469961379079372592e-09 7.494439642680708074e-06 2.005091225528541214e-07 2.365907647518998577e-05 9.835662003369304707e-06 2.637322553905161540e-06 1.712115065178223567e-06 5.053735120677593663e-07 2.471195985865293568e-08 6.469961379079372592e-09 7.494439642680708074e-06 2.005091225528541214e-07 2.365907647518998577e-05
5.530000000000000000e+04 7.299415450865421057e-06 2.521262186303213815e-06 1.657129315030610837e-06 4.637378243686872269e-08 2.171551258608116502e-08 1.634821382532792389e-09 7.695055876898728058e-06 1.363927352672296179e-07 2.360366322637276826e-05 7.299415450865421057e-06 2.521262186303213815e-06 1.657129315030610837e-06 4.637378243686872269e-08 2.171551258608116502e-08 1.634821382532792389e-09 7.695055876898728058e-06 1.363927352672296179e-07 2.360366322637276826e-05
5.600000000000000000e+04 1.532923817890405088e-05 2.745321410648015940e-06 1.626229792794772349e-06 8.188150070771660922e-11 1.268489043535849263e-07 2.013742381697422232e-08 7.954786028275525611e-06 2.289897118506707403e-07 2.358012337412536348e-05 1.532923817890405088e-05 2.745321410648015940e-06 1.626229792794772349e-06 8.188150070771660922e-11 1.268489043535849263e-07 2.013742381697422232e-08 7.954786028275525611e-06 2.289897118506707403e-07 2.358012337412536348e-05
5.670000000000000000e+04 1.966499964021892259e-05 2.811441393784786618e-06 1.589219862204741007e-06 2.268552950439851572e-08 1.306769963662799012e-07 3.330454784268786408e-08 7.932461607834319863e-06 2.687496185399883330e-07 2.356033112119357254e-05 1.966499964021892259e-05 2.811441393784786618e-06 1.589219862204741007e-06 2.268552950439851572e-08 1.306769963662799012e-07 3.330454784268786408e-08 7.932461607834319863e-06 2.687496185399883330e-07 2.356033112119357254e-05
5.740000000000000000e+04 1.509705118240875777e-05 2.603646808333965940e-06 1.542584624258766214e-06 9.747888226231454574e-10 1.175130356864948550e-07 1.876213004742246430e-08 7.568348726270643083e-06 2.279555601313893406e-07 2.349366660175449833e-05 1.509705118240875777e-05 2.603646808333965940e-06 1.542584624258766214e-06 9.747888226231454574e-10 1.175130356864948550e-07 1.876213004742246430e-08 7.568348726270643083e-06 2.279555601313893406e-07 2.349366660175449833e-05
5.810000000000000000e+04 8.169805329098083307e-06 2.328298565559773998e-06 1.491227013834385750e-06 1.842431439577843183e-08 2.955339547404994659e-08 5.097379985234712360e-09 7.036658044437893758e-06 1.433032999580291725e-07 2.344687309637129917e-05 8.169805329098083307e-06 2.328298565559773998e-06 1.491227013834385750e-06 1.842431439577843183e-08 2.955339547404994659e-08 5.097379985234712360e-09 7.036658044437893758e-06 1.433032999580291725e-07 2.344687309637129917e-05
5.880000000000000000e+04 7.489997578182997330e-05 2.962444481707685968e-06 1.484170908336908036e-06 3.719631733781915545e-07 1.769551229852574526e-07 2.205882176349264568e-07 8.807377287504220960e-06 3.846177959035142764e-07 2.379891659159836509e-05 7.489997578182997330e-05 2.962444481707685968e-06 1.484170908336908036e-06 3.719631733781915545e-07 1.769551229852574526e-07 2.205882176349264568e-07 8.807377287504220960e-06 3.846177959035142764e-07 2.379891659159836509e-05
5.950000000000000000e+04 1.448802483217688537e-05 2.808103720378309267e-06 1.478315930616806929e-06 3.722729026944663286e-09 1.581172404829203858e-07 2.757809949765052165e-09 7.073647813541160069e-06 2.454984745029896489e-07 2.336483109031991780e-05 1.448802483217688537e-05 2.808103720378309267e-06 1.478315930616806929e-06 3.722729026944663286e-09 1.581172404829203858e-07 2.757809949765052165e-09 7.073647813541160069e-06 2.454984745029896489e-07 2.336483109031991780e-05
6.020000000000000000e+04 8.303919133401304806e-06 2.138093956073938360e-06 1.378288260332055739e-06 1.723748390359175172e-08 4.533650878854298588e-08 4.826322610999439922e-09 6.556554402274273097e-06 1.405147917308493496e-07 2.332875880050916230e-05 8.303919133401304806e-06 2.138093956073938360e-06 1.378288260332055739e-06 1.723748390359175172e-08 4.533650878854298588e-08 4.826322610999439922e-09 6.556554402274273097e-06 1.405147917308493496e-07 2.332875880050916230e-05
6.090000000000000000e+04 7.411484656088695880e-05 2.710122667940271221e-06 1.386781842952522000e-06 4.202675536197792142e-06 1.612444383198673664e-07 1.633174001626145244e-07 5.685536435472435333e-06 4.428757925639825293e-07 2.365493397526692844e-05 7.411484656088695880e-05 2.710122667940271221e-06 1.386781842952522000e-06 4.202675536197792142e-06 1.612444383198673664e-07 1.633174001626145244e-07 5.685536435472435333e-06 4.428757925639825293e-07 2.365493397526692844e-05
6.160000000000000000e+04 4.498046910381475267e-05 2.428222314739903765e-06 1.341949391447254291e-06 2.570495978059380203e-06 1.218125964993629509e-07 8.501687115109467163e-08 5.522396334960327304e-06 3.670434417157688054e-07 2.344314430545478485e-05 4.498046910381475267e-05 2.428222314739903765e-06 1.341949391447254291e-06 2.570495978059380203e-06 1.218125964993629509e-07 8.501687115109467163e-08 5.522396334960327304e-06 3.670434417157688054e-07 2.344314430545478485e-05
6.230000000000000000e+04 5.550211471115697530e-06 1.887918175840973198e-06 1.281648612610535723e-06 1.195113034378596312e-07 5.470144289534701988e-09 1.452263916484326469e-09 5.848752168834104619e-06 1.394351357879276409e-07 2.322437001593647297e-05 5.550211471115697530e-06 1.887918175840973198e-06 1.281648612610535723e-06 1.195113034378596312e-07 5.470144289534701988e-09 1.452263916484326469e-09 5.848752168834104619e-06 1.394351357879276409e-07 2.322437001593647297e-05
6.300000000000000000e+04 5.506769266861092477e-06 1.974390510069294690e-06 1.256026173024579089e-06 1.059858891530327291e-07 4.252602993938368465e-08 1.249788497315295387e-09 5.693470792866655870e-06 1.348179922274350770e-07 2.320054709577450776e-05 5.506769266861092477e-06 1.974390510069294690e-06 1.256026173024579089e-06 1.059858891530327291e-07 4.252602993938368465e-08 1.249788497315295387e-09 5.693470792866655870e-06 1.348179922274350770e-07 2.320054709577450776e-05
6.370000000000000000e+04 6.579194922622446867e-06 1.772898889587697181e-06 1.214615111501771154e-06 4.679937958197017045e-09 4.821003648446125631e-09 5.721942520193309058e-09 5.744267282238696326e-06 1.108190142337552779e-07 2.316773709928728406e-05 6.579194922622446867e-06 1.772898889587697181e-06 1.214615111501771154e-06 4.679937958197017045e-09 4.821003648446125631e-09 5.721942520193309058e-09 5.744267282238696326e-06 1.108190142337552779e-07 2.316773709928728406e-05
6.440000000000000000e+04 5.041361860260016090e-06 2.162544741385008271e-06 1.202757463681083642e-06 1.585973581955436356e-06 2.166406575541175330e-07 1.610401405942820767e-09 5.331174786584061936e-06 1.577638821808744142e-07 2.313103577038312154e-05 5.041361860260016090e-06 2.162544741385008271e-06 1.202757463681083642e-06 1.585973581955436356e-06 2.166406575541175330e-07 1.610401405942820767e-09 5.331174786584061936e-06 1.577638821808744142e-07 2.313103577038312154e-05
6.510000000000000000e+04 6.313373646118357492e-06 1.813685716335710875e-06 1.164778034602846259e-06 3.860306765392453942e-08 3.516985251159120010e-08 9.510783286364411428e-10 5.470044535357220493e-06 1.370632512502415626e-07 2.309796282807825146e-05 6.313373646118357492e-06 1.813685716335710875e-06 1.164778034602846259e-06 3.860306765392453942e-08 3.516985251159120010e-08 9.510783286364411428e-10 5.470044535357220493e-06 1.370632512502415626e-07 2.309796282807825146e-05
6.580000000000000000e+04 3.105548894505593153e-05 2.237095846783723277e-06 1.157650823211880382e-06 1.407877098537906353e-07 1.508868305604096622e-07 5.115826265229986559e-08 6.235192409902952289e-06 3.065944510282227082e-07 2.315209710596226648e-05 3.105548894505593153e-05 2.237095846783723277e-06 1.157650823211880382e-06 1.407877098537906353e-07 1.508868305604096622e-07 5.115826265229986559e-08 6.235192409902952289e-06 3.065944510282227082e-07 2.315209710596226648e-05
6.650000000000000000e+04 1.218366132138857944e-05 1.903346027349808137e-06 1.137349940735297017e-06 5.749661757257598664e-07 2.363102579581182038e-07 3.696975244184980598e-09 4.837648251295777843e-06 3.413507777008551070e-07 2.304324796501739479e-05 1.218366132138857944e-05 1.903346027349808137e-06 1.137349940735297017e-06 5.749661757257598664e-07 2.363102579581182038e-07 3.696975244184980598e-09 4.837648251295777843e-06 3.413507777008551070e-07 2.304324796501739479e-05
6.720000000000000000e+04 5.049492869783403798e-06 1.613830960720344751e-06 1.090144560742671729e-06 8.654274982369096801e-08 1.970835298108091715e-08 1.210964752019978766e-09 4.965522635673477789e-06 1.162176969776881081e-07 2.302563521164427461e-05 5.049492869783403798e-06 1.613830960720344751e-06 1.090144560742671729e-06 8.654274982369096801e-08 1.970835298108091715e-08 1.210964752019978766e-09 4.965522635673477789e-06 1.162176969776881081e-07 2.302563521164427461e-05
6.790000000000000000e+04 1.171623892976282329e-05 1.631323687023447572e-06 1.066615821211160218e-06 1.095621082648523464e-08 3.316737305562346077e-08 1.704285774993796737e-08 5.273769685793145826e-06 1.403223958971657380e-07 2.302245866613478751e-05 1.171623892976282329e-05 1.631323687023447572e-06 1.066615821211160218e-06 1.095621082648523464e-08 3.316737305562346077e-08 1.704285774993796737e-08 5.273769685793145826e-06 1.403223958971657380e-07 2.302245866613478751e-05
6.860000000000000000e+04 5.965543082666269443e-06 1.504041156049775174e-06 1.048774211371683102e-06 2.011020798325183413e-07 7.168994795541209006e-09 2.063974364234557422e-09 4.611962665421769513e-06 1.396579289677685959e-07 2.297413081128266764e-05 5.965543082666269443e-06 1.504041156049775174e-06 1.048774211371683102e-06 2.011020798325183413e-07 7.168994795541209006e-09 2.063974364234557422e-09 4.611962665421769513e-06 1.396579289677685959e-07 2.297413081128266764e-05
6.930000000000000000e+04 1.023192357947531456e-05 1.518681763042567833e-06 1.030031639578093828e-06 4.592081222458899695e-07 2.226068095874984372e-08 1.714210088087447546e-08 4.397340361436825479e-06 1.742800069524565917e-07 2.299768288524780004e-05 1.023192357947531456e-05 1.518681763042567833e-06 1.030031639578093828e-06 4.592081222458899695e-07 2.226068095874984372e-08 1.714210088087447546e-08 4.397340361436825479e-06 1.742800069524565917e-07 2.299768288524780004e-05
7.000000000000000000e+04 5.501967392024066207e-06 1.465338871130521688e-06 1.015554263941883555e-06 1.941605127349517120e-07 2.094105742001022079e-08 2.039301588617067318e-10 4.434537560643144857e-06 1.585225900898049389e-07 2.292296392597713558e-05 5.501967392024066207e-06 1.465338871130521688e-06 1.015554263941883555e-06 1.941605127349517120e-07 2.094105742001022079e-08 2.039301588617067318e-10 4.434537560643144857e-06 1.585225900898049389e-07 2.292296392597713558e-05
