# step, loss_train, loss_test, metrics_test
0.000000000000000000e+00 5.110005621511934729e-03 5.754904113748788956e-03 7.635416681042244368e-05 4.549660488956009004e-03 4.080400000000000264e-12 2.937639999999999587e-11 1.512900000000000276e-10 1.260250000000000068e-09 1.022467945507618214e+00 1.627360107508467046e-01 8.384762254972056850e-01 1.800507681425992379e+00 5.110005621511934729e-03 5.754904113748788956e-03 7.635416681042244368e-05 4.549660488956009004e-03 4.080400000000000264e-12 2.937639999999999587e-11 1.512900000000000276e-10 1.260250000000000068e-09 1.022467945507618214e+00 1.627360107508467046e-01 8.384762254972056850e-01 1.800507681425992379e+00
3.500000000000000000e+02 2.400360805195382412e-03 1.068314679073977501e-02 1.936541755910911600e-02 5.008547126572732155e-02 5.470362403753024842e-07 2.860623621475170118e-05 2.975167494785718714e-04 2.612823792239231911e-03 2.013847591193118798e-03 8.508417845885959258e-03 1.170304884181864145e-02 1.590879893751861660e-02 2.400360805195382412e-03 1.068314679073977501e-02 1.936541755910911600e-02 5.008547126572732155e-02 5.470362403753024842e-07 2.860623621475170118e-05 2.975167494785718714e-04 2.612823792239231911e-03 2.013847591193118798e-03 8.508417845885959258e-03 1.170304884181864145e-02 1.590879893751861660e-02
7.000000000000000000e+02 1.836082179523341670e-03 8.787242049988345724e-03 1.913269172370084606e-02 5.381530549460736279e-02 3.277612427553219606e-08 1.869765358155322157e-05 2.623615282090080718e-04 2.636301222922575981e-03 1.431021245803686419e-03 6.972574469866238411e-03 9.639811516172696465e-03 1.556757488207699547e-02 1.836082179523341670e-03 8.787242049988345724e-03 1.913269172370084606e-02 5.381530549460736279e-02 3.277612427553219606e-08 1.869765358155322157e-05 2.623615282090080718e-04 2.636301222922575981e-03 1.431021245803686419e-03 6.972574469866238411e-03 9.639811516172696465e-03 1.556757488207699547e-02
1.050000000000000000e+03 1.630156975904067419e-03 8.636134316141822961e-03 1.903961667834128124e-02 5.505915098881823677e-02 2.763446971813927310e-07 1.223660158532075105e-05 2.719400622565426150e-04 2.655842213314904641e-03 1.279900497183692268e-03 6.074229465606254506e-03 9.036917453130580147e-03 1.524976583685004779e-02 1.630156975904067419e-03 8.636134316141822961e-03 1.903961667834128124e-02 5.505915098881823677e-02 2.763446971813927310e-07 1.223660158532075105e-05 2.719400622565426150e-04 2.655842213314904641e-03 1.279900497183692268e-03 6.074229465606254506e-03 9.036917453130580147e-03 1.524976583685004779e-02
1.400000000000000000e+03 1.525028103070210674e-03 8.235520031435723462e-03 1.877124483864079166e-02 5.596685840064198614e-02 1.206602427232651027e-07 1.020059353984375638e-05 2.631861734477143589e-04 2.656340602593153417e-03 1.139568761283387115e-03 5.775983155216633108e-03 8.941623219569176315e-03 1.528262221795825132e-02 1.525028103070210674e-03 8.235520031435723462e-03 1.877124483864079166e-02 5.596685840064198614e-02 1.206602427232651027e-07 1.020059353984375638e-05 2.631861734477143589e-04 2.656340602593153417e-03 1.139568761283387115e-03 5.775983155216633108e-03 8.941623219569176315e-03 1.528262221795825132e-02
1.750000000000000000e+03 1.518727813380112710e-03 8.139062721856630753e-03 1.851763430752405987e-02 5.639836432914732689e-02 7.149195300252597544e-08 9.944190229011166051e-06 2.586555793310706878e-04 2.653906077994408388e-03 1.041483305096628465e-03 5.674815382854560275e-03 8.873915906332591891e-03 1.532089456076634812e-02 1.518727813380112710e-03 8.139062721856630753e-03 1.851763430752405987e-02 5.639836432914732689e-02 7.149195300252597544e-08 9.944190229011166051e-06 2.586555793310706878e-04 2.653906077994408388e-03 1.041483305096628465e-03 5.674815382854560275e-03 8.873915906332591891e-03 1.532089456076634812e-02
2.100000000000000000e+03 1.588434219127742974e-03 7.864719485379921202e-03 1.867178782153943936e-02 5.646769393459464409e-02 6.071938323290701065e-08 1.342484545674261361e-05 2.495886358275453687e-04 2.670739557884120076e-03 1.042509362246992009e-03 5.683987364498150133e-03 8.742244687756731483e-03 1.533548275727608656e-02 1.588434219127742974e-03 7.864719485379921202e-03 1.867178782153943936e-02 5.646769393459464409e-02 6.071938323290701065e-08 1.342484545674261361e-05 2.495886358275453687e-04 2.670739557884120076e-03 1.042509362246992009e-03 5.683987364498150133e-03 8.742244687756731483e-03 1.533548275727608656e-02
2.450000000000000000e+03 1.505570271532222833e-03 7.864230141114930336e-03 1.828897759150429833e-02 5.702628452337157178e-02 4.249660074908716409e-08 9.309699904413361885e-06 2.500621517980198519e-04 2.655576794139500024e-03 9.481011346167084273e-04 5.488682790858519234e-03 8.796643428753102290e-03 1.529573409494880409e-02 1.505570271532222833e-03 7.864230141114930336e-03 1.828897759150429833e-02 5.702628452337157178e-02 4.249660074908716409e-08 9.309699904413361885e-06 2.500621517980198519e-04 2.655576794139500024e-03 9.481011346167084273e-04 5.488682790858519234e-03 8.796643428753102290e-03 1.529573409494880409e-02
2.800000000000000000e+03 1.519284681088600101e-03 7.887049955165943010e-03 1.821579056491467313e-02 5.706537204704384414e-02 4.422332741450076083e-08 9.062699811478508306e-06 2.498219388782286403e-04 2.668648619763183509e-03 9.411462460581943457e-04 5.376671131626660494e-03 8.808089718796313985e-03 1.526533197498554199e-02 1.519284681088600101e-03 7.887049955165943010e-03 1.821579056491467313e-02 5.706537204704384414e-02 4.422332741450076083e-08 9.062699811478508306e-06 2.498219388782286403e-04 2.668648619763183509e-03 9.411462460581943457e-04 5.376671131626660494e-03 8.808089718796313985e-03 1.526533197498554199e-02
3.150000000000000000e+03 1.494378140715076943e-03 7.722067234704885728e-03 1.818556698589639600e-02 5.735620495433758209e-02 4.718701025830468331e-08 9.522162275377266485e-06 2.417287641582746083e-04 2.671356782857118271e-03 9.116899691980589722e-04 5.316904077387857308e-03 8.798355700289327286e-03 1.521753238207236743e-02 1.494378140715076943e-03 7.722067234704885728e-03 1.818556698589639600e-02 5.735620495433758209e-02 4.718701025830468331e-08 9.522162275377266485e-06 2.417287641582746083e-04 2.671356782857118271e-03 9.116899691980589722e-04 5.316904077387857308e-03 8.798355700289327286e-03 1.521753238207236743e-02
3.500000000000000000e+03 1.497178653449934621e-03 7.730980708884767003e-03 1.811305431813612851e-02 5.740939454192214852e-02 5.152560155198659881e-08 9.657327004457292731e-06 2.406067857709369580e-04 2.672829449760722419e-03 9.109610620657913709e-04 5.297264651222981235e-03 8.797789736643878145e-03 1.522062137940380540e-02 1.497178653449934621e-03 7.730980708884767003e-03 1.811305431813612851e-02 5.740939454192214852e-02 5.152560155198659881e-08 9.657327004457292731e-06 2.406067857709369580e-04 2.672829449760722419e-03 9.109610620657913709e-04 5.297264651222981235e-03 8.797789736643878145e-03 1.522062137940380540e-02
3.850000000000000000e+03 1.513505341365318883e-03 7.651168711598128370e-03 1.817887405072416210e-02 5.740391825897828842e-02 6.095591050087033920e-08 1.033149387631322634e-05 2.372024936506217060e-04 2.672924235059758249e-03 9.199834945654605019e-04 5.296922124177368824e-03 8.780476836973739180e-03 1.522477984162322155e-02 1.513505341365318883e-03 7.651168711598128370e-03 1.817887405072416210e-02 5.740391825897828842e-02 6.095591050087033920e-08 1.033149387631322634e-05 2.372024936506217060e-04 2.672924235059758249e-03 9.199834945654605019e-04 5.296922124177368824e-03 8.780476836973739180e-03 1.522477984162322155e-02
4.200000000000000000e+03 1.501609653169689446e-03 7.688333317528829071e-03 1.809403298392195034e-02 5.745028206514188329e-02 5.173857147651374672e-08 9.792407977813586233e-06 2.387591559847352285e-04 2.673646240188220450e-03 9.182087605371186357e-04 5.272853270817688676e-03 8.791009910132777105e-03 1.523975341183963009e-02 1.501609653169689446e-03 7.688333317528829071e-03 1.809403298392195034e-02 5.745028206514188329e-02 5.173857147651374672e-08 9.792407977813586233e-06 2.387591559847352285e-04 2.673646240188220450e-03 9.182087605371186357e-04 5.272853270817688676e-03 8.791009910132777105e-03 1.523975341183963009e-02
4.550000000000000000e+03 1.579773191228571851e-03 7.413334295878415241e-03 1.880971956254432961e-02 5.730709985325939393e-02 5.144855652320470817e-06 1.209595378995168374e-05 2.129578353420406574e-04 2.663814557525932564e-03 1.047640107381921353e-03 5.282252427860152123e-03 8.574667586280317055e-03 1.526167202663512683e-02 1.579773191228571851e-03 7.413334295878415241e-03 1.880971956254432961e-02 5.730709985325939393e-02 5.144855652320470817e-06 1.209595378995168374e-05 2.129578353420406574e-04 2.663814557525932564e-03 1.047640107381921353e-03 5.282252427860152123e-03 8.574667586280317055e-03 1.526167202663512683e-02
4.900000000000000000e+03 1.480051366822016145e-03 7.613995642069043036e-03 1.811095955012799810e-02 5.774383374426438759e-02 1.053422430020199214e-07 8.500836419012813139e-06 2.313283784677682927e-04 2.649080780284392058e-03 9.371153262860827627e-04 5.227841944961461942e-03 8.747866061326287773e-03 1.513202121360155208e-02 1.480051366822016145e-03 7.613995642069043036e-03 1.811095955012799810e-02 5.774383374426438759e-02 1.053422430020199214e-07 8.500836419012813139e-06 2.313283784677682927e-04 2.649080780284392058e-03 9.371153262860827627e-04 5.227841944961461942e-03 8.747866061326287773e-03 1.513202121360155208e-02
5.250000000000000000e+03 1.570390790607031298e-03 7.594602022897384286e-03 1.737096143124260139e-02 5.751335756119182324e-02 5.015014580918134802e-06 1.207987551941554588e-05 2.761157673307271243e-04 2.723595312307703666e-03 1.044497088181785358e-03 5.314678406438328069e-03 9.165923469180397090e-03 1.553111757658169091e-02 1.570390790607031298e-03 7.594602022897384286e-03 1.737096143124260139e-02 5.751335756119182324e-02 5.015014580918134802e-06 1.207987551941554588e-05 2.761157673307271243e-04 2.723595312307703666e-03 1.044497088181785358e-03 5.314678406438328069e-03 9.165923469180397090e-03 1.553111757658169091e-02
5.600000000000000000e+03 1.486155153853046043e-03 7.586092654954722410e-03 1.801250719576360723e-02 5.765106745855586023e-02 1.223009390574924223e-08 9.180678176564622492e-06 2.360196914079241775e-04 2.668707191104007816e-03 9.074408919041613382e-04 5.232381591550030672e-03 8.791237410429243032e-03 1.527338747659179319e-02 1.486155153853046043e-03 7.586092654954722410e-03 1.801250719576360723e-02 5.765106745855586023e-02 1.223009390574924223e-08 9.180678176564622492e-06 2.360196914079241775e-04 2.668707191104007816e-03 9.074408919041613382e-04 5.232381591550030672e-03 8.791237410429243032e-03 1.527338747659179319e-02
5.950000000000000000e+03 1.425715552916488344e-03 8.711777572528771330e-03 1.655255967357171024e-02 5.948208912809658383e-02 5.231520568064009915e-08 7.000728064666608471e-07 2.662253318912591381e-04 2.498450972603116250e-03 8.995685786984432275e-04 5.043058017529253659e-03 9.204409770231578372e-03 1.456456316487303275e-02 1.425715552916488344e-03 8.711777572528771330e-03 1.655255967357171024e-02 5.948208912809658383e-02 5.231520568064009915e-08 7.000728064666608471e-07 2.662253318912591381e-04 2.498450972603116250e-03 8.995685786984432275e-04 5.043058017529253659e-03 9.204409770231578372e-03 1.456456316487303275e-02
6.300000000000000000e+03 1.525088844314751542e-03 7.283268624503655246e-03 1.972715483451145668e-02 5.632970709513068774e-02 1.476979323684516177e-08 1.238914223254973411e-05 1.820209197404346329e-04 2.724589088108502182e-03 8.950176832015582741e-04 5.272224531950225022e-03 8.399282047336750073e-03 1.582839026647830244e-02 1.525088844314751542e-03 7.283268624503655246e-03 1.972715483451145668e-02 5.632970709513068774e-02 1.476979323684516177e-08 1.238914223254973411e-05 1.820209197404346329e-04 2.724589088108502182e-03 8.950176832015582741e-04 5.272224531950225022e-03 8.399282047336750073e-03 1.582839026647830244e-02
6.650000000000000000e+03 1.464931662118492675e-03 7.709871958792289572e-03 1.953130864200203556e-02 5.452572996328984567e-02 3.116912947054712319e-07 6.168821291084793467e-06 2.111048505943903769e-04 2.975357114157533341e-03 9.142648718922016934e-04 5.136922263752375338e-03 8.611902219757468571e-03 1.750948487932911177e-02 1.464931662118492675e-03 7.709871958792289572e-03 1.953130864200203556e-02 5.452572996328984567e-02 3.116912947054712319e-07 6.168821291084793467e-06 2.111048505943903769e-04 2.975357114157533341e-03 9.142648718922016934e-04 5.136922263752375338e-03 8.611902219757468571e-03 1.750948487932911177e-02
7.000000000000000000e+03 1.495628933800417998e-03 7.499712600993636326e-03 1.831391906555815755e-02 5.709000039299911428e-02 1.696638482049994575e-08 1.086769351272039847e-05 2.300630129324007247e-04 2.730092088928551524e-03 9.080193852134404997e-04 5.238401138672482520e-03 8.764476815838733587e-03 1.558916337366915601e-02 1.495628933800417998e-03 7.499712600993636326e-03 1.831391906555815755e-02 5.709000039299911428e-02 1.696638482049994575e-08 1.086769351272039847e-05 2.300630129324007247e-04 2.730092088928551524e-03 9.080193852134404997e-04 5.238401138672482520e-03 8.764476815838733587e-03 1.558916337366915601e-02
7.350000000000000000e+03 1.495126174832402078e-03 7.447014067451542679e-03 1.820622143061989898e-02 5.788027518522766840e-02 4.834323060783689662e-08 1.074491931343256818e-05 2.265747202433998359e-04 2.635784667668223183e-03 8.973913398511343094e-04 5.247400746261616893e-03 8.684226661502295400e-03 1.512435774703004866e-02 1.495126174832402078e-03 7.447014067451542679e-03 1.820622143061989898e-02 5.788027518522766840e-02 4.834323060783689662e-08 1.074491931343256818e-05 2.265747202433998359e-04 2.635784667668223183e-03 8.973913398511343094e-04 5.247400746261616893e-03 8.684226661502295400e-03 1.512435774703004866e-02
7.700000000000000000e+03 1.490156798968881582e-03 7.608322686235688762e-03 1.768749089050367096e-02 5.785528674114890496e-02 2.671141105592467214e-07 8.792225280045467544e-06 2.560546776500784378e-04 2.693757970708354158e-03 8.998141315511515650e-04 5.213041206165971303e-03 8.905805599480854859e-03 1.522967922100252822e-02 1.490156798968881582e-03 7.608322686235688762e-03 1.768749089050367096e-02 5.785528674114890496e-02 2.671141105592467214e-07 8.792225280045467544e-06 2.560546776500784378e-04 2.693757970708354158e-03 8.998141315511515650e-04 5.213041206165971303e-03 8.905805599480854859e-03 1.522967922100252822e-02
8.050000000000000000e+03 1.477581392569930503e-03 7.594046593434905512e-03 1.802298460023321960e-02 5.763876534715058758e-02 1.400821247586468449e-09 7.466640577961957456e-06 2.296885431177589376e-04 2.659811454204143687e-03 8.997828111232461642e-04 5.190364248724663523e-03 8.779993823365677547e-03 1.533938766619927577e-02 1.477581392569930503e-03 7.594046593434905512e-03 1.802298460023321960e-02 5.763876534715058758e-02 1.400821247586468449e-09 7.466640577961957456e-06 2.296885431177589376e-04 2.659811454204143687e-03 8.997828111232461642e-04 5.190364248724663523e-03 8.779993823365677547e-03 1.533938766619927577e-02
8.400000000000000000e+03 1.431144175520715012e-03 7.929196893357541923e-03 1.755694746405428094e-02 5.553976827979831277e-02 8.908753824652705316e-06 5.866225770876050538e-06 3.108680254949353246e-04 3.090012952556963049e-03 1.528067964776686632e-03 5.153395583118515998e-03 9.280534788222176770e-03 1.706799295759575327e-02 1.431144175520715012e-03 7.929196893357541923e-03 1.755694746405428094e-02 5.553976827979831277e-02 8.908753824652705316e-06 5.866225770876050538e-06 3.108680254949353246e-04 3.090012952556963049e-03 1.528067964776686632e-03 5.153395583118515998e-03 9.280534788222176770e-03 1.706799295759575327e-02
8.750000000000000000e+03 1.477272571790953521e-03 7.683181827937930752e-03 1.805626263335789392e-02 5.768899892147073133e-02 3.002583222431668698e-09 5.356752381294122935e-06 2.098086958057117889e-04 2.604983709343338359e-03 8.940203225039937071e-04 5.132383851598913693e-03 8.750827230564443490e-03 1.534511301453836407e-02 1.477272571790953521e-03 7.683181827937930752e-03 1.805626263335789392e-02 5.768899892147073133e-02 3.002583222431668698e-09 5.356752381294122935e-06 2.098086958057117889e-04 2.604983709343338359e-03 8.940203225039937071e-04 5.132383851598913693e-03 8.750827230564443490e-03 1.534511301453836407e-02
9.100000000000000000e+03 1.488295865759580502e-03 7.675331514130923245e-03 1.752394068197546395e-02 5.807267988069145931e-02 1.963179427421385835e-07 6.387865292600045081e-06 2.585649906657945421e-04 2.705259659921884722e-03 8.814846252684031130e-04 5.178991411661627506e-03 8.924310502327531536e-03 1.514203415250342348e-02 1.488295865759580502e-03 7.675331514130923245e-03 1.752394068197546395e-02 5.807267988069145931e-02 1.963179427421385835e-07 6.387865292600045081e-06 2.585649906657945421e-04 2.705259659921884722e-03 8.814846252684031130e-04 5.178991411661627506e-03 8.924310502327531536e-03 1.514203415250342348e-02
9.450000000000000000e+03 1.481120771646591292e-03 7.841588768245920035e-03 1.773520621155453766e-02 5.767254754153183782e-02 1.280853543732638738e-07 2.952596630463833191e-07 2.114647372702155206e-04 2.587036098756415829e-03 8.936315459926488618e-04 5.090554453533020773e-03 8.892231517734400931e-03 1.546232790908981351e-02 1.481120771646591292e-03 7.841588768245920035e-03 1.773520621155453766e-02 5.767254754153183782e-02 1.280853543732638738e-07 2.952596630463833191e-07 2.114647372702155206e-04 2.587036098756415829e-03 8.936315459926488618e-04 5.090554453533020773e-03 8.892231517734400931e-03 1.546232790908981351e-02
9.800000000000000000e+03 1.468731340142145599e-03 7.723275414847832233e-03 1.782888260923560370e-02 5.729501950376228447e-02 3.444750021418174904e-09 4.326039502786222014e-06 2.362254932435421293e-04 2.709724469958676302e-03 8.996140415950606983e-04 5.141378191530245924e-03 8.897107262743057798e-03 1.564799540394089597e-02 1.468731340142145599e-03 7.723275414847832233e-03 1.782888260923560370e-02 5.729501950376228447e-02 3.444750021418174904e-09 4.326039502786222014e-06 2.362254932435421293e-04 2.709724469958676302e-03 8.996140415950606983e-04 5.141378191530245924e-03 8.897107262743057798e-03 1.564799540394089597e-02
1.015000000000000000e+04 1.490862904754040050e-03 7.530073589745329803e-03 1.774758811522537255e-02 5.789570400388750759e-02 1.442890039557969144e-07 9.285107985548014120e-06 2.461058897162744937e-04 2.686584095323913367e-03 8.930256655067174247e-04 5.215155437853760158e-03 8.859521600942046535e-03 1.524060402533645997e-02 1.490862904754040050e-03 7.530073589745329803e-03 1.774758811522537255e-02 5.789570400388750759e-02 1.442890039557969144e-07 9.285107985548014120e-06 2.461058897162744937e-04 2.686584095323913367e-03 8.930256655067174247e-04 5.215155437853760158e-03 8.859521600942046535e-03 1.524060402533645997e-02
1.050000000000000000e+04 1.448688048619798351e-03 7.663232821687772367e-03 1.839345164849087028e-02 5.739643106237997394e-02 1.221070867351971978e-06 5.602824081685709130e-06 1.996899675572843657e-04 2.605870702671707426e-03 1.016295377818895920e-03 5.120070673287801383e-03 8.649474657036243866e-03 1.545815649217190807e-02 1.448688048619798351e-03 7.663232821687772367e-03 1.839345164849087028e-02 5.739643106237997394e-02 1.221070867351971978e-06 5.602824081685709130e-06 1.996899675572843657e-04 2.605870702671707426e-03 1.016295377818895920e-03 5.120070673287801383e-03 8.649474657036243866e-03 1.545815649217190807e-02
1.085000000000000000e+04 1.468011739356845898e-03 7.659135681988866497e-03 1.785970237182122819e-02 5.899925370401212787e-02 2.884144126074346333e-07 5.090908384961485480e-06 1.652081661500715058e-04 2.358001334086012087e-03 9.169847711027444021e-04 5.114303307525222900e-03 8.665863632433530236e-03 1.471317934783726578e-02 1.468011739356845898e-03 7.659135681988866497e-03 1.785970237182122819e-02 5.899925370401212787e-02 2.884144126074346333e-07 5.090908384961485480e-06 1.652081661500715058e-04 2.358001334086012087e-03 9.169847711027444021e-04 5.114303307525222900e-03 8.665863632433530236e-03 1.471317934783726578e-02
1.120000000000000000e+04 1.488292053612071380e-03 7.587195493740055488e-03 1.729478525655585297e-02 5.877459102338156161e-02 2.156929259088221979e-08 2.293459381280803870e-05 2.148576469706811229e-04 2.549953962269279652e-03 8.938896284704654811e-04 5.231397328070826191e-03 8.940613803304183621e-03 1.486050027001843341e-02 1.488292053612071380e-03 7.587195493740055488e-03 1.729478525655585297e-02 5.877459102338156161e-02 2.156929259088221979e-08 2.293459381280803870e-05 2.148576469706811229e-04 2.549953962269279652e-03 8.938896284704654811e-04 5.231397328070826191e-03 8.940613803304183621e-03 1.486050027001843341e-02
1.155000000000000000e+04 1.500861261757525196e-03 7.470402322729444849e-03 1.777250706807680797e-02 5.848919955219541306e-02 1.701938904269372458e-11 8.873148590611950053e-06 1.915428741268201929e-04 2.455259122760500984e-03 8.846492695465941851e-04 5.241369411629235101e-03 8.796348630715320957e-03 1.500324659419896567e-02 1.500861261757525196e-03 7.470402322729444849e-03 1.777250706807680797e-02 5.848919955219541306e-02 1.701938904269372458e-11 8.873148590611950053e-06 1.915428741268201929e-04 2.455259122760500984e-03 8.846492695465941851e-04 5.241369411629235101e-03 8.796348630715320957e-03 1.500324659419896567e-02
1.190000000000000000e+04 1.493073129384169320e-03 7.436694031530712706e-03 1.833781051680268351e-02 5.721278137773885830e-02 9.140494918280175222e-10 1.494873884634070440e-06 2.643732982902423172e-04 2.803560263173585001e-03 8.950998956733617617e-04 5.205210178177390422e-03 8.694161408702900246e-03 1.545283323625174648e-02 1.493073129384169320e-03 7.436694031530712706e-03 1.833781051680268351e-02 5.721278137773885830e-02 9.140494918280175222e-10 1.494873884634070440e-06 2.643732982902423172e-04 2.803560263173585001e-03 8.950998956733617617e-04 5.205210178177390422e-03 8.694161408702900246e-03 1.545283323625174648e-02
1.225000000000000000e+04 1.516165689120580569e-03 7.314884115779225413e-03 1.820221476840098301e-02 5.736464251376768853e-02 8.116199566282148333e-08 7.985654491666147183e-06 2.803880125028123836e-04 2.813824518733025210e-03 8.848423934751064972e-04 5.273345761784394709e-03 8.727799879177563711e-03 1.540519363878916151e-02 1.516165689120580569e-03 7.314884115779225413e-03 1.820221476840098301e-02 5.736464251376768853e-02 8.116199566282148333e-08 7.985654491666147183e-06 2.803880125028123836e-04 2.813824518733025210e-03 8.848423934751064972e-04 5.273345761784394709e-03 8.727799879177563711e-03 1.540519363878916151e-02
1.260000000000000000e+04 1.514717959683932859e-03 7.458167731625216061e-03 1.850382934038743987e-02 5.750152027873095539e-02 1.063983591730141255e-08 3.478662784524180870e-07 1.811676971067712426e-04 2.435410515365072064e-03 8.826020795504203051e-04 5.172554894917853578e-03 8.680046874218560679e-03 1.547635423553960117e-02 1.514717959683932859e-03 7.458167731625216061e-03 1.850382934038743987e-02 5.750152027873095539e-02 1.063983591730141255e-08 3.478662784524180870e-07 1.811676971067712426e-04 2.435410515365072064e-03 8.826020795504203051e-04 5.172554894917853578e-03 8.680046874218560679e-03 1.547635423553960117e-02
1.295000000000000000e+04 1.527034972035637992e-03 7.061204256355819130e-03 1.863024736912163512e-02 5.759824924169153898e-02 3.878765178551359502e-07 3.616912855243722833e-05 2.342613687728623570e-04 2.637515076746410007e-03 8.827080267920520357e-04 5.412238281773214775e-03 8.589187301879921965e-03 1.526684096367498383e-02 1.527034972035637992e-03 7.061204256355819130e-03 1.863024736912163512e-02 5.759824924169153898e-02 3.878765178551359502e-07 3.616912855243722833e-05 2.342613687728623570e-04 2.637515076746410007e-03 8.827080267920520357e-04 5.412238281773214775e-03 8.589187301879921965e-03 1.526684096367498383e-02
1.330000000000000000e+04 1.448312102794611141e-03 8.000286748995871083e-03 1.756624751329569079e-02 5.834648705221764931e-02 5.471272286207141143e-06 8.765461617417679753e-06 1.627192729671801349e-04 2.430766300030375547e-03 1.144323311162332704e-03 5.076083531745885502e-03 8.830777059392060438e-03 1.513403700651019985e-02 1.448312102794611141e-03 8.000286748995871083e-03 1.756624751329569079e-02 5.834648705221764931e-02 5.471272286207141143e-06 8.765461617417679753e-06 1.627192729671801349e-04 2.430766300030375547e-03 1.144323311162332704e-03 5.076083531745885502e-03 8.830777059392060438e-03 1.513403700651019985e-02
1.365000000000000000e+04 1.507561311554694514e-03 7.658583361273682034e-03 1.764739908058136214e-02 5.828286747543698354e-02 6.620401465657971948e-08 2.494037251850183795e-06 2.182617129258102137e-04 2.610716975780985865e-03 8.665419098960577739e-04 5.123790639092775691e-03 8.825368573536603728e-03 1.503316220364678268e-02 1.507561311554694514e-03 7.658583361273682034e-03 1.764739908058136214e-02 5.828286747543698354e-02 6.620401465657971948e-08 2.494037251850183795e-06 2.182617129258102137e-04 2.610716975780985865e-03 8.665419098960577739e-04 5.123790639092775691e-03 8.825368573536603728e-03 1.503316220364678268e-02
1.400000000000000000e+04 1.502960578911996482e-03 7.158680021619714430e-03 1.869540198763251088e-02 5.710291291043978479e-02 3.000842884408025779e-07 2.567065939112529258e-05 2.147252145902735308e-04 2.609330248396454863e-03 9.993132577003161019e-04 5.348292913748683639e-03 8.646265438380498769e-03 1.563729170969003004e-02 1.502960578911996482e-03 7.158680021619714430e-03 1.869540198763251088e-02 5.710291291043978479e-02 3.000842884408025779e-07 2.567065939112529258e-05 2.147252145902735308e-04 2.609330248396454863e-03 9.993132577003161019e-04 5.348292913748683639e-03 8.646265438380498769e-03 1.563729170969003004e-02
1.435000000000000000e+04 1.498264749588123579e-03 7.619002005067185973e-03 1.771365490713248600e-02 5.795286380777011498e-02 2.665584162559566780e-08 4.503777265270796815e-08 2.174025465368136390e-04 2.564694219641494837e-03 8.845288729864906989e-04 5.145804071990076577e-03 8.878107248682199498e-03 1.529670865834223750e-02 1.498264749588123579e-03 7.619002005067185973e-03 1.771365490713248600e-02 5.795286380777011498e-02 2.665584162559566780e-08 4.503777265270796815e-08 2.174025465368136390e-04 2.564694219641494837e-03 8.845288729864906989e-04 5.145804071990076577e-03 8.878107248682199498e-03 1.529670865834223750e-02
1.470000000000000000e+04 1.512741779329200304e-03 7.454052012032850484e-03 1.803342922292274636e-02 5.764336240546894669e-02 5.415927420451168807e-08 8.721772392733402512e-06 2.405149184522643781e-04 2.684882178448792615e-03 8.680211726725768281e-04 5.203459139633043531e-03 8.762208629649664501e-03 1.533849788882648765e-02 1.512741779329200304e-03 7.454052012032850484e-03 1.803342922292274636e-02 5.764336240546894669e-02 5.415927420451168807e-08 8.721772392733402512e-06 2.405149184522643781e-04 2.684882178448792615e-03 8.680211726725768281e-04 5.203459139633043531e-03 8.762208629649664501e-03 1.533849788882648765e-02
1.505000000000000000e+04 1.594081271085525135e-03 7.178940689497060115e-03 1.965982575891855530e-02 5.567023484541584744e-02 5.203594114430709337e-07 1.084994466197350660e-06 1.831127081049046862e-04 2.576690999842216369e-03 8.699043241152779223e-04 5.286929931425495867e-03 8.559152668704267733e-03 1.663942005986429259e-02 1.594081271085525135e-03 7.178940689497060115e-03 1.965982575891855530e-02 5.567023484541584744e-02 5.203594114430709337e-07 1.084994466197350660e-06 1.831127081049046862e-04 2.576690999842216369e-03 8.699043241152779223e-04 5.286929931425495867e-03 8.559152668704267733e-03 1.663942005986429259e-02
1.540000000000000000e+04 1.534652180233157456e-03 7.387966745192632578e-03 1.706882760904076743e-02 5.879557959611880769e-02 1.149028684009528833e-07 1.451999584020546695e-06 2.562006024879221757e-04 2.518133526396594372e-03 8.777734410060032948e-04 5.348391566199888272e-03 9.155736916343769349e-03 1.494819161594940389e-02 1.534652180233157456e-03 7.387966745192632578e-03 1.706882760904076743e-02 5.879557959611880769e-02 1.149028684009528833e-07 1.451999584020546695e-06 2.562006024879221757e-04 2.518133526396594372e-03 8.777734410060032948e-04 5.348391566199888272e-03 9.155736916343769349e-03 1.494819161594940389e-02
1.575000000000000000e+04 1.714455465295365534e-03 7.616174743518213004e-03 1.797011751228452456e-02 6.112997439306731839e-02 1.804471827483991629e-07 3.202787902728266660e-06 8.321808987807254271e-05 1.768782695724765769e-03 9.614561462844465429e-04 5.231379826314663806e-03 8.607829323974492200e-03 1.390644571408382324e-02 1.714455465295365534e-03 7.616174743518213004e-03 1.797011751228452456e-02 6.112997439306731839e-02 1.804471827483991629e-07 3.202787902728266660e-06 8.321808987807254271e-05 1.768782695724765769e-03 9.614561462844465429e-04 5.231379826314663806e-03 8.607829323974492200e-03 1.390644571408382324e-02
1.610000000000000000e+04 1.493178486285313619e-03 8.371882086893768851e-03 1.598849753850201810e-02 5.937402109567754827e-02 2.319972819118601849e-11 3.092413313795873999e-06 2.670367710547440969e-04 2.689449045589690016e-03 8.476211234090178220e-04 5.100869984953400153e-03 9.473303374641946564e-03 1.477909874018713300e-02 1.493178486285313619e-03 8.371882086893768851e-03 1.598849753850201810e-02 5.937402109567754827e-02 2.319972819118601849e-11 3.092413313795873999e-06 2.670367710547440969e-04 2.689449045589690016e-03 8.476211234090178220e-04 5.100869984953400153e-03 9.473303374641946564e-03 1.477909874018713300e-02
1.645000000000000000e+04 1.506760860900182956e-03 7.487117620720723683e-03 1.779457849932120084e-02 5.784142223479460387e-02 8.837395495705402996e-08 1.736506317108001783e-05 2.569528806191306923e-04 2.730205824371984610e-03 8.728976829863152641e-04 5.202640384330495943e-03 8.802100150038572046e-03 1.523830086375652614e-02 1.506760860900182956e-03 7.487117620720723683e-03 1.779457849932120084e-02 5.784142223479460387e-02 8.837395495705402996e-08 1.736506317108001783e-05 2.569528806191306923e-04 2.730205824371984610e-03 8.728976829863152641e-04 5.202640384330495943e-03 8.802100150038572046e-03 1.523830086375652614e-02
1.680000000000000000e+04 1.510948994193415116e-03 7.383321725872018723e-03 1.851322042243329358e-02 5.739970176876423719e-02 2.548596873662271586e-08 8.237063553052485245e-06 1.979244420395223744e-04 2.573263040031713734e-03 8.785394736080623943e-04 5.197367376294234967e-03 8.635162466939074258e-03 1.548795879993738328e-02 1.510948994193415116e-03 7.383321725872018723e-03 1.851322042243329358e-02 5.739970176876423719e-02 2.548596873662271586e-08 8.237063553052485245e-06 1.979244420395223744e-04 2.573263040031713734e-03 8.785394736080623943e-04 5.197367376294234967e-03 8.635162466939074258e-03 1.548795879993738328e-02
1.715000000000000000e+04 1.512986044996006071e-03 7.359928505458881304e-03 1.811659608059078969e-02 5.761806409696994952e-02 1.826654905215975872e-08 1.253902085653122348e-05 2.440158897335002416e-04 2.686184834271175895e-03 8.755003544243675434e-04 5.237631830813085400e-03 8.748126074805588973e-03 1.534615668501543122e-02 1.512986044996006071e-03 7.359928505458881304e-03 1.811659608059078969e-02 5.761806409696994952e-02 1.826654905215975872e-08 1.253902085653122348e-05 2.440158897335002416e-04 2.686184834271175895e-03 8.755003544243675434e-04 5.237631830813085400e-03 8.748126074805588973e-03 1.534615668501543122e-02
1.750000000000000000e+04 1.507400607232637973e-03 7.698516617432047196e-03 1.761810340044460063e-02 5.834255799061614095e-02 2.255220237739056582e-07 9.432432191503058888e-06 2.218896874804661531e-04 2.617029735710035311e-03 8.556326784153042361e-04 5.122907314301082017e-03 8.800024862930765079e-03 1.499650800659406251e-02 1.507400607232637973e-03 7.698516617432047196e-03 1.761810340044460063e-02 5.834255799061614095e-02 2.255220237739056582e-07 9.432432191503058888e-06 2.218896874804661531e-04 2.617029735710035311e-03 8.556326784153042361e-04 5.122907314301082017e-03 8.800024862930765079e-03 1.499650800659406251e-02
1.785000000000000000e+04 1.508131738343368011e-03 7.559805996748282172e-03 1.785963041379256752e-02 5.812764065622844784e-02 7.952910385385027874e-08 1.482031706960804873e-05 2.169714659874109235e-04 2.611522047887098602e-03 8.592681056425158399e-04 5.163706681382717288e-03 8.747519507843533326e-03 1.508842933459084330e-02 1.508131738343368011e-03 7.559805996748282172e-03 1.785963041379256752e-02 5.812764065622844784e-02 7.952910385385027874e-08 1.482031706960804873e-05 2.169714659874109235e-04 2.611522047887098602e-03 8.592681056425158399e-04 5.163706681382717288e-03 8.747519507843533326e-03 1.508842933459084330e-02
1.820000000000000000e+04 1.529428667968832584e-03 7.394115597226694030e-03 1.786354706604026052e-02 5.833453339262634207e-02 1.457069043402685286e-09 1.521220022919938277e-06 2.043661558535038642e-04 2.456132370556122872e-03 8.661971713903294200e-04 5.233879621729811173e-03 8.813625474454162001e-03 1.509117754834218839e-02 1.529428667968832584e-03 7.394115597226694030e-03 1.786354706604026052e-02 5.833453339262634207e-02 1.457069043402685286e-09 1.521220022919938277e-06 2.043661558535038642e-04 2.456132370556122872e-03 8.661971713903294200e-04 5.233879621729811173e-03 8.813625474454162001e-03 1.509117754834218839e-02
1.855000000000000000e+04 1.504129835710951713e-03 7.460856944978849596e-03 1.802277727016801320e-02 5.786229504941440421e-02 5.064585483845046744e-08 8.126917511815055502e-06 2.321584156809609748e-04 2.673576315626192274e-03 8.670359250580630776e-04 5.191192524640287666e-03 8.722777051211810101e-03 1.520484325510261352e-02 1.504129835710951713e-03 7.460856944978849596e-03 1.802277727016801320e-02 5.786229504941440421e-02 5.064585483845046744e-08 8.126917511815055502e-06 2.321584156809609748e-04 2.673576315626192274e-03 8.670359250580630776e-04 5.191192524640287666e-03 8.722777051211810101e-03 1.520484325510261352e-02
1.890000000000000000e+04 1.448710251723442409e-03 8.032071726771327150e-03 1.667597727405878069e-02 5.908209507981038167e-02 1.602644387242414571e-06 6.447876770426127810e-06 1.959004278087516043e-04 2.495998997166916887e-03 1.055954058545760478e-03 5.079514083193843559e-03 9.185992548708351788e-03 1.490532181873328692e-02 1.448710251723442409e-03 8.032071726771327150e-03 1.667597727405878069e-02 5.908209507981038167e-02 1.602644387242414571e-06 6.447876770426127810e-06 1.959004278087516043e-04 2.495998997166916887e-03 1.055954058545760478e-03 5.079514083193843559e-03 9.185992548708351788e-03 1.490532181873328692e-02
1.925000000000000000e+04 1.541558159077342175e-03 7.373912723275481869e-03 1.796996980552585318e-02 5.767622550340098520e-02 3.173969200813439298e-07 4.192821498186482523e-06 2.674475797946893941e-04 2.736136728005982444e-03 8.652478716428676705e-04 5.230358674047828893e-03 8.795445404887570345e-03 1.530694935946084849e-02 1.541558159077342175e-03 7.373912723275481869e-03 1.796996980552585318e-02 5.767622550340098520e-02 3.173969200813439298e-07 4.192821498186482523e-06 2.674475797946893941e-04 2.736136728005982444e-03 8.652478716428676705e-04 5.230358674047828893e-03 8.795445404887570345e-03 1.530694935946084849e-02
1.960000000000000000e+04 1.532886879319135314e-03 7.341440781639323870e-03 1.806693362433156244e-02 5.765790536337347255e-02 4.352139554243133108e-07 1.210485531190965931e-05 2.504758603506820848e-04 2.701215909259328720e-03 8.597811159269825318e-04 5.252575631689910228e-03 8.757668567840980536e-03 1.532707938554205701e-02 1.532886879319135314e-03 7.341440781639323870e-03 1.806693362433156244e-02 5.765790536337347255e-02 4.352139554243133108e-07 1.210485531190965931e-05 2.504758603506820848e-04 2.701215909259328720e-03 8.597811159269825318e-04 5.252575631689910228e-03 8.757668567840980536e-03 1.532707938554205701e-02
1.995000000000000000e+04 1.515375847729188508e-03 7.309013059779276636e-03 1.843994943740961262e-02 5.700611671542853837e-02 4.725660127796441591e-08 1.221012989200013193e-05 2.503503860767921588e-04 2.749471793984011644e-03 8.751865836834010022e-04 5.251487376531040717e-03 8.711840150681070261e-03 1.567713311662903911e-02 1.515375847729188508e-03 7.309013059779276636e-03 1.843994943740961262e-02 5.700611671542853837e-02 4.725660127796441591e-08 1.221012989200013193e-05 2.503503860767921588e-04 2.749471793984011644e-03 8.751865836834010022e-04 5.251487376531040717e-03 8.711840150681070261e-03 1.567713311662903911e-02
2.030000000000000000e+04 1.520838075299313060e-03 7.618906611165567749e-03 1.765075923211282399e-02 5.812711029858741441e-02 3.264839360883268288e-06 4.960768211594826339e-06 2.264757382856384237e-04 2.549754831245775333e-03 8.482746804511721774e-04 5.147603630381394381e-03 8.878615080287055941e-03 1.518705699968433444e-02 1.520838075299313060e-03 7.618906611165567749e-03 1.765075923211282399e-02 5.812711029858741441e-02 3.264839360883268288e-06 4.960768211594826339e-06 2.264757382856384237e-04 2.549754831245775333e-03 8.482746804511721774e-04 5.147603630381394381e-03 8.878615080287055941e-03 1.518705699968433444e-02
2.065000000000000000e+04 1.521052863177019829e-03 7.364892949853354444e-03 1.812513112128696230e-02 5.772057049804240475e-02 5.578397659464932687e-08 8.323886493121951638e-06 2.401002432863933724e-04 2.664529572326665777e-03 8.635894749951782828e-04 5.223689173338470423e-03 8.732830474530904608e-03 1.528759598487885313e-02 1.521052863177019829e-03 7.364892949853354444e-03 1.812513112128696230e-02 5.772057049804240475e-02 5.578397659464932687e-08 8.323886493121951638e-06 2.401002432863933724e-04 2.664529572326665777e-03 8.635894749951782828e-04 5.223689173338470423e-03 8.732830474530904608e-03 1.528759598487885313e-02
2.100000000000000000e+04 1.505315460460508173e-03 7.492044508752380289e-03 1.794758547041400143e-02 5.775265984614763592e-02 4.196107669157954353e-08 9.032303066136269614e-06 2.366563789632934094e-04 2.666146370414094677e-03 8.719400107836234280e-04 5.191031340093196257e-03 8.800471321598630353e-03 1.527275827733704482e-02 1.505315460460508173e-03 7.492044508752380289e-03 1.794758547041400143e-02 5.775265984614763592e-02 4.196107669157954353e-08 9.032303066136269614e-06 2.366563789632934094e-04 2.666146370414094677e-03 8.719400107836234280e-04 5.191031340093196257e-03 8.800471321598630353e-03 1.527275827733704482e-02
2.135000000000000000e+04 1.509342830694057266e-03 7.473762830202694898e-03 1.791564821017481435e-02 5.780234571851670250e-02 4.196235540923256609e-08 8.957919303884579018e-06 2.359732226485372739e-04 2.665284755573502605e-03 8.654445449182072807e-04 5.184083612508000836e-03 8.795388235688648623e-03 1.528713736388319193e-02 1.509342830694057266e-03 7.473762830202694898e-03 1.791564821017481435e-02 5.780234571851670250e-02 4.196235540923256609e-08 8.957919303884579018e-06 2.359732226485372739e-04 2.665284755573502605e-03 8.654445449182072807e-04 5.184083612508000836e-03 8.795388235688648623e-03 1.528713736388319193e-02
2.170000000000000000e+04 1.511856051602887769e-03 7.484449527824101923e-03 1.801112467003651921e-02 5.763310456502623857e-02 1.132864261428949574e-08 6.048810403884577839e-06 2.303068197628135394e-04 2.654332495873252314e-03 8.659095158937607549e-04 5.173083689292053318e-03 8.777148167108495685e-03 1.539804861661568137e-02 1.511856051602887769e-03 7.484449527824101923e-03 1.801112467003651921e-02 5.763310456502623857e-02 1.132864261428949574e-08 6.048810403884577839e-06 2.303068197628135394e-04 2.654332495873252314e-03 8.659095158937607549e-04 5.173083689292053318e-03 8.777148167108495685e-03 1.539804861661568137e-02
2.205000000000000000e+04 1.545625141089285127e-03 7.710311223227359415e-03 1.764172839918285579e-02 5.855441349831668613e-02 1.563328166883582341e-07 9.257548402051331378e-08 1.795699022694165713e-04 2.463365303706558946e-03 8.784586422144169925e-04 5.102357160709616694e-03 8.795135363680123275e-03 1.498976002149496681e-02 1.545625141089285127e-03 7.710311223227359415e-03 1.764172839918285579e-02 5.855441349831668613e-02 1.563328166883582341e-07 9.257548402051331378e-08 1.795699022694165713e-04 2.463365303706558946e-03 8.784586422144169925e-04 5.102357160709616694e-03 8.795135363680123275e-03 1.498976002149496681e-02
2.240000000000000000e+04 1.572539254446947421e-03 7.619908415592784902e-03 1.786949691763723563e-02 5.809726147345930375e-02 2.271205047041503926e-06 9.802267072771272765e-06 2.219873606478078561e-04 2.642612144581471707e-03 9.345485293925919357e-04 5.132395190029722526e-03 8.716152722707067382e-03 1.509147306241457979e-02 1.572539254446947421e-03 7.619908415592784902e-03 1.786949691763723563e-02 5.809726147345930375e-02 2.271205047041503926e-06 9.802267072771272765e-06 2.219873606478078561e-04 2.642612144581471707e-03 9.345485293925919357e-04 5.132395190029722526e-03 8.716152722707067382e-03 1.509147306241457979e-02
2.275000000000000000e+04 1.527269010414191146e-03 7.624628138535252328e-03 1.770107661068376359e-02 5.782475977782999127e-02 3.900467330619389496e-07 7.335995961072349959e-06 2.497644575071891184e-04 2.716174532390202689e-03 8.549032131241496866e-04 5.144562928252468907e-03 8.840402134461753172e-03 1.527992976516468794e-02 1.527269010414191146e-03 7.624628138535252328e-03 1.770107661068376359e-02 5.782475977782999127e-02 3.900467330619389496e-07 7.335995961072349959e-06 2.497644575071891184e-04 2.716174532390202689e-03 8.549032131241496866e-04 5.144562928252468907e-03 8.840402134461753172e-03 1.527992976516468794e-02
2.310000000000000000e+04 1.492293981998754453e-03 7.868195104918341079e-03 1.702385478014708034e-02 5.856647735690650308e-02 3.887572555851873433e-11 5.888395482685356111e-06 2.416873461440045780e-04 2.677439175872586234e-03 8.617460560497950534e-04 5.095990397390998475e-03 9.036326954270966841e-03 1.499427730374605638e-02 1.492293981998754453e-03 7.868195104918341079e-03 1.702385478014708034e-02 5.856647735690650308e-02 3.887572555851873433e-11 5.888395482685356111e-06 2.416873461440045780e-04 2.677439175872586234e-03 8.617460560497950534e-04 5.095990397390998475e-03 9.036326954270966841e-03 1.499427730374605638e-02
2.345000000000000000e+04 1.523435331954368574e-03 7.559500571941009557e-03 1.776363414017933032e-02 5.825111516303930342e-02 4.681651300423823577e-07 8.303546620747068996e-06 2.282010679619964695e-04 2.614004847568760035e-03 8.530514980043538619e-04 5.153132497200692448e-03 8.776183146517964329e-03 1.503466526969836868e-02 1.523435331954368574e-03 7.559500571941009557e-03 1.776363414017933032e-02 5.825111516303930342e-02 4.681651300423823577e-07 8.303546620747068996e-06 2.282010679619964695e-04 2.614004847568760035e-03 8.530514980043538619e-04 5.153132497200692448e-03 8.776183146517964329e-03 1.503466526969836868e-02
2.380000000000000000e+04 1.500847264533063889e-03 7.412334992732376795e-03 1.828431303451221249e-02 5.772865016733415983e-02 1.731618893645942348e-07 5.578844685911070385e-06 1.928660874049820215e-04 2.547923951474807911e-03 8.836635514325923233e-04 5.187084821559848589e-03 8.678525223378100173e-03 1.534054039029868546e-02 1.500847264533063889e-03 7.412334992732376795e-03 1.828431303451221249e-02 5.772865016733415983e-02 1.731618893645942348e-07 5.578844685911070385e-06 1.928660874049820215e-04 2.547923951474807911e-03 8.836635514325923233e-04 5.187084821559848589e-03 8.678525223378100173e-03 1.534054039029868546e-02
2.415000000000000000e+04 1.495185407753731825e-03 8.151740828249464874e-03 1.681972565337971556e-02 5.753227222178395467e-02 1.291429245388452729e-07 1.267924625226937950e-06 2.333560465282910872e-04 2.733836705779218827e-03 8.467300687571866500e-04 5.063018417004726615e-03 9.310805892362387232e-03 1.580024762274375230e-02 1.495185407753731825e-03 8.151740828249464874e-03 1.681972565337971556e-02 5.753227222178395467e-02 1.291429245388452729e-07 1.267924625226937950e-06 2.333560465282910872e-04 2.733836705779218827e-03 8.467300687571866500e-04 5.063018417004726615e-03 9.310805892362387232e-03 1.580024762274375230e-02
2.450000000000000000e+04 1.480716883483936593e-03 7.828735950026919840e-03 1.684490683866286462e-02 5.875662753149987760e-02 1.804439547951788769e-07 3.781125570165640576e-06 2.577252060303440880e-04 2.696188086557088290e-03 8.866888394877943348e-04 5.103634647755542035e-03 9.118118976364204473e-03 1.491225207945262414e-02 1.480716883483936593e-03 7.828735950026919840e-03 1.684490683866286462e-02 5.875662753149987760e-02 1.804439547951788769e-07 3.781125570165640576e-06 2.577252060303440880e-04 2.696188086557088290e-03 8.866888394877943348e-04 5.103634647755542035e-03 9.118118976364204473e-03 1.491225207945262414e-02
2.485000000000000000e+04 1.515998121096711606e-03 7.086734207752624914e-03 1.792387706830669142e-02 5.849577199046855636e-02 2.923917634094353739e-07 2.308982192720613480e-05 2.955601843296835657e-04 2.736030790324749627e-03 9.025731853836720022e-04 5.378795735114842713e-03 8.717786217694737175e-03 1.476267664002875978e-02 1.515998121096711606e-03 7.086734207752624914e-03 1.792387706830669142e-02 5.849577199046855636e-02 2.923917634094353739e-07 2.308982192720613480e-05 2.955601843296835657e-04 2.736030790324749627e-03 9.025731853836720022e-04 5.378795735114842713e-03 8.717786217694737175e-03 1.476267664002875978e-02
2.520000000000000000e+04 1.531543954377984204e-03 7.042019161806065998e-03 1.865376005492368899e-02 5.737845400705079979e-02 1.284694101736245112e-07 1.840716688158294942e-05 2.570094592095099276e-04 2.698307548867689195e-03 8.804535702999033387e-04 5.388459448977158360e-03 8.616808145869995009e-03 1.539314211679969693e-02 1.531543954377984204e-03 7.042019161806065998e-03 1.865376005492368899e-02 5.737845400705079979e-02 1.284694101736245112e-07 1.840716688158294942e-05 2.570094592095099276e-04 2.698307548867689195e-03 8.804535702999033387e-04 5.388459448977158360e-03 8.616808145869995009e-03 1.539314211679969693e-02
2.555000000000000000e+04 1.603648404161579473e-03 7.508415963736658240e-03 1.805196434462324334e-02 5.790487653251318728e-02 3.535422815500979170e-05 2.321974926762498739e-05 2.212921227526506226e-04 2.519450462805210723e-03 8.851203588043854908e-04 5.187700750179189552e-03 8.714727842460157428e-03 1.526399950035671298e-02 1.603648404161579473e-03 7.508415963736658240e-03 1.805196434462324334e-02 5.790487653251318728e-02 3.535422815500979170e-05 2.321974926762498739e-05 2.212921227526506226e-04 2.519450462805210723e-03 8.851203588043854908e-04 5.187700750179189552e-03 8.714727842460157428e-03 1.526399950035671298e-02
2.590000000000000000e+04 1.488190869572154646e-03 6.620619635050464802e-03 2.126900404004744213e-02 5.559904282722803043e-02 8.265386454665328795e-07 9.684788852416717142e-06 1.267568528180758737e-04 2.333470427980308994e-03 1.190974358005210789e-03 5.660806623432388177e-03 8.280423086915593076e-03 1.655998286517309029e-02 1.488190869572154646e-03 6.620619635050464802e-03 2.126900404004744213e-02 5.559904282722803043e-02 8.265386454665328795e-07 9.684788852416717142e-06 1.267568528180758737e-04 2.333470427980308994e-03 1.190974358005210789e-03 5.660806623432388177e-03 8.280423086915593076e-03 1.655998286517309029e-02
2.625000000000000000e+04 1.507159553591617095e-03 7.591747045733266384e-03 1.757027521544626131e-02 5.818915808129435790e-02 1.570542690709390302e-07 1.379193645594258147e-05 2.235884081301503230e-04 2.639422499674786999e-03 8.641833702247085592e-04 5.161512906513727843e-03 8.862806807954632868e-03 1.513656299477259340e-02 1.507159553591617095e-03 7.591747045733266384e-03 1.757027521544626131e-02 5.818915808129435790e-02 1.570542690709390302e-07 1.379193645594258147e-05 2.235884081301503230e-04 2.639422499674786999e-03 8.641833702247085592e-04 5.161512906513727843e-03 8.862806807954632868e-03 1.513656299477259340e-02
2.660000000000000000e+04 1.479666471116054295e-03 7.465579085855465064e-03 1.666120230991168655e-02 5.899548619631064805e-02 7.168758316514136152e-07 7.605412783126914709e-06 2.900829285126439879e-04 2.730076561576745293e-03 9.636599029119153302e-04 5.304217371110113953e-03 9.250436132729352584e-03 1.483427324472182812e-02 1.479666471116054295e-03 7.465579085855465064e-03 1.666120230991168655e-02 5.899548619631064805e-02 7.168758316514136152e-07 7.605412783126914709e-06 2.900829285126439879e-04 2.730076561576745293e-03 9.636599029119153302e-04 5.304217371110113953e-03 9.250436132729352584e-03 1.483427324472182812e-02
2.695000000000000000e+04 1.475981349523303870e-03 8.734816241467996054e-03 1.592638325593222909e-02 5.949867456963198187e-02 9.816699242816321194e-07 8.059419564578108828e-08 1.898043383091772092e-04 2.597070108947838098e-03 8.404426588564923141e-04 4.992701740586485797e-03 9.514384888037121998e-03 1.481742079486075142e-02 1.475981349523303870e-03 8.734816241467996054e-03 1.592638325593222909e-02 5.949867456963198187e-02 9.816699242816321194e-07 8.059419564578108828e-08 1.898043383091772092e-04 2.597070108947838098e-03 8.404426588564923141e-04 4.992701740586485797e-03 9.514384888037121998e-03 1.481742079486075142e-02
2.730000000000000000e+04 1.509224977995077266e-03 7.431830437345119701e-03 1.827506885853081783e-02 5.711694760471774240e-02 8.304783980244974052e-08 9.625351543893174511e-06 2.338789529862192885e-04 2.685673013164411368e-03 8.726643709149532573e-04 5.201903338071834325e-03 8.747685532866722805e-03 1.569237314636932196e-02 1.509224977995077266e-03 7.431830437345119701e-03 1.827506885853081783e-02 5.711694760471774240e-02 8.304783980244974052e-08 9.625351543893174511e-06 2.338789529862192885e-04 2.685673013164411368e-03 8.726643709149532573e-04 5.201903338071834325e-03 8.747685532866722805e-03 1.569237314636932196e-02
2.765000000000000000e+04 1.503310943957997812e-03 7.059752862553181525e-03 1.816512242205644417e-02 5.767476901670729600e-02 7.121351790977077009e-06 7.017983970683460359e-06 2.992185239553201239e-04 2.594218071423195181e-03 9.427074308119207362e-04 5.431098033016750447e-03 8.811975733500067645e-03 1.536316903996740903e-02 1.503310943957997812e-03 7.059752862553181525e-03 1.816512242205644417e-02 5.767476901670729600e-02 7.121351790977077009e-06 7.017983970683460359e-06 2.992185239553201239e-04 2.594218071423195181e-03 9.427074308119207362e-04 5.431098033016750447e-03 8.811975733500067645e-03 1.536316903996740903e-02
2.800000000000000000e+04 1.518053793579261009e-03 7.456699714175020130e-03 1.799936250392949674e-02 5.801076562039545609e-02 8.653100419755063524e-07 9.366485098224679688e-06 2.276881199203435724e-04 2.616264376464754425e-03 8.609976170801372699e-04 5.179369288987247834e-03 8.724145214900256434e-03 1.514590163770749599e-02 1.518053793579261009e-03 7.456699714175020130e-03 1.799936250392949674e-02 5.801076562039545609e-02 8.653100419755063524e-07 9.366485098224679688e-06 2.276881199203435724e-04 2.616264376464754425e-03 8.609976170801372699e-04 5.179369288987247834e-03 8.724145214900256434e-03 1.514590163770749599e-02
2.835000000000000000e+04 1.529509217590176422e-03 7.482067721965607321e-03 1.696068957794624396e-02 5.823337242343787357e-02 5.494146168721480896e-09 4.786071530624001198e-06 3.168696033862620207e-04 2.847823635085139186e-03 8.710201564668257346e-04 5.263038517446032467e-03 9.180866465969644147e-03 1.515120552270736963e-02 1.529509217590176422e-03 7.482067721965607321e-03 1.696068957794624396e-02 5.823337242343787357e-02 5.494146168721480896e-09 4.786071530624001198e-06 3.168696033862620207e-04 2.847823635085139186e-03 8.710201564668257346e-04 5.263038517446032467e-03 9.180866465969644147e-03 1.515120552270736963e-02
2.870000000000000000e+04 1.507708491799262304e-03 7.498853628488811977e-03 1.793512542048042793e-02 5.774980886547678022e-02 4.157173423897784360e-08 9.014940501415479965e-06 2.371553868272274106e-04 2.666406798865348510e-03 8.741451114459315849e-04 5.193348938751052128e-03 8.795789568031715452e-03 1.527493453079053869e-02 1.507708491799262304e-03 7.498853628488811977e-03 1.793512542048042793e-02 5.774980886547678022e-02 4.157173423897784360e-08 9.014940501415479965e-06 2.371553868272274106e-04 2.666406798865348510e-03 8.741451114459315849e-04 5.193348938751052128e-03 8.795789568031715452e-03 1.527493453079053869e-02
2.905000000000000000e+04 1.510109197121591333e-03 7.461604855274184094e-03 1.789695169383634724e-02 5.782766355797173963e-02 4.230042632964153765e-08 8.912544543164016193e-06 2.356104585622454696e-04 2.664771712301103757e-03 8.627871568153021222e-04 5.182053729412799091e-03 8.794907951922163736e-03 1.529403085517912209e-02 1.510109197121591333e-03 7.461604855274184094e-03 1.789695169383634724e-02 5.782766355797173963e-02 4.230042632964153765e-08 8.912544543164016193e-06 2.356104585622454696e-04 2.664771712301103757e-03 8.627871568153021222e-04 5.182053729412799091e-03 8.794907951922163736e-03 1.529403085517912209e-02
2.940000000000000000e+04 1.471510825732432175e-03 7.658148144480384292e-03 1.767112167952360549e-02 5.793966937326044953e-02 1.940947077111515922e-07 3.881714274884260404e-06 1.953935752835894604e-04 2.556660435914480389e-03 9.072278078316667197e-04 5.124513223481024296e-03 8.894354091170892165e-03 1.536158374786723672e-02 1.471510825732432175e-03 7.658148144480384292e-03 1.767112167952360549e-02 5.793966937326044953e-02 1.940947077111515922e-07 3.881714274884260404e-06 1.953935752835894604e-04 2.556660435914480389e-03 9.072278078316667197e-04 5.124513223481024296e-03 8.894354091170892165e-03 1.536158374786723672e-02
2.975000000000000000e+04 1.494820359532100275e-03 7.517534882507932378e-03 1.771600143536757391e-02 5.797092927221800945e-02 1.727714862936040941e-09 8.404838031105823191e-06 2.374009110540188986e-04 2.668221150160469696e-03 8.786327051709097967e-04 5.171368880925618014e-03 8.847330114257872732e-03 1.523564888424370524e-02 1.494820359532100275e-03 7.517534882507932378e-03 1.771600143536757391e-02 5.797092927221800945e-02 1.727714862936040941e-09 8.404838031105823191e-06 2.374009110540188986e-04 2.668221150160469696e-03 8.786327051709097967e-04 5.171368880925618014e-03 8.847330114257872732e-03 1.523564888424370524e-02
3.010000000000000000e+04 1.510484151417543523e-03 7.471443159209787202e-03 1.794993062017127827e-02 5.777610582783927751e-02 4.638480552161815088e-08 9.916320621696997559e-06 2.354177846624702522e-04 2.661038441240028574e-03 8.673190710332812211e-04 5.189994903133925142e-03 8.773846582322775145e-03 1.529400784234239384e-02 1.510484151417543523e-03 7.471443159209787202e-03 1.794993062017127827e-02 5.777610582783927751e-02 4.638480552161815088e-08 9.916320621696997559e-06 2.354177846624702522e-04 2.661038441240028574e-03 8.673190710332812211e-04 5.189994903133925142e-03 8.773846582322775145e-03 1.529400784234239384e-02
3.045000000000000000e+04 1.499785409129696925e-03 7.773028467048827966e-03 1.703375374086902802e-02 5.770922857544688589e-02 5.152479621951612386e-07 2.205526741041409125e-06 2.289798688275285351e-04 2.695754710556162812e-03 8.802625963534410581e-04 5.159012454699470063e-03 9.228383346214057148e-03 1.562630097125665418e-02 1.499785409129696925e-03 7.773028467048827966e-03 1.703375374086902802e-02 5.770922857544688589e-02 5.152479621951612386e-07 2.205526741041409125e-06 2.289798688275285351e-04 2.695754710556162812e-03 8.802625963534410581e-04 5.159012454699470063e-03 9.228383346214057148e-03 1.562630097125665418e-02
3.080000000000000000e+04 1.492308100823893204e-03 7.438817049021304723e-03 1.791059099107354669e-02 5.793637760162820977e-02 2.624932382109406314e-09 9.897790548092195659e-06 2.334916406758461742e-04 2.641284924838984294e-03 9.011522386197180681e-04 5.197706659972245978e-03 8.783630051392354518e-03 1.521168379684817440e-02 1.492308100823893204e-03 7.438817049021304723e-03 1.791059099107354669e-02 5.793637760162820977e-02 2.624932382109406314e-09 9.897790548092195659e-06 2.334916406758461742e-04 2.641284924838984294e-03 9.011522386197180681e-04 5.197706659972245978e-03 8.783630051392354518e-03 1.521168379684817440e-02
3.115000000000000000e+04 1.556010099378205133e-03 7.399018156880351853e-03 1.773363597022714622e-02 5.748092540198414951e-02 7.412607767829982267e-07 1.742752054782032399e-05 2.384650995476951887e-04 2.674549021730690621e-03 8.579790020253603815e-04 5.307685728427134070e-03 8.942941529864112046e-03 1.557956874072763051e-02 1.556010099378205133e-03 7.399018156880351853e-03 1.773363597022714622e-02 5.748092540198414951e-02 7.412607767829982267e-07 1.742752054782032399e-05 2.384650995476951887e-04 2.674549021730690621e-03 8.579790020253603815e-04 5.307685728427134070e-03 8.942941529864112046e-03 1.557956874072763051e-02
3.150000000000000000e+04 1.522762961432930218e-03 7.454947543783658689e-03 1.801697556173242204e-02 5.770134420620998128e-02 3.722864160356341760e-07 1.170621244350195783e-05 2.473141446638783131e-04 2.693322347952187192e-03 8.523263827405486029e-04 5.184527717432372597e-03 8.746135685042956756e-03 1.531052164260946966e-02 1.522762961432930218e-03 7.454947543783658689e-03 1.801697556173242204e-02 5.770134420620998128e-02 3.722864160356341760e-07 1.170621244350195783e-05 2.473141446638783131e-04 2.693322347952187192e-03 8.523263827405486029e-04 5.184527717432372597e-03 8.746135685042956756e-03 1.531052164260946966e-02
3.185000000000000000e+04 1.522309092129748393e-03 7.572056242494806973e-03 1.803995544451535496e-02 5.766408718533296007e-02 2.784712339737027779e-08 5.351257661638672538e-06 2.037873825278828832e-04 2.594066767338651294e-03 8.458618407804243929e-04 5.134365834158710964e-03 8.753378076382141090e-03 1.541278930139466062e-02 1.522309092129748393e-03 7.572056242494806973e-03 1.803995544451535496e-02 5.766408718533296007e-02 2.784712339737027779e-08 5.351257661638672538e-06 2.037873825278828832e-04 2.594066767338651294e-03 8.458618407804243929e-04 5.134365834158710964e-03 8.753378076382141090e-03 1.541278930139466062e-02
3.220000000000000000e+04 1.542837249812995621e-03 7.607825112138696250e-03 1.770128845105154239e-02 5.796964425617825295e-02 3.146177446032181825e-07 8.654580935334753444e-06 2.394037824705796610e-04 2.671121829708172652e-03 8.389539003566185002e-04 5.138365053745447102e-03 8.828342764037535803e-03 1.521991761504649932e-02 1.542837249812995621e-03 7.607825112138696250e-03 1.770128845105154239e-02 5.796964425617825295e-02 3.146177446032181825e-07 8.654580935334753444e-06 2.394037824705796610e-04 2.671121829708172652e-03 8.389539003566185002e-04 5.138365053745447102e-03 8.828342764037535803e-03 1.521991761504649932e-02
3.255000000000000000e+04 1.420796206046015097e-03 8.319471277844808083e-03 1.552849105153085614e-02 5.988936109912097044e-02 1.679105476243051259e-09 1.910209442347115469e-06 3.106128866912085621e-04 2.777900183473635837e-03 9.603657003737406904e-04 5.047807021131928314e-03 9.779169363581611749e-03 1.458822284778556883e-02 1.420796206046015097e-03 8.319471277844808083e-03 1.552849105153085614e-02 5.988936109912097044e-02 1.679105476243051259e-09 1.910209442347115469e-06 3.106128866912085621e-04 2.777900183473635837e-03 9.603657003737406904e-04 5.047807021131928314e-03 9.779169363581611749e-03 1.458822284778556883e-02
3.290000000000000000e+04 1.556411969480410830e-03 7.514461192666084532e-03 1.789409193400998480e-02 5.807539995412176054e-02 3.193881511382965709e-07 1.226272217113536559e-05 2.505972059206772922e-04 2.701542759067662811e-03 8.415204751784795788e-04 5.157357614231714536e-03 8.717666150361201571e-03 1.505573042055703172e-02 1.556411969480410830e-03 7.514461192666084532e-03 1.789409193400998480e-02 5.807539995412176054e-02 3.193881511382965709e-07 1.226272217113536559e-05 2.505972059206772922e-04 2.701542759067662811e-03 8.415204751784795788e-04 5.157357614231714536e-03 8.717666150361201571e-03 1.505573042055703172e-02
3.325000000000000000e+04 1.524086839428291217e-03 7.437701614058334250e-03 1.788494678864552614e-02 5.801379520700656461e-02 3.140176034216717308e-08 1.385451954934347160e-05 2.332573682254206475e-04 2.654312513034366543e-03 8.526517168297337605e-04 5.203438934096772488e-03 8.764638399872549945e-03 1.515689711673730289e-02 1.524086839428291217e-03 7.437701614058334250e-03 1.788494678864552614e-02 5.801379520700656461e-02 3.140176034216717308e-08 1.385451954934347160e-05 2.332573682254206475e-04 2.654312513034366543e-03 8.526517168297337605e-04 5.203438934096772488e-03 8.764638399872549945e-03 1.515689711673730289e-02
3.360000000000000000e+04 1.531595496647429307e-03 7.394157117024264571e-03 1.845034131838493505e-02 5.743282425189935592e-02 1.281387173687869643e-08 9.366509935168318321e-06 2.238687130742886137e-04 2.646839571364665005e-03 8.455075539707822318e-04 5.176540558117710342e-03 8.619908490013136748e-03 1.543576709721936578e-02 1.531595496647429307e-03 7.394157117024264571e-03 1.845034131838493505e-02 5.743282425189935592e-02 1.281387173687869643e-08 9.366509935168318321e-06 2.238687130742886137e-04 2.646839571364665005e-03 8.455075539707822318e-04 5.176540558117710342e-03 8.619908490013136748e-03 1.543576709721936578e-02
3.395000000000000000e+04 1.496304735175704118e-03 7.485623737806546170e-03 1.761842829129810911e-02 5.812181620425849182e-02 4.700997780492523019e-08 1.214405686566194018e-05 2.573384280150731130e-04 2.717963925118449618e-03 8.817673586974705867e-04 5.193371894884908808e-03 8.857953708630402628e-03 1.510583675449910478e-02 1.496304735175704118e-03 7.485623737806546170e-03 1.761842829129810911e-02 5.812181620425849182e-02 4.700997780492523019e-08 1.214405686566194018e-05 2.573384280150731130e-04 2.717963925118449618e-03 8.817673586974705867e-04 5.193371894884908808e-03 8.857953708630402628e-03 1.510583675449910478e-02
3.430000000000000000e+04 1.531774574308174220e-03 7.542165357408419681e-03 1.787339605013138488e-02 5.767953668322976096e-02 2.204318708012264656e-09 8.298066173590403370e-06 2.384091491226776670e-04 2.668000789084026651e-03 8.490622706143579994e-04 5.178495977087993821e-03 8.833024728401623824e-03 1.533515463271828937e-02 1.531774574308174220e-03 7.542165357408419681e-03 1.787339605013138488e-02 5.767953668322976096e-02 2.204318708012264656e-09 8.298066173590403370e-06 2.384091491226776670e-04 2.668000789084026651e-03 8.490622706143579994e-04 5.178495977087993821e-03 8.833024728401623824e-03 1.533515463271828937e-02
3.465000000000000000e+04 1.505800325818769164e-03 7.387414947041134883e-03 1.796129336322755884e-02 5.781054500222369830e-02 2.213879161257182545e-08 8.385823369635940264e-06 2.567730073822644126e-04 2.718183873365487453e-03 8.739015477156400480e-04 5.210368193170697264e-03 8.767835533569873913e-03 1.523854359337091340e-02 1.505800325818769164e-03 7.387414947041134883e-03 1.796129336322755884e-02 5.781054500222369830e-02 2.213879161257182545e-08 8.385823369635940264e-06 2.567730073822644126e-04 2.718183873365487453e-03 8.739015477156400480e-04 5.210368193170697264e-03 8.767835533569873913e-03 1.523854359337091340e-02
3.500000000000000000e+04 1.555827979772275759e-03 7.283292972060047277e-03 1.838381030408793929e-02 5.737141504866832831e-02 4.910244593567490362e-07 1.501718037522233391e-05 2.443485595069382565e-04 2.686505490720101762e-03 8.391185775886228970e-04 5.264674000004915776e-03 8.665365215569056923e-03 1.547217892979577993e-02 1.555827979772275759e-03 7.283292972060047277e-03 1.838381030408793929e-02 5.737141504866832831e-02 4.910244593567490362e-07 1.501718037522233391e-05 2.443485595069382565e-04 2.686505490720101762e-03 8.391185775886228970e-04 5.264674000004915776e-03 8.665365215569056923e-03 1.547217892979577993e-02
