0 [0.00e+00, 0.00e+00, 0.00e+00, 0.00e+00, 0.00e+00, 0.00e+00, 0.00e+00, 0.00e+00, 0.00e+00, 0.00e+00, 0.00e+00, 0.00e+00]
700 [5.05e-05, 2.26e-04, 1.21e-07, 7.53e-05, 7.53e-05, 7.09e-02, 1.29e-01, 1.40e-04, 1.30e-05, 4.88e-03, 2.35e-02, 1.10e-03]
1400 [9.62e-04, 4.86e-05, 6.64e-03, 5.61e-06, 5.61e-06, 1.86e-01, 2.64e-01, 4.12e-03, 3.60e-02, 5.55e-03, 1.57e-02, 9.32e-02]
2100 [1.68e-03, 3.54e-05, 4.15e-05, 3.43e-02, 3.43e-02, 3.11e-01, 3.69e-01, 7.91e-05, 2.37e-02, 1.78e-02, 1.50e-01, 4.19e-02]
2800 [1.82e-03, 2.53e-05, 5.68e-05, 1.17e-01, 1.17e-01, 4.02e-01, 4.33e-01, 7.22e-05, 1.43e-02, 2.72e-02, 2.48e-01, 3.47e-02]
3500 [1.86e-03, 8.52e-06, 5.41e-05, 2.23e-01, 2.07e-01, 4.27e-01, 4.33e-01, 6.49e-05, 1.14e-02, 3.02e-02, 3.32e-01, 3.38e-02]
4200 [2.06e-03, 5.91e-05, 6.18e-05, 3.45e-01, 2.72e-01, 3.64e-01, 4.06e-01, 6.57e-05, 1.61e-03, 4.69e-02, 4.07e-01, 3.57e-02]
4900 [2.14e-03, 3.75e-05, 5.32e-05, 3.81e-01, 2.86e-01, 3.37e-01, 3.96e-01, 5.84e-05, 5.58e-03, 4.30e-02, 4.84e-01, 3.65e-02]
5600 [2.24e-03, 2.54e-05, 5.28e-05, 3.99e-01, 2.89e-01, 3.18e-01, 3.76e-01, 5.25e-05, 1.04e-02, 3.82e-02, 5.60e-01, 3.97e-02]
6300 [2.32e-03, 1.59e-05, 5.29e-05, 4.00e-01, 2.81e-01, 2.96e-01, 3.41e-01, 4.85e-05, 1.66e-02, 3.20e-02, 6.35e-01, 4.29e-02]
7000 [2.43e-03, 8.90e-06, 5.17e-05, 3.78e-01, 2.62e-01, 2.69e-01, 2.95e-01, 4.55e-05, 2.38e-02, 2.47e-02, 7.09e-01, 4.59e-02]
7700 [2.53e-03, 3.19e-05, 5.23e-05, 3.55e-01, 2.62e-01, 2.19e-01, 2.73e-01, 5.16e-05, 1.14e-02, 3.71e-02, 7.75e-01, 4.86e-02]
8400 [2.74e-03, 2.26e-05, 4.36e-05, 2.99e-01, 2.42e-01, 2.08e-01, 2.52e-01, 4.62e-05, 1.65e-02, 3.20e-02, 8.47e-01, 5.14e-02]
9100 [2.96e-03, 1.44e-05, 3.77e-05, 2.34e-01, 2.26e-01, 2.01e-01, 2.45e-01, 4.34e-05, 2.27e-02, 2.59e-02, 9.20e-01, 5.38e-02]
9800 [3.20e-03, 7.27e-06, 2.95e-05, 1.63e-01, 2.08e-01, 1.95e-01, 2.42e-01, 4.20e-05, 3.04e-02, 1.82e-02, 9.93e-01, 5.55e-02]
10500 [3.47e-03, 1.04e-06, 1.19e-05, 9.10e-02, 1.86e-01, 1.85e-01, 2.33e-01, 4.17e-05, 4.03e-02, 8.23e-03, 1.07e+00, 5.64e-02]
11200 [3.79e-03, 1.67e-05, 1.57e-05, 5.19e-02, 1.77e-01, 1.49e-01, 2.19e-01, 5.08e-05, 2.73e-02, 2.13e-02, 1.13e+00, 5.89e-02]
11900 [4.65e-03, 8.13e-06, 1.19e-02, 2.96e-02, 1.61e-01, 1.49e-01, 2.10e-01, 4.49e-05, 3.28e-02, 1.58e-02, 1.20e+00, 6.05e-02]
12600 [9.20e-03, 4.63e-07, 9.47e-02, 1.89e-02, 1.49e-01, 1.52e-01, 2.09e-01, 4.26e-05, 4.10e-02, 7.56e-03, 1.27e+00, 6.16e-02]
13300 [1.51e-02, 1.28e-05, 1.93e-01, 1.50e-02, 1.42e-01, 1.39e-01, 2.05e-01, 4.66e-05, 2.95e-02, 1.91e-02, 1.34e+00, 6.47e-02]
14000 [2.05e-02, 7.09e-07, 2.97e-01, 8.11e-03, 1.30e-01, 1.47e-01, 2.07e-01, 4.19e-05, 3.96e-02, 8.96e-03, 1.40e+00, 6.54e-02]
14700 [2.65e-02, 1.18e-05, 3.86e-01, 6.20e-03, 1.25e-01, 1.34e-01, 2.01e-01, 4.59e-05, 3.01e-02, 1.84e-02, 1.46e+00, 6.90e-02]
15400 [3.38e-02, 4.32e-05, 4.68e-01, 6.01e-03, 1.28e-01, 1.26e-01, 2.12e-01, 5.51e-05, 2.35e-02, 2.51e-02, 1.52e+00, 7.50e-02]
16100 [3.52e-02, 6.77e-06, 5.41e-01, 1.89e-03, 1.09e-01, 1.34e-01, 1.99e-01, 4.08e-05, 3.23e-02, 1.62e-02, 1.58e+00, 7.32e-02]
16800 [4.05e-02, 1.97e-05, 6.07e-01, 1.57e-03, 1.01e-01, 1.23e-01, 1.96e-01, 4.73e-05, 2.56e-02, 2.30e-02, 1.64e+00, 7.69e-02]
17500 [4.17e-02, 1.40e-07, 6.61e-01, 1.25e-04, 8.38e-02, 1.35e-01, 1.99e-01, 3.43e-05, 3.68e-02, 1.18e-02, 1.70e+00, 7.68e-02]
18200 [4.51e-02, 8.23e-06, 7.02e-01, 1.26e-04, 6.87e-02, 1.27e-01, 2.00e-01, 3.72e-05, 2.96e-02, 1.90e-02, 1.76e+00, 8.03e-02]
18900 [4.72e-02, 1.98e-05, 7.13e-01, 2.83e-04, 4.64e-02, 1.18e-01, 2.01e-01, 4.49e-05, 2.38e-02, 2.48e-02, 1.81e+00, 8.37e-02]
19600 [4.61e-02, 4.02e-05, 6.75e-01, 1.40e-03, 2.46e-02, 1.17e-01, 2.20e-01, 3.44e-05, 1.98e-02, 2.87e-02, 1.86e+00, 9.50e-02]
20300 [4.03e-02, 4.39e-06, 6.14e-01, 9.86e-05, 4.36e-05, 1.24e-01, 2.12e-01, 3.07e-05, 2.98e-02, 1.88e-02, 1.93e+00, 8.53e-02]
21000 [3.73e-02, 1.18e-05, 5.45e-01, 5.14e-05, 4.66e-05, 1.19e-01, 2.11e-01, 3.62e-05, 2.46e-02, 2.40e-02, 1.99e+00, 8.82e-02]
21700 [3.46e-02, 2.04e-05, 4.84e-01, 9.80e-06, 6.34e-05, 1.16e-01, 2.10e-01, 4.74e-05, 2.05e-02, 2.81e-02, 2.05e+00, 9.09e-02]
22400 [3.26e-02, 2.94e-05, 4.37e-01, 1.43e-04, 5.73e-05, 1.14e-01, 2.15e-01, 5.05e-05, 1.73e-02, 3.13e-02, 2.10e+00, 9.41e-02]
23100 [2.86e-02, 3.89e-05, 4.01e-01, 9.35e-05, 4.57e-05, 1.26e-01, 2.12e-01, 2.45e-06, 3.01e-02, 1.84e-02, 2.16e+00, 9.13e-02]
23800 [2.79e-02, 1.90e-06, 3.87e-01, 8.32e-05, 5.39e-05, 1.25e-01, 2.13e-01, 7.03e-08, 2.77e-02, 2.09e-02, 2.22e+00, 9.25e-02]
24500 [2.76e-02, 4.49e-06, 3.79e-01, 7.19e-05, 4.71e-05, 1.24e-01, 2.14e-01, 6.88e-06, 2.55e-02, 2.30e-02, 2.27e+00, 9.43e-02]
25200 [2.75e-02, 7.05e-06, 3.76e-01, 6.12e-05, 5.35e-05, 1.23e-01, 2.15e-01, 2.29e-05, 2.37e-02, 2.48e-02, 2.32e+00, 9.59e-02]
25900 [2.76e-02, 9.77e-06, 3.75e-01, 5.11e-05, 4.70e-05, 1.22e-01, 2.15e-01, 2.88e-04, 2.21e-02, 2.64e-02, 2.36e+00, 9.75e-02]
26600 [2.77e-02, 1.28e-05, 3.76e-01, 4.12e-05, 2.75e-05, 1.21e-01, 2.16e-01, 6.41e-04, 2.06e-02, 2.80e-02, 2.41e+00, 9.90e-02]
27300 [2.79e-02, 1.62e-05, 3.76e-01, 3.19e-05, 3.99e-05, 1.20e-01, 2.17e-01, 9.39e-04, 1.91e-02, 2.94e-02, 2.44e+00, 1.01e-01]
28000 [2.80e-02, 2.02e-05, 3.75e-01, 2.19e-05, 5.10e-05, 1.19e-01, 2.18e-01, 1.14e-03, 1.77e-02, 3.09e-02, 2.48e+00, 1.02e-01]
28700 [2.80e-02, 2.50e-05, 3.72e-01, 9.40e-06, 1.13e-05, 1.18e-01, 2.20e-01, 1.34e-03, 1.63e-02, 3.23e-02, 2.52e+00, 1.04e-01]
29400 [2.78e-02, 3.23e-05, 3.65e-01, 1.02e-05, 4.77e-05, 1.17e-01, 2.22e-01, 1.84e-03, 1.49e-02, 3.36e-02, 2.55e+00, 1.07e-01]
30100 [2.73e-02, 2.81e-06, 3.48e-01, 7.65e-05, 3.83e-03, 1.16e-01, 2.27e-01, 3.97e-03, 1.37e-02, 3.49e-02, 2.58e+00, 1.14e-01]
30800 [2.47e-02, 4.46e-06, 3.38e-01, 7.96e-05, 3.21e-05, 1.29e-01, 2.18e-01, 1.05e-02, 2.75e-02, 2.11e-02, 2.62e+00, 1.03e-01]
31500 [2.50e-02, 1.79e-06, 3.41e-01, 7.36e-05, 4.34e-05, 1.28e-01, 2.19e-01, 1.07e-02, 2.56e-02, 2.30e-02, 2.65e+00, 1.04e-01]
32200 [2.53e-02, 4.51e-06, 3.44e-01, 6.53e-05, 4.03e-05, 1.27e-01, 2.20e-01, 1.08e-02, 2.36e-02, 2.49e-02, 2.68e+00, 1.06e-01]
32900 [2.56e-02, 7.76e-06, 3.48e-01, 5.54e-05, 6.20e-05, 1.26e-01, 2.21e-01, 1.08e-02, 2.17e-02, 2.69e-02, 2.70e+00, 1.07e-01]
33600 [2.60e-02, 1.17e-05, 3.51e-01, 4.34e-05, 5.16e-05, 1.24e-01, 2.22e-01, 1.06e-02, 1.98e-02, 2.88e-02, 2.73e+00, 1.09e-01]
34300 [2.64e-02, 1.64e-05, 3.55e-01, 2.99e-05, 1.90e-05, 1.23e-01, 2.23e-01, 1.03e-02, 1.78e-02, 3.07e-02, 2.75e+00, 1.11e-01]
35000 [2.67e-02, 2.24e-05, 3.55e-01, 1.70e-05, 5.50e-05, 1.21e-01, 2.24e-01, 9.55e-03, 1.60e-02, 3.26e-02, 2.78e+00, 1.12e-01]
35700 [2.66e-02, 3.06e-05, 3.50e-01, 2.41e-06, 4.40e-05, 1.19e-01, 2.26e-01, 8.62e-03, 1.42e-02, 3.44e-02, 2.80e+00, 1.15e-01]
36400 [2.60e-02, 8.64e-06, 3.29e-01, 1.27e-04, 5.56e-03, 1.19e-01, 2.30e-01, 9.97e-03, 1.26e-02, 3.60e-02, 2.81e+00, 1.22e-01]
37100 [2.39e-02, 6.45e-07, 3.26e-01, 7.57e-05, 3.85e-05, 1.30e-01, 2.20e-01, 1.69e-02, 2.57e-02, 2.29e-02, 2.84e+00, 1.10e-01]
37800 [2.45e-02, 4.20e-06, 3.32e-01, 6.53e-05, 2.61e-05, 1.28e-01, 2.21e-01, 1.64e-02, 2.30e-02, 2.55e-02, 2.86e+00, 1.11e-01]
38500 [2.51e-02, 8.69e-06, 3.39e-01, 5.16e-05, 5.32e-05, 1.26e-01, 2.22e-01, 1.58e-02, 2.05e-02, 2.81e-02, 2.88e+00, 1.13e-01]
39200 [2.57e-02, 1.45e-05, 3.46e-01, 3.44e-05, 1.84e-05, 1.24e-01, 2.23e-01, 1.49e-02, 1.79e-02, 3.07e-02, 2.90e+00, 1.15e-01]
39900 [2.62e-02, 2.21e-05, 3.50e-01, 1.72e-05, 3.72e-05, 1.22e-01, 2.24e-01, 1.35e-02, 1.54e-02, 3.31e-02, 2.91e+00, 1.17e-01]
40600 [2.62e-02, 3.33e-05, 3.43e-01, 2.73e-06, 6.91e-06, 1.19e-01, 2.27e-01, 1.18e-02, 1.32e-02, 3.54e-02, 2.93e+00, 1.20e-01]
41300 [2.34e-02, 3.31e-05, 3.18e-01, 7.88e-05, 2.45e-05, 1.31e-01, 2.20e-01, 2.07e-02, 2.61e-02, 2.24e-02, 2.95e+00, 1.13e-01]
42000 [2.41e-02, 3.54e-06, 3.27e-01, 6.76e-05, 3.33e-05, 1.28e-01, 2.21e-01, 1.96e-02, 2.30e-02, 2.55e-02, 2.96e+00, 1.14e-01]
42700 [2.49e-02, 9.19e-06, 3.37e-01, 5.07e-05, 2.97e-05, 1.26e-01, 2.22e-01, 1.85e-02, 1.98e-02, 2.88e-02, 2.98e+00, 1.16e-01]
43400 [2.58e-02, 1.69e-05, 3.47e-01, 3.02e-05, 2.92e-05, 1.23e-01, 2.23e-01, 1.70e-02, 1.66e-02, 3.20e-02, 2.99e+00, 1.18e-01]
44100 [2.63e-02, 2.78e-05, 3.48e-01, 9.55e-06, 6.14e-05, 1.20e-01, 2.25e-01, 1.49e-02, 1.37e-02, 3.49e-02, 3.00e+00, 1.21e-01]
44800 [2.43e-02, 1.04e-04, 3.18e-01, 6.92e-05, 6.29e-03, 1.21e-01, 2.29e-01, 1.58e-02, 1.37e-02, 3.48e-02, 3.01e+00, 1.27e-01]
45500 [2.40e-02, 3.37e-06, 3.26e-01, 6.84e-05, 2.46e-05, 1.28e-01, 2.20e-01, 2.17e-02, 2.29e-02, 2.57e-02, 3.03e+00, 1.16e-01]
46200 [2.50e-02, 1.02e-05, 3.38e-01, 4.95e-05, 2.52e-05, 1.25e-01, 2.21e-01, 2.02e-02, 1.89e-02, 2.96e-02, 3.04e+00, 1.18e-01]
46900 [2.60e-02, 1.99e-05, 3.50e-01, 2.66e-05, 4.06e-05, 1.22e-01, 2.23e-01, 1.83e-02, 1.53e-02, 3.32e-02, 3.05e+00, 1.21e-01]
47600 [2.62e-02, 3.57e-05, 3.43e-01, 3.10e-06, 1.27e-05, 1.19e-01, 2.26e-01, 1.56e-02, 1.21e-02, 3.64e-02, 3.06e+00, 1.25e-01]
48300 [2.36e-02, 1.20e-06, 3.22e-01, 7.34e-05, 2.84e-05, 1.30e-01, 2.19e-01, 2.39e-02, 2.43e-02, 2.43e-02, 3.08e+00, 1.17e-01]
49000 [2.47e-02, 8.08e-06, 3.36e-01, 5.65e-05, 2.33e-05, 1.26e-01, 2.20e-01, 2.22e-02, 1.97e-02, 2.88e-02, 3.09e+00, 1.19e-01]
49700 [2.59e-02, 1.82e-05, 3.50e-01, 3.30e-05, 4.58e-05, 1.22e-01, 2.22e-01, 2.02e-02, 1.56e-02, 3.30e-02, 3.10e+00, 1.22e-01]
50400 [2.64e-02, 3.44e-05, 3.46e-01, 7.26e-06, 1.85e-05, 1.19e-01, 2.25e-01, 1.73e-02, 1.20e-02, 3.66e-02, 3.11e+00, 1.26e-01]
51100 [2.37e-02, 1.50e-06, 3.24e-01, 7.22e-05, 3.09e-05, 1.29e-01, 2.19e-01, 2.53e-02, 2.39e-02, 2.47e-02, 3.12e+00, 1.18e-01]
51800 [2.49e-02, 9.34e-06, 3.39e-01, 5.47e-05, 5.23e-05, 1.25e-01, 2.20e-01, 2.33e-02, 1.89e-02, 2.97e-02, 3.13e+00, 1.21e-01]
52500 [2.63e-02, 2.12e-05, 3.54e-01, 3.02e-05, 6.08e-05, 1.21e-01, 2.21e-01, 2.11e-02, 1.45e-02, 3.41e-02, 3.14e+00, 1.24e-01]
53200 [2.62e-02, 3.19e-05, 3.36e-01, 7.70e-06, 2.89e-03, 1.18e-01, 2.27e-01, 1.78e-02, 1.08e-02, 3.78e-02, 3.14e+00, 1.31e-01]
53900 [2.42e-02, 4.13e-06, 3.31e-01, 6.64e-05, 2.81e-05, 1.28e-01, 2.19e-01, 2.59e-02, 2.18e-02, 2.68e-02, 3.16e+00, 1.20e-01]
54600 [2.56e-02, 1.40e-05, 3.49e-01, 4.50e-05, 2.28e-05, 1.23e-01, 2.20e-01, 2.37e-02, 1.67e-02, 3.19e-02, 3.17e+00, 1.23e-01]
55300 [2.67e-02, 2.98e-05, 3.56e-01, 2.04e-05, 6.94e-05, 1.19e-01, 2.22e-01, 2.09e-02, 1.23e-02, 3.63e-02, 3.18e+00, 1.28e-01]
56000 [2.37e-02, 9.02e-07, 3.26e-01, 7.21e-05, 5.76e-05, 1.29e-01, 2.18e-01, 2.80e-02, 2.42e-02, 2.44e-02, 3.19e+00, 1.20e-01]
56700 [2.51e-02, 9.64e-06, 3.43e-01, 5.49e-05, 3.70e-05, 1.25e-01, 2.19e-01, 2.57e-02, 1.85e-02, 3.01e-02, 3.20e+00, 1.23e-01]
57400 [2.66e-02, 2.34e-05, 3.59e-01, 3.06e-05, 3.26e-05, 1.20e-01, 2.21e-01, 2.33e-02, 1.36e-02, 3.50e-02, 3.20e+00, 1.27e-01]
58100 [2.43e-02, 1.88e-04, 3.25e-01, 8.75e-05, 3.20e-03, 1.24e-01, 2.24e-01, 2.70e-02, 1.53e-02, 3.32e-02, 3.21e+00, 1.31e-01]
58800 [2.47e-02, 6.84e-06, 3.39e-01, 6.03e-05, 2.75e-05, 1.26e-01, 2.19e-01, 2.74e-02, 1.99e-02, 2.87e-02, 3.23e+00, 1.23e-01]
59500 [2.63e-02, 1.93e-05, 3.58e-01, 3.82e-05, 4.75e-05, 1.21e-01, 2.20e-01, 2.50e-02, 1.46e-02, 3.39e-02, 3.23e+00, 1.26e-01]
60200 [2.66e-02, 4.70e-05, 3.45e-01, 1.25e-05, 1.18e-06, 1.17e-01, 2.25e-01, 2.15e-02, 1.04e-02, 3.81e-02, 3.23e+00, 1.34e-01]
60900 [2.45e-02, 4.95e-06, 3.37e-01, 6.35e-05, 2.49e-05, 1.27e-01, 2.19e-01, 2.89e-02, 2.10e-02, 2.76e-02, 3.25e+00, 1.23e-01]
61600 [2.61e-02, 1.66e-05, 3.56e-01, 4.31e-05, 3.87e-05, 1.22e-01, 2.20e-01, 2.65e-02, 1.54e-02, 3.31e-02, 3.26e+00, 1.27e-01]
62300 [2.69e-02, 3.63e-05, 3.56e-01, 1.95e-05, 1.82e-05, 1.18e-01, 2.23e-01, 2.36e-02, 1.10e-02, 3.76e-02, 3.26e+00, 1.33e-01]
63000 [2.43e-02, 3.56e-06, 3.36e-01, 6.55e-05, 3.48e-05, 1.28e-01, 2.19e-01, 3.02e-02, 2.19e-02, 2.67e-02, 3.27e+00, 1.23e-01]
63700 [2.59e-02, 1.46e-05, 3.54e-01, 4.69e-05, 5.36e-05, 1.23e-01, 2.20e-01, 2.77e-02, 1.61e-02, 3.24e-02, 3.28e+00, 1.27e-01]
64400 [2.70e-02, 3.29e-05, 3.62e-01, 2.39e-05, 8.43e-06, 1.18e-01, 2.22e-01, 2.52e-02, 1.15e-02, 3.71e-02, 3.28e+00, 1.33e-01]
65100 [2.42e-02, 2.41e-06, 3.35e-01, 6.67e-05, 3.20e-05, 1.29e-01, 2.19e-01, 3.15e-02, 2.27e-02, 2.58e-02, 3.29e+00, 1.24e-01]
65800 [2.57e-02, 1.28e-05, 3.52e-01, 4.99e-05, 5.67e-05, 1.24e-01, 2.20e-01, 2.89e-02, 1.68e-02, 3.18e-02, 3.30e+00, 1.27e-01]
66500 [2.71e-02, 2.98e-05, 3.64e-01, 2.89e-05, 8.00e-05, 1.19e-01, 2.22e-01, 2.66e-02, 1.20e-02, 3.66e-02, 3.30e+00, 1.32e-01]
67200 [2.40e-02, 1.31e-06, 3.33e-01, 6.83e-05, 6.32e-05, 1.30e-01, 2.19e-01, 3.26e-02, 2.36e-02, 2.50e-02, 3.31e+00, 1.24e-01]
67900 [2.55e-02, 1.11e-05, 3.50e-01, 5.21e-05, 2.17e-05, 1.25e-01, 2.20e-01, 3.00e-02, 1.75e-02, 3.10e-02, 3.32e+00, 1.27e-01]
68600 [2.70e-02, 2.68e-05, 3.65e-01, 3.17e-05, 3.14e-05, 1.20e-01, 2.22e-01, 2.78e-02, 1.26e-02, 3.60e-02, 3.32e+00, 1.32e-01]
69300 [2.39e-02, 1.70e-07, 3.31e-01, 6.91e-05, 4.35e-05, 1.31e-01, 2.19e-01, 3.37e-02, 2.45e-02, 2.40e-02, 3.33e+00, 1.24e-01]
70000 [2.52e-02, 9.30e-06, 3.47e-01, 5.54e-05, 5.69e-05, 1.26e-01, 2.21e-01, 3.11e-02, 1.84e-02, 3.02e-02, 3.34e+00, 1.27e-01]
