0 [2.31e-02, 1.74e-02, 7.29e-03, -4.56e-02, 2.63e-03, -1.19e-02, -3.33e-01, 1.98e-01, -6.95e-02, -1.06e-03, 1.32e-02]
100 [-2.46e-03, 2.98e-02, 9.78e-02, -1.95e-01, -8.43e-02, 3.67e-02, -2.54e-01, -9.37e-02, 3.57e-04, 1.16e-01, -6.60e-02]
200 [2.04e-02, 2.98e-02, 9.78e-02, -1.95e-01, -7.48e-02, 3.67e-02, -2.54e-01, -9.42e-02, 3.60e-04, 1.16e-01, -6.60e-02]
300 [4.54e-02, 2.98e-02, 9.79e-02, -1.94e-01, -7.01e-02, 3.66e-02, -2.54e-01, -9.25e-02, 3.30e-04, 1.16e-01, -6.60e-02]
400 [6.41e-02, 2.99e-02, 9.79e-02, -1.94e-01, -6.50e-02, 3.66e-02, -2.54e-01, -9.05e-02, 3.04e-04, 1.16e-01, -6.60e-02]
500 [7.76e-02, 3.06e-02, 9.80e-02, -1.94e-01, -5.92e-02, 3.66e-02, -2.54e-01, -8.87e-02, 2.87e-04, 1.16e-01, -6.60e-02]
600 [8.79e-02, 3.71e-02, 9.82e-02, -1.94e-01, -5.28e-02, 3.66e-02, -2.54e-01, -8.70e-02, 2.79e-04, 1.16e-01, -6.60e-02]
700 [9.62e-02, 7.26e-02, 9.84e-02, -1.94e-01, -4.59e-02, 3.66e-02, -2.54e-01, -8.53e-02, 2.78e-04, 1.16e-01, -6.60e-02]
800 [1.03e-01, 1.78e-01, 9.86e-02, -1.94e-01, -3.87e-02, 3.66e-02, -2.54e-01, -8.36e-02, 2.82e-04, 1.16e-01, -6.60e-02]
900 [1.09e-01, 2.59e-01, 9.89e-02, -1.94e-01, -3.13e-02, 3.66e-02, -2.54e-01, -8.19e-02, 2.90e-04, 1.16e-01, -6.60e-02]
1000 [1.14e-01, 1.98e-01, 9.92e-02, -1.94e-01, -2.37e-02, 3.66e-02, -2.54e-01, -8.02e-02, 3.00e-04, 1.16e-01, -6.60e-02]
1100 [1.19e-01, 1.57e-01, 9.95e-02, -1.94e-01, -1.60e-02, 3.66e-02, -2.54e-01, -7.84e-02, 3.13e-04, 1.16e-01, -6.60e-02]
1200 [1.25e-01, 1.35e-01, 9.99e-02, -1.94e-01, -8.35e-03, 3.66e-02, -2.54e-01, -7.66e-02, 3.27e-04, 1.16e-01, -6.60e-02]
1300 [1.32e-01, 1.22e-01, 1.00e-01, -1.94e-01, -7.57e-04, 3.66e-02, -2.54e-01, -7.48e-02, 3.43e-04, 1.16e-01, -6.60e-02]
1400 [1.39e-01, 1.14e-01, 1.01e-01, -1.94e-01, 6.66e-03, 3.66e-02, -2.54e-01, -7.30e-02, 3.61e-04, 1.16e-01, -6.60e-02]
1500 [1.47e-01, 1.10e-01, 1.01e-01, -1.94e-01, 1.38e-02, 3.66e-02, -2.54e-01, -7.13e-02, 3.81e-04, 1.16e-01, -6.60e-02]
1600 [1.57e-01, 1.07e-01, 1.02e-01, -1.93e-01, 2.06e-02, 3.66e-02, -2.54e-01, -6.98e-02, 4.04e-04, 1.16e-01, -6.60e-02]
1700 [1.68e-01, 1.05e-01, 1.02e-01, -1.93e-01, 2.70e-02, 3.66e-02, -2.54e-01, -6.85e-02, 4.30e-04, 1.16e-01, -6.60e-02]
1800 [1.81e-01, 1.04e-01, 1.02e-01, -1.93e-01, 3.28e-02, 3.66e-02, -2.54e-01, -6.74e-02, 4.60e-04, 1.16e-01, -6.60e-02]
1900 [1.97e-01, 1.02e-01, 1.03e-01, -1.93e-01, 3.81e-02, 3.66e-02, -2.54e-01, -6.65e-02, 4.94e-04, 1.16e-01, -6.60e-02]
2000 [2.16e-01, 9.92e-02, 1.03e-01, -1.93e-01, 4.29e-02, 3.66e-02, -2.54e-01, -6.58e-02, 5.32e-04, 1.16e-01, -6.60e-02]
2100 [2.38e-01, 9.60e-02, 1.04e-01, -1.93e-01, 4.72e-02, 3.66e-02, -2.54e-01, -6.54e-02, 5.75e-04, 1.16e-01, -6.60e-02]
2200 [2.64e-01, 9.23e-02, 1.04e-01, -1.93e-01, 5.12e-02, 3.66e-02, -2.54e-01, -6.52e-02, 6.24e-04, 1.16e-01, -6.60e-02]
2300 [2.92e-01, 8.82e-02, 1.05e-01, -1.93e-01, 5.52e-02, 3.66e-02, -2.54e-01, -6.52e-02, 6.78e-04, 1.16e-01, -6.60e-02]
2400 [3.21e-01, 8.42e-02, 1.05e-01, -1.93e-01, 5.93e-02, 3.66e-02, -2.54e-01, -6.53e-02, 7.38e-04, 1.16e-01, -6.60e-02]
2500 [3.50e-01, 8.05e-02, 1.05e-01, -1.93e-01, 6.40e-02, 3.66e-02, -2.54e-01, -6.55e-02, 8.05e-04, 1.16e-01, -6.60e-02]
2600 [3.77e-01, 7.71e-02, 1.06e-01, -1.93e-01, 6.96e-02, 3.66e-02, -2.54e-01, -6.58e-02, 8.77e-04, 1.16e-01, -6.60e-02]
2700 [4.04e-01, 7.39e-02, 1.06e-01, -1.93e-01, 7.66e-02, 3.66e-02, -2.54e-01, -6.62e-02, 9.55e-04, 1.16e-01, -6.60e-02]
2800 [4.30e-01, 7.06e-02, 1.06e-01, -1.93e-01, 8.55e-02, 3.66e-02, -2.54e-01, -6.68e-02, 1.04e-03, 1.16e-01, -6.60e-02]
2900 [4.55e-01, 6.73e-02, 1.07e-01, -1.93e-01, 9.71e-02, 3.66e-02, -2.54e-01, -6.74e-02, 1.13e-03, 1.16e-01, -6.60e-02]
3000 [4.80e-01, 6.42e-02, 1.07e-01, -1.93e-01, 1.13e-01, 3.66e-02, -2.54e-01, -6.82e-02, 1.22e-03, 1.16e-01, -6.60e-02]
3100 [5.04e-01, 6.13e-02, 1.07e-01, -1.92e-01, 1.33e-01, 3.67e-02, -2.54e-01, -6.90e-02, 1.32e-03, 1.16e-01, -6.60e-02]
3200 [5.28e-01, 5.86e-02, 1.07e-01, -1.92e-01, 1.61e-01, 3.67e-02, -2.54e-01, -7.00e-02, 1.42e-03, 1.16e-01, -6.60e-02]
3300 [5.52e-01, 5.62e-02, 1.08e-01, -1.92e-01, 1.98e-01, 3.67e-02, -2.54e-01, -7.10e-02, 1.52e-03, 1.16e-01, -6.60e-02]
3400 [5.76e-01, 5.39e-02, 1.08e-01, -1.92e-01, 2.46e-01, 3.67e-02, -2.54e-01, -7.22e-02, 1.63e-03, 1.16e-01, -6.60e-02]
3500 [6.00e-01, 5.18e-02, 1.08e-01, -1.92e-01, 3.07e-01, 3.67e-02, -2.54e-01, -7.34e-02, 1.73e-03, 1.16e-01, -6.60e-02]
3600 [6.23e-01, 4.99e-02, 1.09e-01, -1.91e-01, 3.82e-01, 3.68e-02, -2.54e-01, -7.48e-02, 1.83e-03, 1.16e-01, -6.60e-02]
3700 [6.46e-01, 4.81e-02, 1.09e-01, -1.91e-01, 4.67e-01, 3.68e-02, -2.54e-01, -7.62e-02, 1.93e-03, 1.16e-01, -6.60e-02]
3800 [6.70e-01, 4.65e-02, 1.09e-01, -1.91e-01, 5.59e-01, 3.68e-02, -2.54e-01, -7.78e-02, 2.01e-03, 1.16e-01, -6.60e-02]
3900 [6.93e-01, 4.50e-02, 1.09e-01, -1.90e-01, 6.55e-01, 3.69e-02, -2.54e-01, -7.94e-02, 2.09e-03, 1.16e-01, -6.60e-02]
4000 [7.01e-01, 5.03e-02, 1.10e-01, -1.90e-01, 7.53e-01, 3.69e-02, -2.54e-01, -8.11e-02, 2.17e-03, 1.16e-01, -6.60e-02]
4100 [6.60e-01, 4.69e-02, 1.10e-01, -1.89e-01, 8.50e-01, 3.70e-02, -2.54e-01, -8.30e-02, 2.23e-03, 1.16e-01, -6.60e-02]
4200 [6.89e-01, 4.63e-02, 1.11e-01, -1.89e-01, 9.50e-01, 3.70e-02, -2.54e-01, -8.49e-02, 2.28e-03, 1.16e-01, -6.60e-02]
4300 [7.16e-01, 4.54e-02, 1.11e-01, -1.88e-01, 1.05e+00, 3.71e-02, -2.54e-01, -8.66e-02, 2.33e-03, 1.16e-01, -6.60e-02]
4400 [7.43e-01, 4.45e-02, 1.11e-01, -1.87e-01, 1.14e+00, 3.71e-02, -2.54e-01, -8.83e-02, 2.37e-03, 1.16e-01, -6.60e-02]
4500 [7.69e-01, 4.34e-02, 1.12e-01, -1.87e-01, 1.23e+00, 3.72e-02, -2.54e-01, -8.98e-02, 2.41e-03, 1.16e-01, -6.60e-02]
4600 [6.84e-01, 4.59e-02, 1.12e-01, -1.86e-01, 1.09e+00, 3.72e-02, -2.54e-01, -9.27e-02, 2.46e-03, 1.16e-01, -6.60e-02]
4700 [7.19e-01, 4.58e-02, 1.13e-01, -1.86e-01, 1.20e+00, 3.73e-02, -2.54e-01, -9.48e-02, 2.51e-03, 1.16e-01, -6.60e-02]
4800 [7.51e-01, 4.53e-02, 1.14e-01, -1.85e-01, 1.30e+00, 3.74e-02, -2.54e-01, -9.66e-02, 2.56e-03, 1.16e-01, -6.60e-02]
4900 [7.82e-01, 4.44e-02, 1.14e-01, -1.84e-01, 1.40e+00, 3.75e-02, -2.54e-01, -9.83e-02, 2.60e-03, 1.16e-01, -6.60e-02]
5000 [7.28e-01, 4.72e-02, 1.15e-01, -1.84e-01, 1.23e+00, 3.76e-02, -2.54e-01, -1.01e-01, 2.65e-03, 1.16e-01, -6.60e-02]
5100 [7.50e-01, 4.44e-02, 1.16e-01, -1.83e-01, 1.29e+00, 3.77e-02, -2.54e-01, -1.03e-01, 2.71e-03, 1.16e-01, -6.60e-02]
5200 [7.86e-01, 4.42e-02, 1.16e-01, -1.82e-01, 1.41e+00, 3.78e-02, -2.54e-01, -1.05e-01, 2.77e-03, 1.16e-01, -6.60e-02]
5300 [8.19e-01, 4.36e-02, 1.17e-01, -1.81e-01, 1.51e+00, 3.79e-02, -2.54e-01, -1.07e-01, 2.83e-03, 1.16e-01, -6.60e-02]
5400 [6.75e-01, 4.60e-02, 1.18e-01, -1.81e-01, 1.26e+00, 3.80e-02, -2.54e-01, -1.11e-01, 2.89e-03, 1.16e-01, -6.60e-02]
5500 [7.23e-01, 4.58e-02, 1.19e-01, -1.80e-01, 1.38e+00, 3.81e-02, -2.54e-01, -1.14e-01, 2.97e-03, 1.16e-01, -6.60e-02]
5600 [7.69e-01, 4.58e-02, 1.20e-01, -1.79e-01, 1.50e+00, 3.83e-02, -2.54e-01, -1.16e-01, 3.04e-03, 1.16e-01, -6.60e-02]
5700 [8.10e-01, 4.52e-02, 1.22e-01, -1.78e-01, 1.62e+00, 3.84e-02, -2.54e-01, -1.18e-01, 3.10e-03, 1.16e-01, -6.60e-02]
5800 [8.47e-01, 4.42e-02, 1.23e-01, -1.77e-01, 1.72e+00, 3.86e-02, -2.54e-01, -1.20e-01, 3.16e-03, 1.16e-01, -6.60e-02]
5900 [7.17e-01, 4.38e-02, 1.24e-01, -1.76e-01, 1.32e+00, 3.87e-02, -2.54e-01, -1.24e-01, 3.24e-03, 1.16e-01, -6.60e-02]
6000 [7.73e-01, 4.48e-02, 1.25e-01, -1.75e-01, 1.46e+00, 3.89e-02, -2.54e-01, -1.27e-01, 3.33e-03, 1.16e-01, -6.60e-02]
6100 [8.21e-01, 4.45e-02, 1.27e-01, -1.74e-01, 1.58e+00, 3.91e-02, -2.54e-01, -1.30e-01, 3.41e-03, 1.16e-01, -6.60e-02]
6200 [8.64e-01, 4.36e-02, 1.28e-01, -1.73e-01, 1.70e+00, 3.93e-02, -2.54e-01, -1.32e-01, 3.47e-03, 1.16e-01, -6.60e-02]
6300 [6.07e-01, 4.96e-02, 1.30e-01, -1.73e-01, 1.17e+00, 3.95e-02, -2.54e-01, -1.40e-01, 3.54e-03, 1.16e-01, -6.60e-02]
6400 [6.69e-01, 4.63e-02, 1.32e-01, -1.71e-01, 1.22e+00, 3.97e-02, -2.54e-01, -1.47e-01, 3.69e-03, 1.16e-01, -6.59e-02]
6500 [7.43e-01, 4.63e-02, 1.34e-01, -1.69e-01, 1.38e+00, 3.99e-02, -2.54e-01, -1.52e-01, 3.81e-03, 1.17e-01, -6.59e-02]
6600 [8.02e-01, 4.54e-02, 1.36e-01, -1.68e-01, 1.52e+00, 4.02e-02, -2.54e-01, -1.55e-01, 3.90e-03, 1.17e-01, -6.59e-02]
6700 [8.54e-01, 4.43e-02, 1.38e-01, -1.66e-01, 1.65e+00, 4.04e-02, -2.54e-01, -1.58e-01, 3.97e-03, 1.17e-01, -6.59e-02]
6800 [9.00e-01, 4.30e-02, 1.40e-01, -1.65e-01, 1.77e+00, 4.07e-02, -2.54e-01, -1.61e-01, 4.03e-03, 1.17e-01, -6.59e-02]
6900 [5.33e-01, 4.74e-02, 1.42e-01, -1.65e-01, 8.54e-01, 4.10e-02, -2.54e-01, -1.68e-01, 4.12e-03, 1.17e-01, -6.59e-02]
7000 [6.51e-01, 4.58e-02, 1.45e-01, -1.63e-01, 9.74e-01, 4.13e-02, -2.54e-01, -1.79e-01, 4.35e-03, 1.17e-01, -6.59e-02]
7100 [7.37e-01, 4.48e-02, 1.47e-01, -1.60e-01, 1.16e+00, 4.16e-02, -2.54e-01, -1.86e-01, 4.52e-03, 1.17e-01, -6.59e-02]
7200 [8.06e-01, 4.38e-02, 1.50e-01, -1.58e-01, 1.33e+00, 4.19e-02, -2.54e-01, -1.92e-01, 4.63e-03, 1.17e-01, -6.59e-02]
7300 [8.63e-01, 4.27e-02, 1.52e-01, -1.56e-01, 1.47e+00, 4.23e-02, -2.54e-01, -1.96e-01, 4.72e-03, 1.17e-01, -6.59e-02]
7400 [9.13e-01, 4.16e-02, 1.54e-01, -1.54e-01, 1.60e+00, 4.26e-02, -2.54e-01, -2.00e-01, 4.78e-03, 1.17e-01, -6.59e-02]
7500 [7.97e-01, 5.48e-02, 1.56e-01, -1.52e-01, 1.67e+00, 4.30e-02, -2.54e-01, -2.05e-01, 4.83e-03, 1.17e-01, -6.59e-02]
7600 [5.56e-01, 4.70e-02, 1.60e-01, -1.49e-01, 1.17e+00, 4.34e-02, -2.54e-01, -2.21e-01, 5.03e-03, 1.17e-01, -6.59e-02]
7700 [6.72e-01, 4.61e-02, 1.64e-01, -1.46e-01, 1.37e+00, 4.38e-02, -2.54e-01, -2.30e-01, 5.18e-03, 1.17e-01, -6.58e-02]
7800 [7.56e-01, 4.46e-02, 1.67e-01, -1.43e-01, 1.54e+00, 4.43e-02, -2.54e-01, -2.36e-01, 5.26e-03, 1.17e-01, -6.58e-02]
7900 [8.23e-01, 4.36e-02, 1.70e-01, -1.40e-01, 1.68e+00, 4.47e-02, -2.54e-01, -2.40e-01, 5.29e-03, 1.17e-01, -6.58e-02]
8000 [8.79e-01, 4.27e-02, 1.72e-01, -1.38e-01, 1.81e+00, 4.52e-02, -2.54e-01, -2.44e-01, 5.31e-03, 1.17e-01, -6.58e-02]
8100 [9.28e-01, 4.16e-02, 1.75e-01, -1.35e-01, 1.93e+00, 4.58e-02, -2.54e-01, -2.47e-01, 5.31e-03, 1.17e-01, -6.58e-02]
8200 [4.20e-01, 6.32e-02, 1.77e-01, -1.36e-01, 1.47e+00, 4.63e-02, -2.54e-01, -2.65e-01, 5.31e-03, 1.17e-01, -6.57e-02]
8300 [5.51e-01, 4.88e-02, 1.83e-01, -1.31e-01, 1.56e+00, 4.69e-02, -2.54e-01, -2.81e-01, 5.50e-03, 1.18e-01, -6.57e-02]
8400 [6.70e-01, 4.59e-02, 1.87e-01, -1.27e-01, 1.69e+00, 4.75e-02, -2.54e-01, -2.89e-01, 5.56e-03, 1.18e-01, -6.57e-02]
8500 [7.55e-01, 4.42e-02, 1.90e-01, -1.23e-01, 1.81e+00, 4.81e-02, -2.54e-01, -2.94e-01, 5.53e-03, 1.18e-01, -6.56e-02]
8600 [8.21e-01, 4.33e-02, 1.93e-01, -1.20e-01, 1.91e+00, 4.87e-02, -2.54e-01, -2.99e-01, 5.46e-03, 1.18e-01, -6.56e-02]
8700 [8.77e-01, 4.24e-02, 1.96e-01, -1.17e-01, 2.01e+00, 4.94e-02, -2.54e-01, -3.02e-01, 5.37e-03, 1.18e-01, -6.56e-02]
8800 [9.27e-01, 4.13e-02, 1.99e-01, -1.13e-01, 2.10e+00, 5.01e-02, -2.54e-01, -3.06e-01, 5.25e-03, 1.18e-01, -6.55e-02]
8900 [6.93e-01, 3.89e-02, 2.02e-01, -1.11e-01, 1.47e+00, 5.09e-02, -2.54e-01, -3.17e-01, 5.18e-03, 1.18e-01, -6.55e-02]
9000 [7.92e-01, 3.96e-02, 2.06e-01, -1.06e-01, 1.59e+00, 5.17e-02, -2.54e-01, -3.29e-01, 5.14e-03, 1.18e-01, -6.54e-02]
9100 [8.65e-01, 3.96e-02, 2.09e-01, -1.02e-01, 1.70e+00, 5.25e-02, -2.54e-01, -3.37e-01, 5.00e-03, 1.18e-01, -6.53e-02]
9200 [9.25e-01, 3.92e-02, 2.11e-01, -9.76e-02, 1.80e+00, 5.34e-02, -2.54e-01, -3.44e-01, 4.79e-03, 1.18e-01, -6.53e-02]
9300 [5.11e-01, 4.79e-02, 2.13e-01, -9.58e-02, 1.55e+00, 5.43e-02, -2.54e-01, -3.50e-01, 4.54e-03, 1.18e-01, -6.52e-02]
9400 [6.25e-01, 4.16e-02, 2.19e-01, -8.86e-02, 1.55e+00, 5.52e-02, -2.54e-01, -3.72e-01, 4.45e-03, 1.19e-01, -6.51e-02]
9500 [7.42e-01, 4.04e-02, 2.23e-01, -8.26e-02, 1.69e+00, 5.62e-02, -2.54e-01, -3.84e-01, 4.19e-03, 1.19e-01, -6.50e-02]
9600 [8.25e-01, 4.03e-02, 2.26e-01, -7.73e-02, 1.82e+00, 5.72e-02, -2.54e-01, -3.93e-01, 3.81e-03, 1.19e-01, -6.49e-02]
9700 [8.90e-01, 3.98e-02, 2.28e-01, -7.23e-02, 1.93e+00, 5.82e-02, -2.54e-01, -3.99e-01, 3.36e-03, 1.19e-01, -6.48e-02]
9800 [9.46e-01, 3.90e-02, 2.30e-01, -6.76e-02, 2.03e+00, 5.93e-02, -2.54e-01, -4.05e-01, 2.85e-03, 1.19e-01, -6.47e-02]
9900 [4.49e-01, 4.25e-02, 2.32e-01, -7.09e-02, 1.04e+00, 6.05e-02, -2.54e-01, -4.67e-01, 2.43e-03, 1.19e-01, -6.46e-02]
10000 [6.23e-01, 3.99e-02, 2.38e-01, -6.08e-02, 1.20e+00, 6.16e-02, -2.54e-01, -5.03e-01, 2.19e-03, 1.19e-01, -6.45e-02]
10000 [6.23e-01, 3.99e-02, 2.38e-01, -6.08e-02, 1.20e+00, 6.16e-02, -2.54e-01, -5.03e-01, 2.19e-03, 1.19e-01, -6.45e-02]
10100 [4.23e-01, -3.29e-02, 2.80e-01, 5.11e-06, 8.76e-01, 1.27e-01, -1.27e-01, -5.26e-01, -2.78e-02, 1.58e-01, 1.82e-02]
10200 [5.90e-01, -3.28e-02, 2.87e-01, 5.92e-02, 9.77e-01, 1.24e-01, -1.27e-01, -7.14e-01, -3.35e-02, 1.59e-01, 1.81e-02]
10300 [7.26e-01, -3.27e-02, 2.93e-01, 1.51e-01, 1.13e+00, 1.24e-01, -1.27e-01, -9.61e-01, -4.29e-02, 1.60e-01, 1.75e-02]
10400 [8.24e-01, -3.25e-02, 2.99e-01, 2.48e-01, 1.30e+00, 1.25e-01, -1.27e-01, -1.19e+00, -5.28e-02, 1.61e-01, 1.69e-02]
10500 [9.03e-01, -3.18e-02, 3.06e-01, 3.41e-01, 1.48e+00, 1.27e-01, -1.27e-01, -1.39e+00, -6.20e-02, 1.63e-01, 1.67e-02]
10600 [9.69e-01, -3.05e-02, 3.13e-01, 4.34e-01, 1.68e+00, 1.30e-01, -1.27e-01, -1.56e+00, -7.00e-02, 1.65e-01, 1.70e-02]
10700 [1.02e+00, -2.85e-02, 3.22e-01, 5.29e-01, 1.88e+00, 1.33e-01, -1.27e-01, -1.72e+00, -7.60e-02, 1.67e-01, 1.76e-02]
10800 [8.57e-01, -2.55e-02, 3.32e-01, 5.74e-01, 1.92e+00, 1.37e-01, -1.27e-01, -1.80e+00, -8.01e-02, 1.69e-01, 1.84e-02]
10900 [9.25e-01, -2.23e-02, 3.43e-01, 6.78e-01, 2.13e+00, 1.41e-01, -1.27e-01, -1.96e+00, -8.48e-02, 1.71e-01, 1.92e-02]
11000 [9.80e-01, -1.94e-02, 3.54e-01, 7.81e-01, 2.35e+00, 1.46e-01, -1.27e-01, -2.10e+00, -8.81e-02, 1.74e-01, 2.01e-02]
11100 [1.02e+00, -1.66e-02, 3.66e-01, 8.80e-01, 2.57e+00, 1.50e-01, -1.27e-01, -2.21e+00, -9.00e-02, 1.78e-01, 2.11e-02]
11200 [1.06e+00, -1.38e-02, 3.79e-01, 9.74e-01, 2.79e+00, 1.55e-01, -1.27e-01, -2.31e+00, -9.12e-02, 1.82e-01, 2.21e-02]
11300 [1.00e+00, -1.08e-02, 3.92e-01, 1.03e+00, 2.78e+00, 1.60e-01, -1.27e-01, -2.36e+00, -9.26e-02, 1.86e-01, 2.30e-02]
11400 [1.04e+00, -8.36e-03, 4.05e-01, 1.13e+00, 3.01e+00, 1.65e-01, -1.27e-01, -2.45e+00, -9.49e-02, 1.91e-01, 2.39e-02]
11500 [1.07e+00, -6.01e-03, 4.18e-01, 1.22e+00, 3.23e+00, 1.70e-01, -1.27e-01, -2.51e+00, -9.72e-02, 1.96e-01, 2.47e-02]
11600 [9.92e-01, -3.47e-03, 4.32e-01, 1.26e+00, 3.23e+00, 1.74e-01, -1.27e-01, -2.53e+00, -1.01e-01, 2.02e-01, 2.54e-02]
11700 [1.02e+00, -1.58e-03, 4.46e-01, 1.35e+00, 3.47e+00, 1.79e-01, -1.27e-01, -2.58e+00, -1.06e-01, 2.09e-01, 2.59e-02]
11800 [9.51e-01, 4.32e-04, 4.59e-01, 1.38e+00, 3.46e+00, 1.84e-01, -1.27e-01, -2.57e+00, -1.11e-01, 2.16e-01, 2.63e-02]
11900 [9.61e-01, 2.26e-03, 4.73e-01, 1.46e+00, 3.66e+00, 1.88e-01, -1.27e-01, -2.60e+00, -1.20e-01, 2.24e-01, 2.64e-02]
12000 [9.86e-01, 3.75e-03, 4.86e-01, 1.54e+00, 3.91e+00, 1.92e-01, -1.27e-01, -2.62e+00, -1.29e-01, 2.33e-01, 2.64e-02]
12100 [8.80e-01, 5.60e-03, 4.99e-01, 1.54e+00, 3.79e+00, 1.95e-01, -1.27e-01, -2.56e+00, -1.39e-01, 2.41e-01, 2.64e-02]
12200 [9.03e-01, 6.85e-03, 5.12e-01, 1.62e+00, 4.03e+00, 1.99e-01, -1.27e-01, -2.57e+00, -1.53e-01, 2.51e-01, 2.60e-02]
12300 [9.26e-01, 8.07e-03, 5.24e-01, 1.71e+00, 4.29e+00, 2.02e-01, -1.27e-01, -2.57e+00, -1.68e-01, 2.62e-01, 2.55e-02]
12400 [8.56e-01, 9.58e-03, 5.36e-01, 1.72e+00, 4.26e+00, 2.05e-01, -1.27e-01, -2.50e+00, -1.83e-01, 2.72e-01, 2.49e-02]
12500 [8.17e-01, 1.09e-02, 5.48e-01, 1.75e+00, 4.30e+00, 2.08e-01, -1.27e-01, -2.44e+00, -2.03e-01, 2.82e-01, 2.41e-02]
12600 [8.43e-01, 1.18e-02, 5.58e-01, 1.83e+00, 4.56e+00, 2.10e-01, -1.27e-01, -2.41e+00, -2.25e-01, 2.96e-01, 2.32e-02]
12700 [8.58e-01, 1.31e-02, 5.68e-01, 1.91e+00, 4.81e+00, 2.12e-01, -1.27e-01, -2.37e+00, -2.47e-01, 3.09e-01, 2.22e-02]
12800 [6.82e-01, 1.50e-02, 5.78e-01, 1.81e+00, 4.44e+00, 2.14e-01, -1.27e-01, -2.22e+00, -2.66e-01, 3.08e-01, 2.13e-02]
12900 [7.26e-01, 1.54e-02, 5.88e-01, 1.89e+00, 4.66e+00, 2.15e-01, -1.27e-01, -2.16e+00, -2.97e-01, 3.22e-01, 2.00e-02]
13000 [7.52e-01, 1.62e-02, 5.96e-01, 1.97e+00, 4.90e+00, 2.17e-01, -1.27e-01, -2.10e+00, -3.27e-01, 3.37e-01, 1.88e-02]
13100 [7.66e-01, 1.75e-02, 6.03e-01, 2.05e+00, 5.14e+00, 2.18e-01, -1.27e-01, -2.04e+00, -3.58e-01, 3.52e-01, 1.76e-02]
13200 [7.73e-01, 1.90e-02, 6.09e-01, 2.12e+00, 5.36e+00, 2.19e-01, -1.27e-01, -1.96e+00, -3.89e-01, 3.66e-01, 1.65e-02]
13300 [5.69e-01, 2.08e-02, 6.18e-01, 1.89e+00, 4.76e+00, 2.19e-01, -1.27e-01, -1.70e+00, -4.08e-01, 3.39e-01, 1.55e-02]
13400 [6.35e-01, 2.03e-02, 6.24e-01, 1.98e+00, 4.98e+00, 2.20e-01, -1.27e-01, -1.62e+00, -4.50e-01, 3.56e-01, 1.43e-02]
13500 [6.61e-01, 2.10e-02, 6.28e-01, 2.07e+00, 5.19e+00, 2.20e-01, -1.27e-01, -1.52e+00, -4.88e-01, 3.73e-01, 1.32e-02]
13600 [6.75e-01, 2.23e-02, 6.31e-01, 2.15e+00, 5.39e+00, 2.20e-01, -1.27e-01, -1.42e+00, -5.27e-01, 3.88e-01, 1.22e-02]
13700 [6.84e-01, 2.39e-02, 6.33e-01, 2.22e+00, 5.58e+00, 2.21e-01, -1.27e-01, -1.32e+00, -5.66e-01, 4.02e-01, 1.12e-02]
13800 [6.90e-01, 2.56e-02, 6.34e-01, 2.28e+00, 5.76e+00, 2.21e-01, -1.27e-01, -1.21e+00, -6.06e-01, 4.17e-01, 1.03e-02]
13900 [5.00e-01, 2.68e-02, 6.40e-01, 1.94e+00, 5.16e+00, 2.20e-01, -1.27e-01, -9.25e-01, -6.00e-01, 3.69e-01, 9.97e-03]
14000 [5.75e-01, 2.61e-02, 6.40e-01, 2.02e+00, 5.34e+00, 2.20e-01, -1.27e-01, -8.20e-01, -6.47e-01, 3.86e-01, 9.23e-03]
14100 [6.01e-01, 2.69e-02, 6.39e-01, 2.10e+00, 5.50e+00, 2.20e-01, -1.27e-01, -7.15e-01, -6.92e-01, 4.02e-01, 8.62e-03]
14200 [6.19e-01, 2.83e-02, 6.36e-01, 2.17e+00, 5.66e+00, 2.20e-01, -1.27e-01, -6.08e-01, -7.36e-01, 4.17e-01, 8.07e-03]
14300 [6.32e-01, 2.99e-02, 6.33e-01, 2.24e+00, 5.81e+00, 2.20e-01, -1.27e-01, -5.00e-01, -7.80e-01, 4.31e-01, 7.56e-03]
14400 [6.43e-01, 3.16e-02, 6.29e-01, 2.29e+00, 5.95e+00, 2.19e-01, -1.27e-01, -3.91e-01, -8.23e-01, 4.45e-01, 7.09e-03]
14500 [3.84e-01, 3.38e-02, 6.31e-01, 1.80e+00, 5.28e+00, 2.18e-01, -1.27e-01, -1.78e-01, -7.17e-01, 3.54e-01, 7.80e-03]
14600 [5.24e-01, 3.12e-02, 6.27e-01, 1.86e+00, 5.40e+00, 2.18e-01, -1.27e-01, -8.37e-02, -7.61e-01, 3.70e-01, 7.65e-03]
14700 [5.64e-01, 3.17e-02, 6.20e-01, 1.95e+00, 5.54e+00, 2.18e-01, -1.27e-01, 5.29e-03, -8.08e-01, 3.87e-01, 7.58e-03]
14800 [5.91e-01, 3.32e-02, 6.12e-01, 2.04e+00, 5.67e+00, 2.17e-01, -1.27e-01, 9.34e-02, -8.54e-01, 4.02e-01, 7.50e-03]
14900 [6.13e-01, 3.48e-02, 6.03e-01, 2.11e+00, 5.79e+00, 2.17e-01, -1.27e-01, 1.81e-01, -8.98e-01, 4.18e-01, 7.42e-03]
15000 [6.31e-01, 3.66e-02, 5.94e-01, 2.17e+00, 5.91e+00, 2.17e-01, -1.27e-01, 2.67e-01, -9.41e-01, 4.33e-01, 7.32e-03]
15100 [6.48e-01, 3.84e-02, 5.84e-01, 2.22e+00, 6.02e+00, 2.17e-01, -1.27e-01, 3.52e-01, -9.83e-01, 4.48e-01, 7.23e-03]
15200 [3.67e-01, 3.99e-02, 5.86e-01, 1.61e+00, 5.30e+00, 2.14e-01, -1.27e-01, 5.54e-01, -6.94e-01, 3.16e-01, 8.14e-03]
15300 [5.15e-01, 3.62e-02, 5.75e-01, 1.69e+00, 5.41e+00, 2.14e-01, -1.27e-01, 6.17e-01, -7.34e-01, 3.36e-01, 8.39e-03]
15400 [5.66e-01, 3.72e-02, 5.61e-01, 1.78e+00, 5.53e+00, 2.14e-01, -1.27e-01, 6.77e-01, -7.79e-01, 3.54e-01, 8.62e-03]
15500 [6.03e-01, 3.91e-02, 5.48e-01, 1.86e+00, 5.64e+00, 2.15e-01, -1.27e-01, 7.34e-01, -8.20e-01, 3.72e-01, 8.78e-03]
15600 [6.33e-01, 4.11e-02, 5.33e-01, 1.93e+00, 5.74e+00, 2.15e-01, -1.27e-01, 7.91e-01, -8.60e-01, 3.90e-01, 8.89e-03]
15700 [6.59e-01, 4.29e-02, 5.19e-01, 2.00e+00, 5.84e+00, 2.15e-01, -1.27e-01, 8.46e-01, -8.97e-01, 4.08e-01, 8.96e-03]
15800 [6.83e-01, 4.46e-02, 5.04e-01, 2.05e+00, 5.93e+00, 2.15e-01, -1.27e-01, 9.00e-01, -9.32e-01, 4.26e-01, 9.01e-03]
15900 [3.52e-01, 4.59e-02, 5.04e-01, 1.52e+00, 5.32e+00, 2.12e-01, -1.27e-01, 1.12e+00, -5.82e-01, 2.78e-01, 7.89e-03]
16000 [5.16e-01, 4.14e-02, 4.92e-01, 1.57e+00, 5.42e+00, 2.14e-01, -1.27e-01, 1.16e+00, -6.09e-01, 3.00e-01, 8.04e-03]
16100 [5.82e-01, 4.30e-02, 4.75e-01, 1.65e+00, 5.52e+00, 2.15e-01, -1.27e-01, 1.20e+00, -6.43e-01, 3.21e-01, 8.20e-03]
16200 [6.30e-01, 4.53e-02, 4.58e-01, 1.72e+00, 5.62e+00, 2.16e-01, -1.27e-01, 1.23e+00, -6.74e-01, 3.41e-01, 8.28e-03]
16300 [6.69e-01, 4.75e-02, 4.41e-01, 1.78e+00, 5.71e+00, 2.16e-01, -1.27e-01, 1.27e+00, -7.02e-01, 3.61e-01, 8.31e-03]
16400 [7.02e-01, 4.93e-02, 4.24e-01, 1.84e+00, 5.80e+00, 2.17e-01, -1.27e-01, 1.30e+00, -7.27e-01, 3.81e-01, 8.31e-03]
16500 [3.27e-01, 5.20e-02, 4.14e-01, 1.44e+00, 5.36e+00, 2.16e-01, -1.27e-01, 1.42e+00, -4.57e-01, 2.88e-01, 7.20e-03]
16600 [5.11e-01, 4.63e-02, 4.12e-01, 1.42e+00, 5.32e+00, 2.17e-01, -1.27e-01, 1.45e+00, -4.07e-01, 3.02e-01, 6.80e-03]
16700 [5.95e-01, 4.83e-02, 3.95e-01, 1.49e+00, 5.42e+00, 2.19e-01, -1.27e-01, 1.48e+00, -4.32e-01, 3.25e-01, 6.77e-03]
16800 [6.54e-01, 5.07e-02, 3.78e-01, 1.57e+00, 5.52e+00, 2.20e-01, -1.27e-01, 1.51e+00, -4.54e-01, 3.49e-01, 6.70e-03]
16900 [7.02e-01, 5.28e-02, 3.61e-01, 1.63e+00, 5.60e+00, 2.21e-01, -1.27e-01, 1.53e+00, -4.72e-01, 3.72e-01, 6.60e-03]
17000 [7.43e-01, 5.45e-02, 3.44e-01, 1.69e+00, 5.69e+00, 2.23e-01, -1.27e-01, 1.56e+00, -4.87e-01, 3.96e-01, 6.47e-03]
17100 [4.22e-01, 5.26e-02, 3.50e-01, 1.27e+00, 5.13e+00, 2.21e-01, -1.27e-01, 1.71e+00, -1.92e-01, 2.09e-01, 4.39e-03]
17200 [5.56e-01, 5.20e-02, 3.41e-01, 1.34e+00, 5.23e+00, 2.23e-01, -1.27e-01, 1.74e+00, -2.06e-01, 2.31e-01, 4.08e-03]
17300 [6.33e-01, 5.48e-02, 3.25e-01, 1.41e+00, 5.32e+00, 2.25e-01, -1.27e-01, 1.76e+00, -2.21e-01, 2.51e-01, 3.84e-03]
17400 [6.94e-01, 5.69e-02, 3.09e-01, 1.47e+00, 5.41e+00, 2.27e-01, -1.27e-01, 1.78e+00, -2.34e-01, 2.70e-01, 3.59e-03]
17500 [7.45e-01, 5.84e-02, 2.93e-01, 1.53e+00, 5.49e+00, 2.28e-01, -1.27e-01, 1.80e+00, -2.42e-01, 2.91e-01, 3.33e-03]
17600 [3.64e-01, 6.04e-02, 2.83e-01, 1.17e+00, 5.00e+00, 2.27e-01, -1.27e-01, 1.87e+00, -6.34e-02, 2.17e-01, 2.50e-03]
17700 [5.22e-01, 5.65e-02, 2.97e-01, 1.19e+00, 4.97e+00, 2.29e-01, -1.27e-01, 1.89e+00, -3.73e-02, 2.29e-01, 1.86e-03]
17800 [6.16e-01, 5.96e-02, 2.85e-01, 1.26e+00, 5.06e+00, 2.32e-01, -1.27e-01, 1.91e+00, -4.86e-02, 2.52e-01, 1.48e-03]
17900 [6.87e-01, 6.14e-02, 2.69e-01, 1.33e+00, 5.15e+00, 2.34e-01, -1.27e-01, 1.92e+00, -5.71e-02, 2.73e-01, 1.12e-03]
18000 [7.46e-01, 6.25e-02, 2.54e-01, 1.39e+00, 5.22e+00, 2.35e-01, -1.27e-01, 1.94e+00, -6.18e-02, 2.95e-01, 7.64e-04]
18100 [7.94e-01, 6.34e-02, 2.40e-01, 1.44e+00, 5.29e+00, 2.37e-01, -1.27e-01, 1.95e+00, -6.30e-02, 3.16e-01, 4.08e-04]
18200 [5.01e-01, 6.18e-02, 2.58e-01, 1.10e+00, 4.85e+00, 2.32e-01, -1.27e-01, 2.01e+00, -2.82e-03, 1.56e-01, -1.20e-04]
18300 [6.02e-01, 6.51e-02, 2.54e-01, 1.16e+00, 4.94e+00, 2.35e-01, -1.27e-01, 2.02e+00, -5.83e-03, 1.73e-01, -7.01e-04]
18400 [6.78e-01, 6.66e-02, 2.42e-01, 1.21e+00, 5.01e+00, 2.38e-01, -1.27e-01, 2.04e+00, -8.51e-03, 1.88e-01, -1.21e-03]
18500 [7.40e-01, 6.73e-02, 2.28e-01, 1.26e+00, 5.08e+00, 2.40e-01, -1.27e-01, 2.05e+00, -7.79e-03, 2.04e-01, -1.71e-03]
18600 [7.95e-01, 6.77e-02, 2.14e-01, 1.30e+00, 5.15e+00, 2.42e-01, -1.27e-01, 2.05e+00, -3.45e-03, 2.20e-01, -2.20e-03]
18700 [4.14e-01, 6.76e-02, 2.18e-01, 9.22e-01, 4.45e+00, 1.40e-01, -1.27e-01, 2.12e+00, -2.01e-01, 9.59e-02, -7.09e-03]
18800 [5.49e-01, 7.41e-02, 2.14e-01, 9.62e-01, 4.52e+00, 1.48e-01, -1.27e-01, 2.12e+00, -1.95e-01, 1.11e-01, -7.92e-03]
18900 [6.40e-01, 7.53e-02, 1.97e-01, 1.00e+00, 4.59e+00, 1.53e-01, -1.27e-01, 2.13e+00, -1.90e-01, 1.26e-01, -8.63e-03]
19000 [7.13e-01, 7.50e-02, 1.81e-01, 1.04e+00, 4.65e+00, 1.58e-01, -1.27e-01, 2.14e+00, -1.81e-01, 1.42e-01, -9.33e-03]
19100 [7.76e-01, 7.46e-02, 1.68e-01, 1.08e+00, 4.70e+00, 1.62e-01, -1.27e-01, 2.14e+00, -1.70e-01, 1.58e-01, -1.00e-02]
19200 [8.32e-01, 7.42e-02, 1.56e-01, 1.11e+00, 4.75e+00, 1.66e-01, -1.27e-01, 2.15e+00, -1.55e-01, 1.75e-01, -1.07e-02]
19300 [3.70e-01, 7.92e-02, 2.16e-01, 7.75e-01, 4.06e+00, 1.61e-01, -1.27e-01, 2.16e+00, 3.49e-02, 1.07e-01, -1.29e-02]
19400 [5.00e-01, 8.57e-02, 2.09e-01, 8.07e-01, 4.13e+00, 1.73e-01, -1.27e-01, 2.17e+00, 3.58e-02, 1.23e-01, -1.35e-02]
19500 [5.91e-01, 8.52e-02, 1.87e-01, 8.39e-01, 4.18e+00, 1.82e-01, -1.27e-01, 2.17e+00, 3.80e-02, 1.39e-01, -1.41e-02]
19600 [6.64e-01, 8.37e-02, 1.70e-01, 8.68e-01, 4.23e+00, 1.89e-01, -1.27e-01, 2.17e+00, 4.44e-02, 1.55e-01, -1.48e-02]
19700 [7.28e-01, 8.24e-02, 1.56e-01, 8.92e-01, 4.27e+00, 1.95e-01, -1.27e-01, 2.18e+00, 5.43e-02, 1.71e-01, -1.55e-02]
19800 [7.84e-01, 8.12e-02, 1.45e-01, 9.12e-01, 4.31e+00, 2.00e-01, -1.27e-01, 2.18e+00, 6.65e-02, 1.88e-01, -1.61e-02]
19900 [8.36e-01, 8.01e-02, 1.36e-01, 9.27e-01, 4.34e+00, 2.04e-01, -1.27e-01, 2.18e+00, 8.06e-02, 2.05e-01, -1.68e-02]
20000 [3.59e-01, 8.83e-02, 1.74e-01, 5.74e-01, 4.03e+00, 1.35e-01, -1.27e-01, 2.28e+00, -1.78e-01, -1.07e-01, -1.98e-02]
20000 [3.59e-01, 8.83e-02, 1.74e-01, 5.74e-01, 4.03e+00, 1.35e-01, -1.27e-01, 2.28e+00, -1.78e-01, -1.07e-01, -1.98e-02]
20100 [2.09e-01, -1.47e-02, 2.57e-01, 5.30e-01, 3.96e+00, 1.33e-01, -8.60e-02, 2.26e+00, -3.48e-02, -1.28e-02, 4.17e-02]
20200 [2.23e-01, -1.40e-02, 2.76e-01, 5.26e-01, 3.96e+00, 1.33e-01, -8.60e-02, 2.26e+00, -3.35e-02, -1.22e-02, 4.08e-02]
20300 [2.39e-01, -1.22e-02, 2.93e-01, 5.22e-01, 3.96e+00, 1.37e-01, -8.60e-02, 2.26e+00, -3.23e-02, -1.14e-02, 4.05e-02]
20400 [2.56e-01, -9.99e-03, 3.02e-01, 5.17e-01, 3.96e+00, 1.44e-01, -8.60e-02, 2.26e+00, -3.09e-02, -1.04e-02, 4.03e-02]
20500 [2.72e-01, -7.36e-03, 3.07e-01, 5.12e-01, 3.96e+00, 1.54e-01, -8.60e-02, 2.26e+00, -2.94e-02, -9.68e-03, 4.02e-02]
20600 [2.89e-01, -4.42e-03, 3.09e-01, 5.07e-01, 3.96e+00, 1.66e-01, -8.60e-02, 2.26e+00, -2.75e-02, -9.20e-03, 4.02e-02]
20700 [3.07e-01, -1.24e-03, 3.09e-01, 5.01e-01, 3.96e+00, 1.79e-01, -8.60e-02, 2.26e+00, -2.54e-02, -8.80e-03, 4.01e-02]
20800 [3.24e-01, 2.13e-03, 3.08e-01, 4.96e-01, 3.96e+00, 1.92e-01, -8.60e-02, 2.26e+00, -2.30e-02, -8.37e-03, 4.00e-02]
20900 [3.42e-01, 5.65e-03, 3.07e-01, 4.90e-01, 3.96e+00, 2.07e-01, -8.60e-02, 2.26e+00, -2.04e-02, -7.90e-03, 4.00e-02]
21000 [3.60e-01, 9.27e-03, 3.05e-01, 4.84e-01, 3.96e+00, 2.21e-01, -8.60e-02, 2.26e+00, -1.77e-02, -7.37e-03, 3.99e-02]
21100 [3.78e-01, 1.30e-02, 3.04e-01, 4.78e-01, 3.96e+00, 2.36e-01, -8.60e-02, 2.26e+00, -1.48e-02, -6.79e-03, 3.98e-02]
21200 [3.95e-01, 1.67e-02, 3.03e-01, 4.73e-01, 3.96e+00, 2.51e-01, -8.60e-02, 2.26e+00, -1.18e-02, -6.16e-03, 3.97e-02]
21300 [4.13e-01, 2.04e-02, 3.03e-01, 4.67e-01, 3.96e+00, 2.66e-01, -8.60e-02, 2.26e+00, -8.77e-03, -5.49e-03, 3.97e-02]
21400 [4.30e-01, 2.41e-02, 3.03e-01, 4.62e-01, 3.96e+00, 2.56e-01, -8.60e-02, 2.26e+00, -5.27e-03, -4.85e-03, 3.95e-02]
21500 [4.48e-01, 2.78e-02, 2.84e-01, 4.56e-01, 3.96e+00, 2.26e-01, -8.60e-02, 2.26e+00, -6.17e-03, -4.46e-03, 3.91e-02]
21600 [4.66e-01, 3.15e-02, 2.70e-01, 4.51e-01, 3.96e+00, 2.41e-01, -8.60e-02, 2.26e+00, -3.56e-03, -3.80e-03, 3.91e-02]
21700 [4.84e-01, 3.52e-02, 2.63e-01, 4.44e-01, 3.95e+00, 2.54e-01, -8.60e-02, 2.26e+00, 5.99e-03, -3.22e-03, 3.90e-02]
21800 [5.02e-01, 3.84e-02, 2.58e-01, 4.37e-01, 3.93e+00, 2.67e-01, -8.60e-02, 2.26e+00, 1.47e-02, -3.65e-03, 3.89e-02]
21900 [5.20e-01, 4.17e-02, 2.54e-01, 4.32e-01, 3.93e+00, 2.81e-01, -8.60e-02, 2.26e+00, 1.73e-02, -3.32e-03, 3.90e-02]
22000 [5.36e-01, 4.49e-02, 2.49e-01, 4.27e-01, 3.93e+00, 2.37e-01, -8.60e-02, 2.26e+00, 1.80e-02, -2.92e-03, 3.87e-02]
22100 [5.54e-01, 4.82e-02, 2.30e-01, 4.22e-01, 3.93e+00, 2.42e-01, -8.60e-02, 2.26e+00, 1.96e-02, -2.37e-03, 3.87e-02]
22200 [5.61e-01, 5.13e-02, 2.20e-01, 3.95e-01, 3.90e+00, 2.54e-01, -8.60e-02, 2.26e+00, 2.62e-02, -1.72e-03, 3.87e-02]
22300 [5.71e-01, 5.43e-02, 2.15e-01, 3.85e-01, 3.90e+00, 2.66e-01, -8.60e-02, 2.26e+00, 2.77e-02, -8.72e-04, 3.87e-02]
22400 [5.52e-01, 5.76e-02, 2.14e-01, 3.59e-01, 3.88e+00, 2.61e-01, -8.60e-02, 2.26e+00, 3.29e-02, 1.94e-03, 3.86e-02]
22500 [5.73e-01, 6.06e-02, 2.14e-01, 3.55e-01, 3.88e+00, 2.74e-01, -8.60e-02, 2.26e+00, 3.53e-02, 2.54e-03, 3.86e-02]
22600 [5.32e-01, 6.37e-02, 2.13e-01, 3.08e-01, 3.82e+00, 2.43e-01, -8.60e-02, 2.27e+00, -2.59e-02, 4.55e-03, 3.86e-02]
22700 [5.55e-01, 6.69e-02, 2.07e-01, 3.04e-01, 3.82e+00, 2.51e-01, -8.60e-02, 2.27e+00, -2.46e-02, 5.18e-03, 3.86e-02]
22800 [5.79e-01, 6.98e-02, 2.03e-01, 3.01e-01, 3.82e+00, 2.64e-01, -8.60e-02, 2.27e+00, -2.20e-02, 5.87e-03, 3.85e-02]
22900 [4.58e-01, 7.30e-02, 2.00e-01, 2.75e-01, 3.82e+00, 2.11e-01, -8.60e-02, 2.27e+00, -4.05e-02, 1.44e-02, 3.86e-02]
23000 [4.79e-01, 7.72e-02, 2.08e-01, 2.68e-01, 3.81e+00, 2.22e-01, -8.60e-02, 2.27e+00, -3.48e-02, 1.19e-02, 3.84e-02]
23100 [5.13e-01, 8.06e-02, 2.05e-01, 2.61e-01, 3.76e+00, 2.38e-01, -8.60e-02, 2.27e+00, -1.10e-02, 1.21e-02, 3.81e-02]
23200 [5.44e-01, 8.34e-02, 2.02e-01, 2.58e-01, 3.76e+00, 2.55e-01, -8.60e-02, 2.27e+00, -7.58e-03, 1.30e-02, 3.81e-02]
23300 [5.73e-01, 8.62e-02, 1.99e-01, 2.51e-01, 3.75e+00, 2.57e-01, -8.60e-02, 2.27e+00, 2.44e-02, 1.39e-02, 3.78e-02]
23400 [5.71e-01, 8.91e-02, 1.82e-01, 2.35e-01, 3.67e+00, 2.28e-01, -8.60e-02, 2.27e+00, 8.54e-02, 1.56e-02, 3.71e-02]
23500 [5.28e-01, 9.17e-02, 1.73e-01, 2.13e-01, 3.67e+00, 2.39e-01, -8.60e-02, 2.27e+00, 7.96e-02, 2.30e-02, 3.70e-02]
23600 [4.99e-01, 9.57e-02, 1.97e-01, 2.01e-01, 3.66e+00, 2.40e-01, -8.60e-02, 2.27e+00, 7.65e-02, 1.32e-02, 3.68e-02]
23700 [5.39e-01, 9.89e-02, 1.99e-01, 2.00e-01, 3.66e+00, 2.61e-01, -8.60e-02, 2.27e+00, 8.00e-02, 1.41e-02, 3.68e-02]
23800 [5.74e-01, 1.02e-01, 1.67e-01, 1.98e-01, 3.65e+00, 1.29e-01, -8.60e-02, 2.27e+00, 5.68e-02, 1.36e-02, 3.64e-02]
23900 [5.33e-01, 1.06e-01, 1.46e-01, 1.34e-01, 3.57e+00, 1.30e-01, -8.60e-02, 2.27e+00, 5.84e-02, 1.54e-02, 3.60e-02]
24000 [5.77e-01, 1.09e-01, 1.43e-01, 1.35e-01, 3.57e+00, 1.33e-01, -8.60e-02, 2.27e+00, 6.25e-02, 1.58e-02, 3.56e-02]
24100 [3.98e-01, 1.13e-01, 1.45e-01, 1.19e-01, 3.55e+00, 1.36e-01, -8.60e-02, 2.27e+00, 6.46e-02, 8.61e-04, 3.53e-02]
24200 [4.51e-01, 1.19e-01, 1.76e-01, 1.16e-01, 3.55e+00, 1.47e-01, -8.60e-02, 2.27e+00, 6.98e-02, -4.19e-03, 3.47e-02]
24300 [5.13e-01, 1.22e-01, 1.61e-01, 1.17e-01, 3.52e+00, 1.60e-01, -8.60e-02, 2.27e+00, 7.20e-02, -4.52e-03, 3.41e-02]
24400 [5.64e-01, 1.26e-01, 1.49e-01, 1.14e-01, 3.43e+00, 1.73e-01, -8.60e-02, 2.27e+00, 6.54e-02, -9.42e-03, 3.37e-02]
24500 [6.08e-01, 1.29e-01, 1.41e-01, 1.17e-01, 3.43e+00, 1.85e-01, -8.60e-02, 2.27e+00, 6.91e-02, -8.45e-03, 3.34e-02]
24600 [4.36e-01, 1.34e-01, 1.87e-01, 7.70e-02, 3.40e+00, 1.91e-01, -8.60e-02, 2.27e+00, 6.55e-02, -1.97e-02, 3.31e-02]
24700 [5.07e-01, 1.38e-01, 1.79e-01, 8.42e-02, 3.40e+00, 2.22e-01, -8.60e-02, 2.27e+00, 7.03e-02, -1.87e-02, 3.29e-02]
24800 [5.65e-01, 1.41e-01, 1.58e-01, 9.00e-02, 3.39e+00, 6.35e-03, -8.60e-02, 2.27e+00, 3.62e-02, -2.00e-02, 3.22e-02]
24900 [5.73e-01, 1.44e-01, 2.02e-01, 3.95e-02, 3.31e+00, -4.64e-02, -8.60e-02, 2.27e+00, 5.15e-02, -1.99e-02, 3.60e-02]
25000 [4.53e-01, 1.46e-01, 2.56e-01, 2.23e-02, 3.31e+00, -1.02e-01, -8.60e-02, 2.27e+00, 7.80e-02, -2.05e-02, 4.67e-02]
25100 [4.85e-01, 1.48e-01, 3.84e-01, 3.17e-02, 3.30e+00, -1.73e-01, -8.60e-02, 2.27e+00, 1.07e-01, -2.29e-02, 7.06e-02]
25200 [5.19e-01, 1.49e-01, 3.98e-01, 4.17e-02, 3.11e+00, -1.13e-01, -8.60e-02, 2.27e+00, 4.55e-02, -3.38e-02, 1.09e-01]
25300 [5.61e-01, 1.49e-01, 4.44e-01, 5.61e-02, 3.11e+00, -2.12e-01, -8.60e-02, 2.27e+00, 8.87e-02, -3.38e-02, 1.50e-01]
25400 [5.03e-01, 1.51e-01, 2.28e-01, 6.51e-02, 3.10e+00, -4.04e-03, -8.60e-02, 2.27e+00, 1.04e-01, -2.13e-02, 1.56e-01]
25500 [5.75e-01, 1.56e-01, 2.71e-01, 6.93e-02, 3.10e+00, -9.57e-02, -8.60e-02, 2.27e+00, 1.19e-01, -1.97e-02, 1.66e-01]
25600 [2.52e-01, 1.57e-01, 3.96e-01, 9.55e-03, 3.00e+00, -1.19e-01, -8.60e-02, 2.26e+00, 1.19e-01, -1.80e-02, 1.83e-01]
25700 [3.42e-01, 1.60e-01, 5.81e-01, 1.40e-02, 3.00e+00, -1.54e-01, -8.60e-02, 2.26e+00, 1.30e-01, -1.59e-02, 2.28e-01]
25800 [4.18e-01, 1.61e-01, 4.31e-01, 2.27e-02, 2.99e+00, -1.57e-01, -8.60e-02, 2.26e+00, 1.26e-01, -2.57e-02, 2.41e-01]
25900 [4.76e-01, 1.63e-01, 5.33e-01, 3.15e-02, 2.99e+00, -2.48e-01, -8.60e-02, 2.26e+00, 1.58e-01, -2.54e-02, 2.89e-01]
26000 [4.65e-01, 1.63e-01, 3.56e-01, 4.67e-02, 2.94e+00, 3.15e-02, -8.60e-02, 2.26e+00, 1.06e-01, -2.76e-02, 2.74e-01]
26100 [5.52e-01, 1.69e-01, 2.91e-01, 5.56e-02, 2.94e+00, -9.60e-02, -8.60e-02, 2.26e+00, 1.32e-01, -2.63e-02, 2.91e-01]
26200 [-5.74e-02, 4.69e-02, 3.80e-01, -8.62e-02, 2.55e+00, -4.56e-02, -8.60e-02, 2.30e+00, -3.49e-02, 3.86e-02, 2.57e-01]
26300 [-1.98e-01, 7.14e-02, 6.79e-01, -7.72e-02, 2.52e+00, -1.89e-01, -8.60e-02, 2.30e+00, 1.35e-02, 3.86e-02, 2.55e-01]
26400 [-2.21e-01, 7.82e-02, 7.26e-01, -6.87e-02, 2.48e+00, -6.64e-02, -8.60e-02, 2.30e+00, 7.68e-02, 2.19e-02, 2.45e-01]
26500 [-2.61e-01, 8.66e-02, 7.25e-01, -6.52e-02, 2.44e+00, -2.75e-01, -8.60e-02, 2.30e+00, 5.21e-02, 7.00e-03, 1.88e-01]
26600 [-2.36e-01, 9.18e-02, 6.74e-01, -8.70e-02, 2.42e+00, -1.04e-01, -8.60e-02, 2.30e+00, 3.36e-02, 3.38e-03, 1.71e-01]
26700 [-3.08e-01, 9.70e-02, 6.98e-01, -8.81e-02, 2.42e+00, -2.71e-01, -8.60e-02, 2.30e+00, 3.76e-02, 1.76e-03, 1.56e-01]
26800 [-3.56e-01, 1.00e-01, 7.61e-01, -9.65e-02, 2.42e+00, -3.46e-01, -8.60e-02, 2.30e+00, 6.43e-02, -1.45e-03, 1.86e-01]
26900 [-1.77e-01, 1.02e-01, 6.35e-01, -5.62e-02, 2.04e+00, -1.81e-01, -8.60e-02, 2.30e+00, 5.83e-02, -3.38e-02, 5.81e-02]
27000 [-2.66e-01, 1.07e-01, 7.45e-01, -6.20e-02, 2.04e+00, -2.95e-01, -8.60e-02, 2.30e+00, 8.65e-02, -3.48e-02, 8.72e-02]
27100 [-3.14e-01, 1.08e-01, 8.13e-01, -7.01e-02, 2.05e+00, -3.64e-01, -8.60e-02, 2.30e+00, 1.08e-01, -3.76e-02, 1.28e-01]
27200 [-2.25e-01, 1.08e-01, 6.87e-01, -7.76e-02, 1.96e+00, -1.68e-01, -8.60e-02, 2.30e+00, 6.31e-02, 1.53e-02, 6.87e-02]
27300 [-3.09e-01, 1.15e-01, 7.42e-01, -8.10e-02, 1.96e+00, -2.84e-01, -8.60e-02, 2.30e+00, 8.53e-02, 1.32e-02, 8.39e-02]
27400 [-3.60e-01, 1.19e-01, 7.93e-01, -8.77e-02, 1.97e+00, -3.51e-01, -8.60e-02, 2.30e+00, 9.98e-02, 9.82e-03, 1.15e-01]
27500 [-1.26e-01, 1.16e-01, 7.37e-01, -2.21e-02, 1.96e+00, -1.79e-01, -8.60e-02, 2.30e+00, 2.05e-01, 3.15e-02, 1.60e-01]
27600 [2.17e-01, 1.10e-01, 6.96e-01, 1.80e-02, 1.88e+00, -2.24e-01, -8.60e-02, 2.30e+00, 1.53e-01, -1.21e-02, 8.03e-02]
27700 [2.83e-01, 1.21e-01, 8.01e-01, 2.40e-02, 1.88e+00, -3.14e-01, -8.60e-02, 2.30e+00, 1.87e-01, -1.54e-02, 2.53e-01]
27800 [3.22e-01, 1.25e-01, 8.73e-01, 3.18e-02, 1.88e+00, -3.78e-01, -8.60e-02, 2.30e+00, 2.23e-01, -2.08e-02, 3.94e-01]
27900 [8.70e-02, 1.18e-01, 7.35e-01, 9.11e-02, 1.71e+00, -1.29e-01, -8.60e-02, 2.29e+00, 7.55e-02, -3.23e-03, 1.56e-01]
28000 [1.53e-01, 1.31e-01, 8.39e-01, 9.36e-02, 1.69e+00, -2.84e-01, -8.60e-02, 2.29e+00, 1.15e-01, -3.82e-03, 3.26e-01]
28100 [1.89e-01, 1.36e-01, 9.27e-01, 1.01e-01, 1.69e+00, -3.65e-01, -8.60e-02, 2.29e+00, 1.58e-01, -1.19e-02, 4.92e-01]
28200 [9.48e-02, 1.23e-01, 8.52e-01, 8.77e-02, 1.69e+00, -1.52e-01, -8.60e-02, 2.29e+00, 1.81e-01, -2.86e-02, 5.02e-01]
28300 [1.12e-01, 1.33e-01, 8.97e-01, 7.55e-02, 1.68e+00, -2.98e-01, -8.60e-02, 2.29e+00, 1.31e-01, -1.83e-02, 4.17e-01]
28400 [1.34e-01, 1.42e-01, 9.77e-01, 7.89e-02, 1.68e+00, -3.82e-01, -8.60e-02, 2.29e+00, 1.76e-01, -2.69e-02, 5.76e-01]
28500 [7.13e-02, 1.26e-01, 8.79e-01, 3.44e-02, 1.62e+00, -2.04e-01, -8.60e-02, 2.29e+00, 1.38e-01, -1.15e-02, 1.82e-01]
28600 [9.49e-02, 1.45e-01, 9.51e-01, 3.55e-02, 1.62e+00, -3.35e-01, -8.60e-02, 2.29e+00, 1.73e-01, -1.69e-02, 3.65e-01]
28700 [1.06e-01, 1.54e-01, 1.02e+00, 3.74e-02, 1.62e+00, -4.10e-01, -8.60e-02, 2.29e+00, 2.21e-01, -2.51e-02, 5.35e-01]
28800 [-5.31e-02, 1.04e-01, 8.50e-01, 4.16e-03, 1.49e+00, -1.36e-01, -8.60e-02, 2.29e+00, 5.73e-02, -1.20e-02, 2.78e-01]
28900 [-1.28e-01, 1.41e-01, 9.03e-01, -9.82e-03, 1.48e+00, -2.96e-01, -8.60e-02, 2.30e+00, 1.26e-01, -1.38e-02, 3.01e-01]
29000 [-1.73e-01, 1.55e-01, 9.52e-01, -2.04e-02, 1.48e+00, -3.73e-01, -8.60e-02, 2.30e+00, 1.68e-01, -2.51e-02, 4.04e-01]
29100 [-2.03e-01, 1.65e-01, 9.86e-01, -2.90e-02, 1.49e+00, -4.30e-01, -8.60e-02, 2.30e+00, 2.03e-01, -3.50e-02, 5.06e-01]
29200 [1.41e-01, 1.23e-01, 8.82e-01, 3.50e-02, 1.30e+00, -2.68e-01, -8.60e-02, 2.29e+00, 1.42e-01, -2.94e-02, 2.72e-01]
29300 [1.86e-01, 1.50e-01, 9.54e-01, 4.03e-02, 1.30e+00, -3.61e-01, -8.60e-02, 2.29e+00, 1.79e-01, -3.88e-02, 5.11e-01]
29400 [2.12e-01, 1.64e-01, 1.00e+00, 4.61e-02, 1.30e+00, -4.25e-01, -8.60e-02, 2.29e+00, 2.21e-01, -5.09e-02, 6.94e-01]
29500 [-1.84e-01, 1.24e-01, 8.29e-01, -6.25e-02, 1.13e+00, -2.20e-01, -8.60e-02, 2.30e+00, 1.03e-01, 1.73e-02, 1.35e-01]
29600 [-2.65e-01, 1.57e-01, 8.64e-01, -6.99e-02, 1.13e+00, -3.27e-01, -8.60e-02, 2.30e+00, 1.30e-01, 8.64e-03, 2.43e-01]
29700 [1.13e-01, 1.11e-01, 8.74e-01, 1.64e-01, 9.47e-01, -3.45e-01, -8.60e-02, 2.32e+00, 1.22e-01, -8.11e-02, 4.01e-01]
29800 [1.30e-01, 1.44e-01, 9.86e-01, 1.71e-01, 9.39e-01, -4.16e-01, -8.60e-02, 2.32e+00, 1.67e-01, -1.02e-01, 6.47e-01]
29900 [8.25e-02, 1.43e-01, 9.63e-01, 1.70e-01, 9.37e-01, -2.11e-01, -8.60e-02, 2.32e+00, 2.23e-01, 8.12e-02, 7.09e-01]
30000 [-6.67e-03, 1.47e-01, 9.38e-01, 1.66e-01, 8.94e-01, -3.10e-01, -8.60e-02, 2.32e+00, 1.26e-01, 3.67e-02, 4.50e-01]
30000 [-6.67e-03, 1.47e-01, 9.38e-01, 1.66e-01, 8.94e-01, -3.10e-01, -8.60e-02, 2.32e+00, 1.26e-01, 3.67e-02, 4.50e-01]
30100 [1.24e-02, 9.49e-02, 8.59e-01, 1.39e-01, 7.96e-01, -2.12e-01, -3.49e-02, 2.27e+00, 1.23e-01, -2.32e-02, 3.79e-01]
30200 [8.92e-03, 1.32e-01, 8.88e-01, 1.40e-01, 7.96e-01, -2.38e-01, -3.49e-02, 2.27e+00, 1.16e-01, -2.34e-02, 3.79e-01]
30300 [4.49e-03, 1.57e-01, 9.16e-01, 1.40e-01, 7.97e-01, -2.65e-01, -3.49e-02, 2.27e+00, 1.13e-01, -2.45e-02, 3.85e-01]
30400 [-6.33e-04, 1.78e-01, 9.44e-01, 1.40e-01, 7.97e-01, -2.92e-01, -3.49e-02, 2.27e+00, 1.18e-01, -2.65e-02, 3.96e-01]
30500 [-6.06e-03, 1.99e-01, 9.69e-01, 1.39e-01, 7.98e-01, -3.19e-01, -3.49e-02, 2.27e+00, 1.31e-01, -2.97e-02, 4.12e-01]
30600 [-1.14e-02, 2.17e-01, 9.87e-01, 1.39e-01, 7.98e-01, -3.44e-01, -3.49e-02, 2.27e+00, 1.48e-01, -3.18e-02, 4.32e-01]
30700 [-1.68e-02, 2.37e-01, 1.00e+00, 1.38e-01, 7.99e-01, -3.69e-01, -3.49e-02, 2.27e+00, 1.68e-01, -3.58e-02, 4.55e-01]
30800 [-1.20e-02, 1.70e-01, 9.83e-01, 1.35e-01, 7.89e-01, -3.69e-01, -3.49e-02, 2.27e+00, 1.87e-01, -3.63e-02, 4.78e-01]
30900 [-1.67e-02, 2.12e-01, 1.02e+00, 1.34e-01, 7.84e-01, -3.91e-01, -3.49e-02, 2.27e+00, 1.93e-01, -3.66e-02, 4.97e-01]
31000 [-1.22e-02, 1.55e-01, 9.95e-01, 1.32e-01, 7.81e-01, -3.64e-01, -3.49e-02, 2.27e+00, 1.96e-01, -3.03e-02, 5.16e-01]
31100 [-2.03e-02, 2.27e-01, 1.03e+00, 1.32e-01, 7.82e-01, -3.96e-01, -3.49e-02, 2.27e+00, 2.00e-01, -3.36e-02, 5.40e-01]
31200 [-6.79e-03, 1.55e-01, 9.62e-01, 1.30e-01, 7.74e-01, -3.32e-01, -3.49e-02, 2.27e+00, 1.91e-01, -3.32e-02, 5.63e-01]
31300 [-1.39e-02, 2.24e-01, 1.00e+00, 1.30e-01, 7.72e-01, -3.68e-01, -3.49e-02, 2.27e+00, 1.84e-01, -2.88e-02, 5.84e-01]
31400 [-2.29e-02, 2.68e-01, 1.02e+00, 1.29e-01, 7.74e-01, -4.05e-01, -3.49e-02, 2.27e+00, 1.94e-01, -3.34e-02, 6.13e-01]
31500 [4.31e-02, 4.00e-03, 8.49e-01, 1.18e-01, 6.22e-01, -3.25e-01, -3.48e-02, 2.27e+00, 1.96e-01, 4.40e-03, 6.35e-01]
31600 [4.40e-02, 3.50e-02, 1.02e+00, 1.14e-01, 5.90e-01, -3.77e-01, -3.48e-02, 2.27e+00, 1.73e-01, 7.24e-06, 6.49e-01]
31700 [1.91e-02, 3.97e-02, 1.01e+00, 1.14e-01, 5.70e-01, -3.02e-01, -3.48e-02, 2.27e+00, 1.43e-01, -2.07e-03, 6.35e-01]
31800 [1.01e-02, 4.63e-02, 1.09e+00, 1.15e-01, 5.70e-01, -3.68e-01, -3.48e-02, 2.27e+00, 1.39e-01, -4.46e-03, 6.53e-01]
31900 [2.62e-03, 5.13e-02, 1.14e+00, 1.14e-01, 5.71e-01, -4.21e-01, -3.48e-02, 2.27e+00, 1.70e-01, -1.30e-02, 6.94e-01]
32000 [1.03e-02, 4.46e-02, 1.01e+00, 1.12e-01, 4.89e-01, -2.81e-01, -3.48e-02, 2.27e+00, 1.10e-01, -2.51e-03, 6.75e-01]
32100 [-3.05e-03, 5.83e-02, 1.08e+00, 1.11e-01, 4.89e-01, -3.61e-01, -3.48e-02, 2.27e+00, 1.26e-01, -8.20e-03, 6.91e-01]
32200 [-1.41e-02, 6.49e-02, 1.13e+00, 1.10e-01, 4.90e-01, -4.21e-01, -3.48e-02, 2.27e+00, 1.65e-01, -2.00e-02, 7.34e-01]
32300 [-1.06e-02, 1.97e-02, 1.10e+00, 1.16e-01, 3.67e-01, -3.23e-01, -3.48e-02, 2.27e+00, 2.30e-01, 3.27e-02, 7.67e-01]
32400 [-6.70e-03, 7.10e-02, 1.08e+00, 1.32e-01, -1.65e-02, -3.59e-01, -3.48e-02, 2.27e+00, 1.14e-01, -1.94e-02, 7.25e-01]
32500 [-2.06e-02, 8.21e-02, 1.12e+00, 1.30e-01, -1.79e-02, -4.27e-01, -3.48e-02, 2.27e+00, 1.47e-01, -3.40e-02, 7.66e-01]
32600 [2.33e-02, 5.96e-02, 1.00e+00, 1.27e-01, -2.07e-02, -3.10e-01, -3.48e-02, 2.27e+00, 1.10e-01, 1.23e-03, 7.53e-01]
32700 [1.01e-02, 9.23e-02, 1.07e+00, 1.24e-01, -2.20e-02, -3.94e-01, -3.48e-02, 2.27e+00, 1.17e-01, -9.77e-03, 7.80e-01]
32800 [-1.14e-03, 1.06e-01, 1.11e+00, 1.21e-01, -2.48e-02, -4.58e-01, -3.48e-02, 2.27e+00, 1.59e-01, -2.97e-02, 8.34e-01]
32900 [3.92e-02, 5.11e-02, 9.59e-01, 7.29e-02, -2.95e-02, -2.77e-01, -3.51e-02, 2.26e+00, 1.22e-01, 4.08e-02, 7.68e-01]
33000 [3.15e-02, 1.06e-01, 1.04e+00, 6.53e-02, -3.00e-02, -3.78e-01, -3.51e-02, 2.25e+00, 9.37e-02, 1.49e-02, 7.94e-01]
33100 [2.45e-02, 1.25e-01, 1.09e+00, 6.22e-02, -3.26e-02, -4.50e-01, -3.51e-02, 2.25e+00, 1.36e-01, -9.15e-03, 8.69e-01]
33200 [-4.56e-02, 9.77e-02, 1.03e+00, 5.79e-02, -2.97e-02, -3.54e-01, -3.51e-02, 2.25e+00, 9.48e-02, -6.72e-03, 8.54e-01]
33300 [-7.96e-02, 1.36e-01, 1.07e+00, 5.43e-02, -3.12e-02, -4.35e-01, -3.51e-02, 2.25e+00, 1.37e-01, -2.40e-02, 9.11e-01]
33400 [2.90e-02, 1.01e-01, 1.03e+00, 5.01e-02, -3.14e-02, -3.70e-01, -3.51e-02, 2.25e+00, 1.40e-01, -3.46e-02, 9.53e-01]
33500 [7.69e-03, 1.75e-01, 1.07e+00, 4.77e-02, -3.32e-02, -4.45e-01, -3.51e-02, 2.25e+00, 1.32e-01, -5.13e-02, 9.87e-01]
33600 [1.63e-03, 1.35e-01, 1.07e+00, 4.49e-02, -3.75e-02, -4.36e-01, -3.51e-02, 2.25e+00, 1.48e-01, -6.48e-02, 1.03e+00]
33700 [2.24e-02, 6.91e-02, 1.05e+00, 4.13e-02, -3.59e-02, -4.07e-01, -3.51e-02, 2.25e+00, 1.54e-01, -6.57e-02, 1.05e+00]
33800 [9.03e-03, 1.66e-01, 1.10e+00, 3.39e-02, -3.61e-02, -4.70e-01, -3.51e-02, 2.25e+00, 1.45e-01, -6.07e-02, 1.06e+00]
33900 [-5.11e-02, 1.16e-01, 1.05e+00, 3.24e-02, -3.29e-02, -3.64e-01, -3.51e-02, 2.25e+00, 7.69e-02, -3.55e-02, 9.97e-01]
34000 [-1.90e-02, 2.03e-01, 1.06e+00, 2.76e-02, -3.49e-02, -4.46e-01, -3.51e-02, 2.25e+00, 1.45e-01, -5.73e-02, 1.04e+00]
34100 [-7.80e-05, 2.02e-01, 1.06e+00, 2.16e-02, -3.75e-02, -4.41e-01, -3.51e-02, 2.25e+00, 1.57e-01, -5.79e-02, 1.09e+00]
34200 [4.06e-02, 1.64e-01, 1.08e+00, 1.97e-02, -3.18e-02, -4.51e-01, -3.51e-02, 2.25e+00, 1.23e-01, -6.92e-02, 1.09e+00]
34300 [7.55e-02, 7.27e-02, 1.03e+00, -1.50e-03, -2.51e-02, -3.66e-01, -3.51e-02, 2.25e+00, 8.28e-02, -2.22e-04, 1.02e+00]
34400 [-3.24e-02, 1.69e-01, 1.06e+00, -1.26e-02, -2.76e-02, -3.95e-01, -3.51e-02, 2.25e+00, 1.58e-01, -1.70e-03, 1.06e+00]
34500 [1.53e-02, 2.25e-01, 1.07e+00, -1.69e-02, -2.97e-02, -4.65e-01, -3.51e-02, 2.25e+00, 1.37e-01, -2.21e-02, 1.09e+00]
34600 [-1.26e-02, 1.71e-01, 1.05e+00, -1.68e-02, -3.14e-02, -4.21e-01, -3.51e-02, 2.25e+00, 1.02e-01, -2.37e-02, 1.11e+00]
34700 [4.30e-03, 1.65e-01, 1.03e+00, -1.65e-02, -3.16e-02, -3.64e-01, -3.51e-02, 2.25e+00, 9.98e-02, 4.37e-03, 1.13e+00]
34800 [-1.70e-02, 2.58e-01, 1.06e+00, -2.03e-02, -3.49e-02, -4.67e-01, -3.51e-02, 2.25e+00, 1.37e-01, -2.61e-02, 1.17e+00]
34900 [1.54e-02, 2.16e-01, 1.05e+00, -2.42e-02, -3.41e-02, -4.54e-01, -3.51e-02, 2.25e+00, 1.19e-01, -4.19e-02, 1.20e+00]
35000 [-3.68e-02, 1.87e-01, 1.02e+00, -2.68e-02, -2.87e-02, -3.88e-01, -3.51e-02, 2.25e+00, 7.28e-02, 2.19e-02, 1.16e+00]
35100 [3.90e-02, 1.60e-01, 1.02e+00, -2.94e-02, -2.13e-02, -3.84e-01, -3.51e-02, 2.25e+00, 1.09e-01, -2.90e-02, 1.20e+00]
35200 [8.96e-03, 2.23e-01, 1.06e+00, -4.14e-02, -2.64e-02, -4.44e-01, -3.51e-02, 2.25e+00, 1.42e-01, -4.81e-02, 1.24e+00]
35300 [2.82e-01, 3.88e-02, 4.73e-01, -1.56e-01, -8.47e-02, -9.75e-02, 2.97e-01, 1.28e+00, 4.25e-01, 9.38e-02, 2.85e-02]
35400 [2.97e-01, 7.07e-02, 4.91e-01, -1.60e-01, -8.33e-02, -2.51e-01, 2.98e-01, 1.28e+00, 4.00e-01, 9.48e-02, 1.14e-02]
35500 [3.08e-01, 4.53e-02, 5.48e-01, -1.63e-01, -8.36e-02, -1.08e-01, 2.98e-01, 1.28e+00, 3.78e-01, 9.38e-02, 7.07e-03]
35600 [3.21e-01, 7.46e-02, 5.57e-01, -1.67e-01, -8.38e-02, -2.57e-01, 2.98e-01, 1.28e+00, 3.53e-01, 9.52e-02, -6.15e-03]
35700 [3.30e-01, 7.12e-02, 6.60e-01, -1.69e-01, -8.41e-02, -3.34e-01, 2.98e-01, 1.28e+00, 3.38e-01, 9.44e-02, -6.56e-03]
35800 [3.30e-01, 6.18e-02, 5.70e-01, -1.72e-01, -8.41e-02, -2.08e-01, 2.98e-01, 1.28e+00, 3.06e-01, 9.39e-02, -1.97e-02]
35900 [3.40e-01, 7.37e-02, 6.76e-01, -1.74e-01, -8.44e-02, -3.05e-01, 2.98e-01, 1.28e+00, 2.93e-01, 9.32e-02, -1.64e-02]
36000 [3.47e-01, 6.98e-02, 7.70e-01, -1.75e-01, -8.46e-02, -3.62e-01, 2.98e-01, 1.28e+00, 2.84e-01, 9.26e-02, -3.18e-03]
36100 [3.31e-01, 6.71e-02, 6.20e-01, -1.76e-01, -8.46e-02, -2.34e-01, 2.98e-01, 1.28e+00, 2.61e-01, 9.05e-02, -6.41e-03]
36200 [3.41e-01, 7.49e-02, 7.25e-01, -1.77e-01, -8.48e-02, -3.15e-01, 2.98e-01, 1.28e+00, 2.54e-01, 8.99e-02, 7.64e-03]
36300 [3.48e-01, 7.32e-02, 8.10e-01, -1.78e-01, -8.50e-02, -3.70e-01, 2.98e-01, 1.28e+00, 2.49e-01, 8.99e-02, 3.22e-02]
36400 [3.17e-01, 6.22e-02, 6.22e-01, -1.78e-01, -8.51e-02, -2.19e-01, 2.98e-01, 1.28e+00, 2.31e-01, 7.84e-02, 3.28e-02]
36500 [3.29e-01, 7.84e-02, 7.31e-01, -1.79e-01, -8.53e-02, -3.04e-01, 2.98e-01, 1.28e+00, 2.26e-01, 7.76e-02, 5.06e-02]
36600 [3.37e-01, 7.84e-02, 8.15e-01, -1.79e-01, -8.56e-02, -3.61e-01, 2.98e-01, 1.28e+00, 2.24e-01, 7.80e-02, 8.16e-02]
36700 [3.04e-01, 4.49e-02, 6.09e-01, -1.79e-01, -8.55e-02, -1.51e-01, 2.98e-01, 1.28e+00, 2.04e-01, 7.43e-02, 8.64e-02]
36800 [3.19e-01, 8.52e-02, 7.09e-01, -1.80e-01, -8.58e-02, -2.72e-01, 2.98e-01, 1.28e+00, 1.99e-01, 7.34e-02, 9.95e-02]
36900 [3.30e-01, 8.86e-02, 7.94e-01, -1.80e-01, -8.61e-02, -3.36e-01, 2.98e-01, 1.28e+00, 1.99e-01, 7.35e-02, 1.35e-01]
37000 [3.37e-01, 9.06e-02, 8.65e-01, -1.80e-01, -8.65e-02, -3.82e-01, 2.98e-01, 1.28e+00, 2.04e-01, 7.40e-02, 1.80e-01]
37100 [2.69e-01, 8.52e-02, 6.47e-01, -1.79e-01, -8.67e-02, -2.17e-01, 2.98e-01, 1.28e+00, 1.88e-01, 6.86e-02, 1.63e-01]
37200 [2.85e-01, 1.00e-01, 7.57e-01, -1.80e-01, -8.70e-02, -3.00e-01, 2.98e-01, 1.28e+00, 1.85e-01, 6.73e-02, 1.90e-01]
37300 [2.96e-01, 1.05e-01, 8.39e-01, -1.80e-01, -8.73e-02, -3.58e-01, 2.98e-01, 1.28e+00, 1.90e-01, 6.67e-02, 2.38e-01]
37400 [2.12e-01, 3.99e-02, 6.23e-01, -1.79e-01, -8.74e-02, -1.22e-01, 2.98e-01, 1.28e+00, 1.83e-01, 5.50e-02, 2.55e-01]
37500 [2.31e-01, 1.06e-01, 7.28e-01, -1.79e-01, -8.78e-02, -2.61e-01, 2.98e-01, 1.28e+00, 1.73e-01, 5.37e-02, 2.45e-01]
37600 [2.46e-01, 1.16e-01, 8.27e-01, -1.79e-01, -8.81e-02, -3.34e-01, 2.98e-01, 1.28e+00, 1.74e-01, 5.19e-02, 2.93e-01]
37700 [2.56e-01, 1.20e-01, 9.00e-01, -1.79e-01, -8.85e-02, -3.88e-01, 2.98e-01, 1.28e+00, 1.80e-01, 4.96e-02, 3.54e-01]
37800 [1.80e-01, 5.29e-02, 7.01e-01, -1.76e-01, -8.86e-02, -2.30e-01, 2.98e-01, 1.28e+00, 1.74e-01, -2.52e-02, 3.29e-01]
37900 [2.01e-01, 9.02e-02, 8.52e-01, -1.77e-01, -8.88e-02, -3.21e-01, 2.98e-01, 1.28e+00, 1.61e-01, -2.67e-02, 3.65e-01]
38000 [2.11e-01, 1.08e-01, 9.41e-01, -1.77e-01, -8.91e-02, -3.83e-01, 2.98e-01, 1.28e+00, 1.60e-01, -2.71e-02, 4.26e-01]
38100 [9.98e-02, 7.55e-02, 6.72e-01, -1.70e-01, -8.90e-02, -1.86e-01, 2.98e-01, 1.28e+00, 1.45e-01, -1.21e-02, 3.23e-01]
38200 [1.23e-01, 1.37e-01, 8.38e-01, -1.70e-01, -8.94e-02, -3.00e-01, 2.98e-01, 1.28e+00, 1.43e-01, -1.41e-02, 3.74e-01]
38300 [1.33e-01, 1.46e-01, 9.29e-01, -1.70e-01, -8.95e-02, -3.63e-01, 2.98e-01, 1.28e+00, 1.45e-01, -2.03e-02, 4.82e-01]
38400 [1.31e-01, 1.02e-01, 9.20e-01, -1.69e-01, -8.97e-02, -1.79e-01, 2.98e-01, 1.28e+00, 1.49e-01, -2.65e-02, 5.50e-01]
38500 [1.06e-01, 1.36e-01, 8.20e-01, -1.69e-01, -8.96e-02, -2.60e-01, 2.98e-01, 1.28e+00, 1.09e-01, -5.16e-03, 4.34e-01]
38600 [1.18e-01, 1.64e-01, 9.19e-01, -1.69e-01, -8.97e-02, -3.30e-01, 2.98e-01, 1.28e+00, 1.15e-01, -1.16e-02, 5.49e-01]
38700 [1.23e-01, 1.68e-01, 9.80e-01, -1.69e-01, -8.98e-02, -3.86e-01, 2.98e-01, 1.28e+00, 1.26e-01, -1.97e-02, 6.59e-01]
38800 [7.37e-02, 7.13e-02, 8.46e-01, -1.68e-01, -8.98e-02, -2.53e-01, 2.98e-01, 1.28e+00, 1.04e-01, -1.76e-02, 6.04e-01]
38900 [8.01e-02, 1.60e-01, 9.62e-01, -1.68e-01, -8.99e-02, -3.40e-01, 2.98e-01, 1.28e+00, 9.44e-02, -1.62e-02, 6.47e-01]
39000 [8.00e-02, 1.49e-01, 9.89e-01, -1.68e-01, -9.00e-02, -3.41e-01, 2.98e-01, 1.28e+00, 1.06e-01, -1.62e-02, 7.47e-01]
39100 [7.76e-02, 1.60e-01, 1.01e+00, -1.68e-01, -9.02e-02, -3.66e-01, 2.98e-01, 1.28e+00, 1.05e-01, -2.16e-02, 8.09e-01]
39200 [6.55e-02, 1.44e-01, 1.03e+00, -1.67e-01, -9.02e-02, -3.63e-01, 2.98e-01, 1.28e+00, 1.06e-01, -1.59e-02, 8.52e-01]
39300 [2.75e-02, 1.25e-01, 9.95e-01, -1.67e-01, -8.98e-02, -3.36e-01, 2.98e-01, 1.28e+00, 7.93e-02, 1.99e-03, 7.34e-01]
39400 [2.42e-02, 1.39e-01, 1.01e+00, -1.67e-01, -8.98e-02, -3.43e-01, 2.98e-01, 1.28e+00, 9.50e-02, -9.44e-03, 8.44e-01]
39500 [7.66e-03, 5.83e-02, 9.86e-01, -1.66e-01, -8.96e-02, -3.11e-01, 2.98e-01, 1.28e+00, 9.41e-02, -8.97e-03, 8.53e-01]
39600 [2.05e-03, 1.06e-01, 1.01e+00, -1.66e-01, -8.94e-02, -2.90e-01, 2.98e-01, 1.28e+00, 8.86e-02, -3.20e-03, 8.65e-01]
39700 [-3.43e-03, 1.70e-01, 1.03e+00, -1.66e-01, -8.88e-02, -3.71e-01, 2.98e-01, 1.28e+00, 7.90e-02, -8.51e-04, 8.45e-01]
39800 [-6.14e-03, 9.19e-02, 9.82e-01, -1.65e-01, -8.80e-02, -3.21e-01, 2.98e-01, 1.28e+00, 5.99e-02, 1.46e-02, 7.07e-01]
39900 [-4.53e-03, 1.34e-01, 7.33e-01, -1.64e-01, -8.33e-02, -2.43e-02, 2.98e-01, 1.28e+00, 2.35e-02, 2.87e-02, 4.86e-01]
40000 [-8.89e-02, 1.27e-01, 7.49e-01, -1.65e-01, -8.13e-02, -3.06e-01, 2.98e-01, 1.28e+00, 1.58e-02, 3.06e-02, 4.54e-01]
40000 [-8.89e-02, 1.27e-01, 7.49e-01, -1.65e-01, -8.13e-02, -3.06e-01, 2.98e-01, 1.28e+00, 1.58e-02, 3.06e-02, 4.54e-01]
40100 [1.70e-02, 9.50e-02, 4.28e-01, -1.34e-01, -8.08e-02, -1.67e-01, 3.54e-01, 1.21e+00, 3.00e-02, 5.58e-02, 3.41e-01]
40200 [2.14e-02, 9.83e-02, 5.80e-01, -1.36e-01, -7.59e-02, -2.05e-01, 3.54e-01, 1.21e+00, 2.66e-02, 4.15e-02, 3.14e-01]
40300 [2.32e-02, 9.89e-02, 7.17e-01, -1.38e-01, -7.34e-02, -2.51e-01, 3.54e-01, 1.21e+00, 3.89e-02, 3.77e-02, 2.91e-01]
40400 [2.47e-02, 1.00e-01, 8.29e-01, -1.39e-01, -7.24e-02, -2.97e-01, 3.54e-01, 1.21e+00, 6.33e-02, 3.85e-02, 2.97e-01]
40500 [2.62e-02, 1.04e-01, 9.13e-01, -1.40e-01, -7.22e-02, -3.40e-01, 3.54e-01, 1.21e+00, 8.58e-02, 4.01e-02, 3.19e-01]
40600 [3.03e-02, 1.05e-01, 9.62e-01, -1.41e-01, -7.22e-02, -3.40e-01, 3.54e-01, 1.21e+00, 1.01e-01, 4.17e-02, 3.40e-01]
40700 [3.36e-02, 1.05e-01, 9.88e-01, -1.43e-01, -7.04e-02, -3.43e-01, 3.54e-01, 1.21e+00, 1.05e-01, 3.62e-02, 3.63e-01]
40800 [3.69e-02, 1.05e-01, 9.98e-01, -1.44e-01, -6.89e-02, -3.31e-01, 3.54e-01, 1.21e+00, 1.03e-01, 2.99e-02, 3.89e-01]
40900 [3.96e-02, 1.08e-01, 1.02e+00, -1.44e-01, -6.78e-02, -3.00e-01, 3.54e-01, 1.21e+00, 1.06e-01, 2.56e-02, 4.20e-01]
41000 [4.04e-02, 1.05e-01, 1.01e+00, -1.44e-01, -6.53e-02, -3.48e-01, 3.54e-01, 1.21e+00, 1.01e-01, 1.77e-02, 4.45e-01]
41100 [4.72e-02, 8.97e-02, 9.70e-01, -1.44e-01, -6.33e-02, -2.11e-01, 3.54e-01, 1.21e+00, 9.47e-02, 1.95e-02, 4.62e-01]
41200 [4.90e-02, 9.33e-02, 9.42e-01, -1.42e-01, -6.16e-02, -3.19e-01, 3.54e-01, 1.21e+00, 1.08e-01, 1.98e-02, 4.98e-01]
41300 [4.95e-02, 1.10e-01, 1.02e+00, -1.42e-01, -6.15e-02, -3.84e-01, 3.54e-01, 1.21e+00, 1.36e-01, 1.83e-02, 5.69e-01]
41400 [4.17e-02, 1.88e-02, 6.67e-01, -7.94e-02, -4.94e-02, -1.85e-01, 3.54e-01, 1.19e+00, 3.20e-02, 3.21e-04, 4.90e-01]
41500 [6.14e-02, 6.90e-02, 8.64e-01, -7.38e-02, -4.80e-02, -3.15e-01, 3.54e-01, 1.19e+00, 1.02e-01, -4.48e-03, 5.16e-01]
41600 [6.74e-02, 8.62e-02, 9.88e-01, -7.44e-02, -4.97e-02, -3.82e-01, 3.54e-01, 1.19e+00, 1.18e-01, -1.04e-02, 5.58e-01]
41700 [2.43e-02, 6.07e-02, 9.78e-01, -7.56e-02, -5.03e-02, -3.08e-01, 3.54e-01, 1.19e+00, 9.92e-02, -1.33e-02, 5.68e-01]
41800 [2.09e-02, 9.11e-02, 1.05e+00, -7.60e-02, -5.16e-02, -3.88e-01, 3.54e-01, 1.19e+00, 1.14e-01, -1.66e-02, 5.93e-01]
41900 [2.42e-02, 6.60e-02, 9.88e-01, -6.99e-02, -5.02e-02, -3.16e-01, 3.54e-01, 1.19e+00, 8.52e-02, -1.55e-02, 5.89e-01]
42000 [2.18e-02, 9.92e-02, 1.06e+00, -7.10e-02, -5.08e-02, -3.96e-01, 3.54e-01, 1.19e+00, 1.18e-01, -2.07e-02, 6.55e-01]
42100 [9.40e-03, 7.21e-02, 9.20e-01, -6.24e-02, -4.61e-02, -2.80e-01, 3.54e-01, 1.19e+00, 4.47e-02, -2.13e-02, 5.79e-01]
42200 [3.67e-03, 1.12e-01, 1.02e+00, -6.47e-02, -4.62e-02, -3.69e-01, 3.54e-01, 1.19e+00, 1.03e-01, -2.90e-02, 6.43e-01]
42300 [4.11e-03, 9.23e-02, 1.02e+00, -6.56e-02, -3.96e-02, -3.38e-01, 3.54e-01, 1.19e+00, 9.80e-02, -8.69e-03, 6.85e-01]
42400 [4.52e-03, 1.03e-01, 1.03e+00, -6.61e-02, -3.50e-02, -3.11e-01, 3.54e-01, 1.19e+00, 1.21e-01, -2.42e-02, 7.37e-01]
42500 [5.07e-02, 1.05e-01, 9.59e-01, -5.16e-02, -2.81e-02, -3.61e-01, 3.54e-01, 1.19e+00, 1.14e-01, -2.03e-02, 7.29e-01]
42600 [-2.30e-02, 4.96e-02, 9.34e-01, -4.55e-02, -2.67e-02, -2.02e-01, 3.54e-01, 1.19e+00, 9.22e-02, -1.61e-02, 7.27e-01]
42700 [-5.81e-02, 1.00e-01, 9.55e-01, -4.60e-02, -2.67e-02, -3.66e-01, 3.54e-01, 1.18e+00, 1.00e-01, -1.36e-02, 7.05e-01]
42800 [-2.91e-02, 7.11e-02, 9.63e-01, -3.42e-02, -1.91e-02, -3.02e-01, 3.54e-01, 1.18e+00, 8.48e-02, -9.86e-03, 7.27e-01]
42900 [-4.88e-02, 1.25e-01, 1.03e+00, -3.81e-02, -1.96e-02, -4.06e-01, 3.54e-01, 1.18e+00, 1.24e-01, -9.12e-03, 7.70e-01]
43000 [5.49e-03, 1.09e-01, 9.43e-01, -3.81e-02, -5.04e-03, -3.14e-01, 3.54e-01, 1.18e+00, 7.70e-02, -1.15e-02, 6.72e-01]
43100 [-1.32e-03, 1.53e-01, 1.03e+00, -3.87e-02, -5.83e-03, -4.01e-01, 3.54e-01, 1.18e+00, 1.17e-01, -1.27e-02, 7.63e-01]
43200 [4.59e-03, 1.31e-01, 1.03e+00, -3.71e-02, -7.07e-03, -3.93e-01, 3.54e-01, 1.18e+00, 1.20e-01, 2.49e-03, 8.10e-01]
43300 [2.51e-04, 1.43e-01, 1.02e+00, -3.58e-02, -3.46e-03, -3.72e-01, 3.54e-01, 1.18e+00, 1.08e-01, -2.87e-02, 8.16e-01]
43400 [1.06e-02, 1.11e-01, 9.62e-01, -3.23e-02, -3.28e-03, -3.34e-01, 3.54e-01, 1.18e+00, 7.15e-02, -4.64e-03, 7.83e-01]
43500 [1.87e-02, 7.56e-02, 9.53e-01, -3.06e-02, -1.58e-03, -2.51e-01, 3.54e-01, 1.18e+00, 5.80e-02, -5.30e-04, 7.96e-01]
43600 [-9.75e-02, 8.08e-02, 9.51e-01, -2.76e-02, -8.54e-06, -3.44e-01, 3.54e-01, 1.15e+00, 1.20e-01, -6.93e-03, 7.41e-01]
43700 [2.61e-02, 1.19e-01, 1.00e+00, -6.36e-03, -5.27e-04, -3.74e-01, 3.54e-01, 1.15e+00, 1.05e-01, -1.46e-02, 7.72e-01]
43800 [2.04e-02, 7.37e-02, 8.99e-01, -1.51e-02, 3.34e-04, -2.94e-01, 3.54e-01, 1.15e+00, 6.39e-02, 3.98e-03, 6.62e-01]
43900 [1.38e-02, 1.44e-01, 1.02e+00, -1.80e-02, 4.52e-04, -4.03e-01, 3.54e-01, 1.15e+00, 1.38e-01, -7.15e-03, 7.81e-01]
44000 [-1.46e-02, 6.53e-02, 8.89e-01, -4.34e-02, -1.19e-03, -3.32e-01, 3.54e-01, 1.15e+00, 1.13e-01, -1.23e-02, 5.67e-01]
44100 [4.61e-03, 8.49e-02, 9.93e-01, -3.73e-02, 4.90e-03, -2.93e-01, 3.54e-01, 1.15e+00, 1.48e-01, -2.10e-02, 7.17e-01]
44200 [4.49e-02, 1.18e-01, 9.59e-01, -3.13e-02, 6.44e-03, -3.46e-01, 3.54e-01, 1.14e+00, 1.17e-01, 4.12e-03, 6.33e-01]
44300 [-4.79e-03, 3.53e-02, 9.28e-01, -9.70e-03, 4.62e-03, -2.02e-01, 3.54e-01, 1.12e+00, 1.05e-01, 4.65e-03, 6.94e-01]
44400 [2.26e-02, 1.06e-01, 9.62e-01, -9.75e-03, 3.01e-03, -3.78e-01, 3.54e-01, 1.08e+00, 1.42e-01, -3.37e-03, 6.53e-01]
44500 [1.35e-02, 9.21e-02, 9.13e-01, -7.61e-03, 5.08e-03, -2.88e-01, 3.54e-01, 1.08e+00, 4.59e-02, -1.71e-02, 6.33e-01]
44600 [5.00e-03, 1.64e-01, 1.01e+00, -9.57e-03, 2.56e-03, -4.01e-01, 3.54e-01, 1.08e+00, 1.45e-01, -3.69e-02, 7.50e-01]
44700 [7.55e-02, 1.44e-01, 8.72e-01, 1.34e-02, -1.73e-03, -3.20e-01, 3.54e-01, 1.08e+00, 1.31e-01, 2.70e-03, 5.91e-01]
44800 [-3.85e-02, 1.04e-01, 9.48e-01, -1.17e-03, -2.94e-03, -3.52e-01, 3.54e-01, 1.08e+00, 1.17e-01, -1.61e-02, 6.78e-01]
44900 [4.41e-02, 1.19e-01, 9.69e-01, 1.52e-03, -4.28e-03, -3.29e-01, 3.54e-01, 1.08e+00, 8.09e-02, -3.21e-02, 7.58e-01]
45000 [-1.69e-02, 8.74e-03, 9.14e-01, -2.49e-02, -8.32e-03, -1.66e-01, 3.54e-01, 1.07e+00, 1.45e-02, 1.72e-02, 6.52e-01]
45100 [6.04e-02, 1.32e-01, 9.69e-01, -2.02e-02, -8.49e-03, -3.70e-01, 3.54e-01, 1.05e+00, 1.42e-01, 1.80e-03, 6.65e-01]
45200 [-1.11e-01, 8.49e-02, 8.83e-01, 2.00e-02, 6.74e-02, -2.65e-01, 3.54e-01, 8.69e-01, 1.14e-01, -1.55e-02, 5.68e-01]
45300 [7.78e-02, 1.49e-01, 9.77e-01, 1.67e-02, 6.22e-02, -3.64e-01, 3.54e-01, 8.39e-01, 1.32e-01, -1.09e-02, 6.98e-01]
45400 [1.22e-01, 7.53e-02, 8.56e-01, -7.53e-03, -9.53e-04, -2.82e-01, 3.54e-01, 8.19e-01, 4.44e-02, -3.52e-03, 5.41e-01]
45500 [-8.41e-03, 1.58e-01, 9.71e-01, -3.04e-02, -4.80e-03, -3.77e-01, 3.54e-01, 8.19e-01, 1.31e-01, -2.51e-02, 7.07e-01]
45600 [-4.76e-02, 1.37e-01, 9.28e-01, -3.22e-02, -8.77e-03, -3.11e-01, 3.54e-01, 8.19e-01, 9.37e-02, -3.64e-02, 6.89e-01]
45700 [-9.66e-02, 8.69e-02, 9.61e-01, -2.37e-03, -1.99e-02, -3.01e-01, 3.54e-01, 7.91e-01, 1.25e-01, -2.91e-02, 7.90e-01]
45800 [3.86e-02, 9.54e-02, 9.68e-01, 3.72e-02, -3.18e-02, -2.82e-01, 3.54e-01, 7.51e-01, 8.95e-02, 6.49e-05, 7.66e-01]
45900 [4.06e-02, 1.75e-01, 1.02e+00, 1.07e-02, -3.61e-02, -3.96e-01, 3.54e-01, 7.51e-01, 1.32e-01, -1.71e-02, 8.35e-01]
46000 [-4.44e-02, 1.11e-01, 9.36e-01, -8.06e-03, -2.56e-02, -3.40e-01, 3.54e-01, 7.50e-01, 1.10e-01, -3.36e-02, 6.40e-01]
46100 [-7.69e-02, 6.10e-02, 8.96e-01, -1.70e-02, -1.05e-02, -2.49e-01, 3.54e-01, 7.50e-01, 1.74e-02, 1.04e-02, 5.91e-01]
46200 [3.41e-02, 1.51e-01, 9.65e-01, 1.96e-02, -8.25e-03, -3.62e-01, 3.54e-01, 7.51e-01, 1.15e-01, -1.40e-02, 7.35e-01]
46300 [-4.47e-02, 1.09e-01, 9.23e-01, 1.26e-02, -2.10e-03, -3.01e-01, 3.54e-01, 7.52e-01, 7.84e-02, -3.63e-03, 6.63e-01]
46400 [-1.21e-02, 1.22e-01, 9.21e-01, 7.34e-03, 9.17e-04, -1.97e-01, 3.54e-01, 7.47e-01, 4.99e-02, 1.90e-02, 7.23e-01]
46500 [-8.23e-02, 1.71e-01, 9.58e-01, -2.10e-02, -2.70e-04, -3.60e-01, 3.54e-01, 7.28e-01, 1.12e-01, -2.09e-03, 6.83e-01]
46600 [-8.25e-02, 1.30e-01, 9.63e-01, -8.10e-04, -3.23e-03, -3.50e-01, 3.54e-01, 7.31e-01, 1.06e-01, -1.53e-02, 7.40e-01]
46700 [6.03e-02, 1.44e-01, 9.49e-01, -1.86e-02, 3.40e-03, -3.24e-01, 3.54e-01, 7.30e-01, 1.16e-01, -4.03e-02, 7.00e-01]
46800 [6.19e-02, 6.90e-02, 9.60e-01, -5.82e-02, 7.66e-03, -3.21e-01, 3.54e-01, 6.89e-01, 8.08e-02, 1.11e-03, 7.09e-01]
46900 [8.72e-03, 4.93e-02, 9.11e-01, -1.81e-02, -4.12e-03, -2.11e-01, 3.54e-01, 6.87e-01, -8.23e-03, 1.71e-02, 6.24e-01]
47000 [-1.51e-02, 1.65e-01, 1.00e+00, -2.00e-02, -4.04e-03, -3.83e-01, 3.54e-01, 6.87e-01, 1.24e-01, -3.25e-02, 7.68e-01]
47100 [-7.79e-03, 1.73e-01, 9.74e-01, -1.35e-02, -5.08e-03, -3.43e-01, 3.54e-01, 6.87e-01, 1.02e-01, -5.57e-02, 7.59e-01]
47200 [-2.90e-02, 1.33e-01, 9.81e-01, -1.16e-02, -1.26e-02, -3.23e-01, 3.54e-01, 6.88e-01, 8.67e-02, -5.31e-02, 8.93e-01]
47300 [3.42e-02, 1.28e-01, 9.43e-01, 8.46e-03, 5.09e-03, -2.66e-01, 3.54e-01, 6.91e-01, 7.03e-03, 1.03e-02, 7.73e-01]
47400 [-2.11e-03, 1.91e-01, 9.96e-01, -2.00e-02, -3.22e-03, -3.60e-01, 3.54e-01, 6.92e-01, 1.15e-01, -1.61e-02, 8.61e-01]
47500 [-2.20e-02, 1.75e-01, 1.00e+00, -2.08e-02, -6.82e-03, -3.82e-01, 3.54e-01, 6.93e-01, 1.08e-01, -4.90e-03, 9.52e-01]
47600 [-6.32e-03, 1.80e-01, 9.87e-01, -1.92e-02, -1.90e-02, -3.65e-01, 3.54e-01, 6.94e-01, 1.13e-01, 8.56e-03, 8.19e-01]
47700 [-1.59e-02, 5.60e-02, 8.49e-01, -1.02e-01, -6.31e-02, -2.66e-01, 3.54e-01, 9.68e-02, 3.92e-02, 2.39e-02, 3.51e-01]
47800 [-2.78e-02, 1.30e-01, 9.44e-01, -5.54e-02, -5.89e-02, -2.94e-01, 3.54e-01, 8.65e-02, 9.67e-02, 5.92e-03, 7.08e-01]
47900 [-8.80e-03, 1.60e-01, 9.64e-01, -8.09e-03, -6.31e-02, -3.35e-01, 3.54e-01, 8.97e-02, 7.03e-02, -2.01e-02, 7.95e-01]
48000 [7.90e-03, 1.37e-01, 9.61e-01, -8.83e-03, -6.70e-02, -3.32e-01, 3.54e-01, 9.01e-02, 1.05e-01, -4.03e-02, 7.35e-01]
48100 [-5.12e-03, 1.54e-01, 9.85e-01, -9.04e-03, -7.11e-02, -3.57e-01, 3.54e-01, 9.02e-02, 1.12e-01, -6.08e-02, 8.04e-01]
48200 [-8.29e-03, 1.67e-01, 1.00e+00, -8.47e-03, -7.55e-02, -3.55e-01, 3.54e-01, 9.05e-02, 1.02e-01, -7.50e-02, 8.78e-01]
48300 [1.08e-02, 1.39e-01, 1.00e+00, -6.86e-03, -7.98e-02, -3.57e-01, 3.54e-01, 9.11e-02, 8.50e-02, -7.91e-02, 8.69e-01]
48400 [-1.73e-04, 1.69e-01, 9.90e-01, -7.61e-03, -8.22e-02, -3.59e-01, 3.54e-01, 9.14e-02, 1.14e-01, -5.63e-02, 7.44e-01]
48500 [-1.29e-02, 1.49e-01, 1.00e+00, -8.45e-03, -8.34e-02, -3.40e-01, 3.54e-01, 9.16e-02, 1.12e-01, -3.30e-03, 8.49e-01]
48600 [-8.16e-02, 1.25e-01, 1.00e+00, 7.65e-03, -8.49e-02, -3.66e-01, 3.54e-01, 9.44e-02, 1.23e-01, -6.37e-03, 7.86e-01]
48700 [-9.80e-03, 4.20e-02, 9.64e-01, 1.76e-02, -2.04e-02, -2.58e-01, 3.54e-01, 9.54e-02, 2.82e-02, -3.36e-02, 7.34e-01]
48800 [1.58e-02, 9.82e-02, 9.57e-01, 1.68e-02, -1.16e-02, -2.38e-01, 3.54e-01, 9.64e-02, 1.11e-01, -1.60e-02, 7.41e-01]
48900 [6.92e-02, 1.72e-01, 9.79e-01, -5.07e-03, -2.17e-02, -3.80e-01, 3.54e-01, 9.63e-02, 1.30e-01, -2.97e-02, 7.71e-01]
49000 [1.76e-02, 9.02e-02, 9.02e-01, -9.01e-02, 4.35e-03, -3.17e-01, 3.54e-01, 1.02e-01, 1.22e-01, -4.05e-02, 5.78e-01]
49100 [6.90e-03, -7.89e-03, 8.19e-01, -8.12e-02, -3.45e-03, -1.92e-01, 3.54e-01, 1.03e-01, 3.38e-02, -2.73e-02, 3.96e-01]
49200 [-4.88e-03, 1.19e-01, 9.74e-01, -8.27e-02, -1.62e-02, -3.99e-01, 3.54e-01, 1.03e-01, 1.30e-01, 1.14e-02, 7.74e-01]
49300 [-1.49e-02, 1.05e-01, 9.16e-01, -8.22e-02, -2.05e-02, -3.27e-01, 3.54e-01, 1.03e-01, 1.02e-01, 2.57e-02, 5.86e-01]
49400 [-2.41e-02, 1.50e-01, 1.00e+00, -7.89e-02, -8.20e-03, -3.83e-01, 3.54e-01, 1.04e-01, 1.02e-01, -1.45e-02, 8.49e-01]
49500 [-1.49e-03, 1.22e-01, 1.03e+00, -6.26e-02, -2.02e-03, -4.01e-01, 3.54e-01, 1.05e-01, 1.01e-01, -1.01e-02, 9.63e-01]
49600 [-1.36e-02, 1.71e-01, 1.01e+00, -6.38e-02, -1.26e-02, -3.70e-01, 3.54e-01, 1.06e-01, 9.97e-02, 1.09e-03, 8.46e-01]
49700 [-2.84e-03, 1.44e-01, 1.02e+00, -4.56e-02, -6.47e-03, -3.61e-01, 3.54e-01, 1.07e-01, 1.05e-01, -9.06e-03, 9.40e-01]
49800 [-5.20e-03, 1.37e-01, 9.96e-01, -4.02e-02, -1.44e-02, -2.61e-01, 3.54e-01, 1.08e-01, 6.88e-02, 4.54e-02, 8.58e-01]
49900 [-1.09e-02, 1.89e-01, 1.00e+00, -4.38e-02, -6.67e-04, -3.59e-01, 3.54e-01, 1.08e-01, 1.08e-01, -1.18e-02, 8.65e-01]
50000 [-9.58e-03, 1.21e-01, 9.86e-01, -4.00e-02, -1.74e-05, -3.29e-01, 3.54e-01, 1.09e-01, 6.85e-02, -6.92e-02, 9.04e-01]
50000 [-9.58e-03, 1.21e-01, 9.86e-01, -4.00e-02, -1.74e-05, -3.29e-01, 3.54e-01, 1.09e-01, 6.85e-02, -6.92e-02, 9.04e-01]
50100 [-1.78e-02, 4.70e-02, 8.71e-01, 6.11e-02, 7.75e-02, -1.51e-01, 2.92e-01, 2.30e-02, 2.17e-01, -2.15e-02, 7.03e-01]
50200 [-1.63e-02, 4.70e-02, 6.78e-01, 5.76e-02, 6.53e-02, -1.88e-01, 2.92e-01, 2.33e-02, 1.83e-01, -2.41e-02, 7.02e-01]
50300 [-1.56e-02, 4.70e-02, 5.45e-01, 5.54e-02, 8.33e-02, -2.42e-01, 2.92e-01, 2.33e-02, 1.84e-01, -2.34e-02, 7.01e-01]
50400 [-1.65e-02, 4.71e-02, 5.27e-01, 5.24e-02, 1.09e-01, -2.67e-01, 2.92e-01, 2.36e-02, 1.70e-01, -2.24e-02, 7.02e-01]
50500 [-1.91e-02, 4.78e-02, 5.53e-01, 5.90e-02, 1.09e-01, -2.80e-01, 2.92e-01, 2.39e-02, 1.34e-01, -2.27e-02, 7.04e-01]
50600 [-2.34e-02, 4.89e-02, 5.96e-01, 7.12e-02, 1.01e-01, -2.90e-01, 2.92e-01, 2.44e-02, 9.66e-02, -2.33e-02, 7.06e-01]
50700 [-2.78e-02, 5.03e-02, 6.50e-01, 8.23e-02, 9.92e-02, -3.03e-01, 2.92e-01, 2.49e-02, 6.72e-02, -2.41e-02, 7.10e-01]
50800 [-3.23e-02, 5.18e-02, 7.13e-01, 8.86e-02, 1.03e-01, -3.16e-01, 2.92e-01, 2.53e-02, 5.51e-02, -2.44e-02, 7.14e-01]
50900 [-3.62e-02, 5.32e-02, 7.79e-01, 9.10e-02, 1.09e-01, -3.31e-01, 2.92e-01, 2.55e-02, 5.71e-02, -2.49e-02, 7.18e-01]
51000 [-3.95e-02, 5.45e-02, 8.39e-01, 9.10e-02, 1.14e-01, -3.46e-01, 2.92e-01, 2.56e-02, 6.83e-02, -2.53e-02, 7.23e-01]
51100 [-4.25e-02, 5.58e-02, 8.91e-01, 9.01e-02, 1.19e-01, -3.58e-01, 2.92e-01, 2.57e-02, 8.29e-02, -2.57e-02, 7.27e-01]
51200 [-4.52e-02, 5.70e-02, 9.38e-01, 8.87e-02, 1.22e-01, -3.77e-01, 2.92e-01, 2.57e-02, 9.85e-02, -2.63e-02, 7.32e-01]
51300 [-4.77e-02, 5.82e-02, 9.74e-01, 8.78e-02, 1.24e-01, -3.81e-01, 2.92e-01, 2.58e-02, 1.08e-01, -2.70e-02, 7.36e-01]
51400 [-5.00e-02, 5.95e-02, 1.00e+00, 8.78e-02, 1.23e-01, -3.54e-01, 2.92e-01, 2.59e-02, 1.07e-01, -2.75e-02, 7.40e-01]
51500 [-5.22e-02, 6.06e-02, 1.03e+00, 8.68e-02, 1.23e-01, -3.86e-01, 2.92e-01, 2.60e-02, 1.09e-01, -2.88e-02, 7.44e-01]
51600 [-5.39e-02, 6.22e-02, 1.03e+00, 8.94e-02, 1.18e-01, -2.83e-01, 2.92e-01, 2.61e-02, 7.84e-02, -2.82e-02, 7.38e-01]
51700 [-5.66e-02, 6.35e-02, 1.04e+00, 8.87e-02, 1.18e-01, -3.37e-01, 2.92e-01, 2.61e-02, 7.71e-02, -2.95e-02, 7.36e-01]
51800 [-5.87e-02, 6.45e-02, 1.07e+00, 8.63e-02, 1.17e-01, -3.78e-01, 2.92e-01, 2.62e-02, 1.01e-01, -3.10e-02, 7.41e-01]
51900 [-4.69e-02, 6.60e-02, 1.04e+00, 8.49e-02, 3.62e-02, -1.80e-01, 2.92e-01, 2.66e-02, 7.02e-02, -3.03e-02, 7.30e-01]
52000 [-4.41e-02, 6.80e-02, 1.03e+00, 8.26e-02, 3.16e-02, -2.73e-01, 2.92e-01, 2.67e-02, 3.06e-02, -3.13e-02, 7.00e-01]
52100 [-4.72e-02, 6.94e-02, 1.05e+00, 7.84e-02, 3.30e-02, -3.36e-01, 2.92e-01, 2.68e-02, 7.47e-02, -3.31e-02, 7.03e-01]
52200 [-4.96e-02, 7.06e-02, 1.07e+00, 7.51e-02, -6.11e-03, -3.82e-01, 2.92e-01, 2.68e-02, 1.08e-01, -2.32e-02, 7.11e-01]
52300 [-4.26e-02, 7.22e-02, 1.06e+00, 7.36e-02, -8.73e-03, -2.02e-01, 2.92e-01, 2.71e-02, 9.48e-02, -2.20e-02, 7.09e-01]
52400 [-3.58e-02, 7.46e-02, 1.04e+00, 7.02e-02, -4.76e-03, -2.87e-01, 2.92e-01, 2.73e-02, 4.40e-02, -2.31e-02, 6.80e-01]
52500 [-3.89e-02, 7.61e-02, 1.06e+00, 6.57e-02, -2.65e-04, -3.53e-01, 2.92e-01, 2.74e-02, 9.05e-02, -2.49e-02, 6.86e-01]
52600 [-4.13e-02, 7.75e-02, 1.09e+00, 6.22e-02, 8.83e-04, -4.02e-01, 2.92e-01, 2.75e-02, 1.23e-01, -1.82e-02, 6.98e-01]
52700 [-4.42e-03, 8.02e-02, 1.02e+00, 5.02e-02, 5.29e-03, -2.27e-01, 2.92e-01, 2.90e-02, 7.02e-03, -1.71e-02, 6.63e-01]
52800 [-6.93e-03, 8.23e-02, 1.04e+00, 4.56e-02, 7.06e-03, -3.12e-01, 2.92e-01, 2.90e-02, 6.51e-02, -1.48e-02, 6.58e-01]
52900 [-9.34e-03, 8.40e-02, 1.07e+00, 4.20e-02, -1.97e-03, -3.75e-01, 2.92e-01, 2.91e-02, 1.08e-01, -1.66e-02, 6.70e-01]
53000 [-1.13e-02, 8.56e-02, 1.10e+00, 3.89e-02, -6.45e-04, -4.22e-01, 2.92e-01, 2.91e-02, 1.39e-01, -1.62e-02, 6.85e-01]
53100 [-8.18e-03, 8.86e-02, 1.05e+00, 4.03e-02, 9.72e-03, -2.92e-01, 2.92e-01, 2.92e-02, 5.14e-02, -9.34e-03, 6.57e-01]
53200 [-1.11e-02, 9.05e-02, 1.07e+00, 3.60e-02, 7.52e-03, -3.67e-01, 2.92e-01, 2.92e-02, 1.03e-01, -1.28e-02, 6.68e-01]
53300 [-1.33e-02, 9.22e-02, 1.10e+00, 3.24e-02, -6.78e-03, -4.21e-01, 2.92e-01, 2.93e-02, 1.38e-01, -1.16e-02, 6.85e-01]
53400 [1.93e-04, 9.54e-02, 1.02e+00, 2.75e-02, 2.61e-03, -2.73e-01, 2.92e-01, 2.97e-02, 4.09e-02, -1.05e-02, 6.46e-01]
53500 [-3.22e-03, 9.77e-02, 1.05e+00, 2.31e-02, -2.88e-03, -3.53e-01, 2.92e-01, 2.97e-02, 9.31e-02, -1.11e-02, 6.55e-01]
53600 [-6.01e-03, 9.96e-02, 1.09e+00, 1.89e-02, -8.08e-03, -4.13e-01, 2.92e-01, 2.98e-02, 1.31e-01, -1.23e-02, 6.76e-01]
53700 [-1.71e-02, 1.03e-01, 1.01e+00, 1.83e-02, 4.38e-03, -2.59e-01, 2.92e-01, 3.02e-02, 1.54e-02, -3.22e-03, 6.49e-01]
53800 [-2.33e-02, 1.05e-01, 1.04e+00, 1.22e-02, 5.91e-03, -3.40e-01, 2.92e-01, 3.02e-02, 9.10e-02, -6.79e-03, 6.55e-01]
53900 [-2.75e-02, 1.07e-01, 1.08e+00, 8.20e-03, -6.60e-04, -4.05e-01, 2.92e-01, 3.04e-02, 1.31e-01, -1.11e-02, 6.76e-01]
54000 [-7.64e-03, 1.10e-01, 1.04e+00, 1.05e-02, 1.28e-02, -2.80e-01, 2.92e-01, 3.29e-02, 4.90e-02, 4.71e-03, 6.70e-01]
54100 [-1.20e-02, 1.12e-01, 1.07e+00, 4.37e-03, 7.70e-03, -3.64e-01, 2.92e-01, 3.32e-02, 1.03e-01, 1.73e-04, 6.78e-01]
54200 [-1.54e-02, 1.15e-01, 1.10e+00, 2.37e-04, -9.93e-03, -4.27e-01, 2.92e-01, 3.33e-02, 1.40e-01, -4.74e-03, 6.98e-01]
54300 [-8.41e-02, 1.18e-01, 9.17e-01, 1.76e-03, -5.30e-02, -2.52e-01, 2.92e-01, 4.03e-02, 3.52e-02, -7.93e-03, 6.39e-01]
54400 [-3.74e-02, 1.20e-01, 9.87e-01, 2.21e-02, -3.74e-02, -3.33e-01, 2.92e-01, 4.33e-02, 9.49e-02, -1.16e-02, 6.50e-01]
54500 [-4.14e-02, 1.23e-01, 1.05e+00, 1.85e-02, -3.93e-02, -3.95e-01, 2.92e-01, 4.37e-02, 1.31e-01, -1.70e-02, 6.76e-01]
54600 [-3.74e-02, 1.26e-01, 1.08e+00, 1.72e-02, 1.31e-02, -3.45e-01, 2.92e-01, 4.40e-02, 1.56e-01, -5.42e-03, 7.07e-01]
54700 [9.42e-03, 1.28e-01, 1.05e+00, 7.07e-03, -5.08e-03, -3.65e-01, 2.92e-01, 4.77e-02, 1.05e-01, -1.05e-02, 7.09e-01]
54800 [5.74e-03, 1.31e-01, 1.09e+00, 2.47e-03, 8.87e-03, -4.30e-01, 2.92e-01, 4.78e-02, 1.43e-01, -1.73e-02, 7.41e-01]
54900 [1.25e-03, 1.33e-01, 1.02e+00, 3.67e-03, -8.64e-04, -3.17e-01, 2.92e-01, 4.80e-02, 6.85e-02, -8.70e-04, 7.25e-01]
55000 [-4.46e-03, 1.36e-01, 1.06e+00, -2.26e-03, -8.28e-03, -3.96e-01, 2.92e-01, 4.81e-02, 1.23e-01, -6.96e-03, 7.48e-01]
55100 [-1.22e-02, 1.39e-01, 1.03e+00, 3.76e-03, 3.69e-03, -1.77e-01, 2.92e-01, 4.90e-02, 5.26e-02, -2.14e-03, 7.52e-01]
55200 [-5.76e-02, 1.42e-01, 9.77e-01, -8.46e-03, 9.42e-03, -3.24e-01, 2.92e-01, 4.94e-02, 8.10e-02, -9.12e-03, 7.10e-01]
55300 [-5.21e-02, 1.45e-01, 1.03e+00, -2.22e-03, -3.53e-03, -3.98e-01, 2.92e-01, 5.09e-02, 1.27e-01, -7.50e-03, 7.40e-01]
55400 [-3.83e-04, 1.48e-01, 1.07e+00, 1.86e-02, -8.38e-03, -3.62e-01, 2.92e-01, 5.46e-02, 1.54e-01, -7.41e-03, 7.77e-01]
55500 [-1.12e-02, 1.51e-01, 1.01e+00, 1.59e-02, -2.38e-03, -3.41e-01, 2.92e-01, 5.47e-02, 9.00e-02, -8.16e-03, 7.47e-01]
55600 [-2.00e-02, 1.54e-01, 1.06e+00, 9.03e-03, -4.94e-03, -4.18e-01, 2.92e-01, 5.49e-02, 1.36e-01, -1.77e-02, 7.82e-01]
55700 [-6.94e-03, 1.56e-01, 1.01e+00, 6.02e-03, -1.92e-02, -3.15e-01, 2.92e-01, 5.88e-02, 6.01e-02, -1.20e-02, 7.78e-01]
55800 [-1.65e-02, 1.59e-01, 1.05e+00, -2.88e-03, -2.83e-02, -4.05e-01, 2.92e-01, 5.90e-02, 1.25e-01, -2.21e-02, 8.03e-01]
55900 [5.61e-02, 1.61e-01, 9.19e-01, 3.59e-03, -3.64e-02, -2.07e-01, 2.92e-01, 6.37e-02, -7.07e-02, 1.63e-02, 7.51e-01]
56000 [5.38e-02, 1.64e-01, 9.73e-01, -1.19e-02, -1.98e-02, -3.42e-01, 2.92e-01, 6.25e-02, 9.31e-02, 1.27e-03, 7.38e-01]
56100 [2.54e-02, 1.67e-01, 1.04e+00, -2.72e-02, 8.84e-03, -4.19e-01, 2.92e-01, 6.33e-02, 1.35e-01, -4.25e-03, 7.87e-01]
56200 [-3.74e-02, 1.68e-01, 9.38e-01, -9.27e-03, -1.41e-02, -2.62e-01, 2.92e-01, 6.93e-02, 2.87e-02, -9.80e-04, 7.57e-01]
56300 [-6.40e-02, 1.71e-01, 9.99e-01, -1.85e-02, 1.12e-02, -3.68e-01, 2.92e-01, 7.00e-02, 1.08e-01, -1.22e-02, 7.66e-01]
56400 [-1.58e-02, 1.74e-01, 1.05e+00, 8.66e-03, -2.99e-02, -4.39e-01, 2.92e-01, 7.40e-02, 1.47e-01, -9.51e-03, 8.23e-01]
56500 [5.70e-02, 1.74e-01, 9.40e-01, -2.48e-04, 6.49e-03, -2.96e-01, 2.92e-01, 7.62e-02, 5.94e-02, -7.26e-03, 7.51e-01]
56600 [6.01e-02, 1.77e-01, 1.01e+00, -6.86e-03, -6.41e-03, -3.88e-01, 2.92e-01, 7.62e-02, 1.17e-01, -1.68e-02, 7.89e-01]
56700 [-1.18e-03, 1.81e-01, 1.05e+00, -2.84e-02, -3.01e-03, -4.32e-01, 2.92e-01, 7.85e-02, 1.51e-01, -1.17e-02, 8.57e-01]
56800 [-1.96e-02, 1.79e-01, 9.87e-01, -2.99e-02, -6.91e-02, -3.46e-01, 2.92e-01, 7.88e-02, 8.93e-02, -4.91e-03, 8.03e-01]
56900 [-3.81e-02, 1.83e-01, 1.04e+00, -3.48e-02, 1.75e-02, -4.25e-01, 2.92e-01, 7.94e-02, 1.33e-01, -1.87e-02, 8.60e-01]
57000 [-7.33e-03, 1.87e-01, 1.01e+00, -4.31e-02, -7.11e-03, -3.61e-01, 2.92e-01, 9.37e-02, 9.30e-02, 8.01e-03, 8.71e-01]
57100 [-2.19e-02, 1.93e-01, 1.05e+00, -5.10e-02, -2.40e-02, -4.37e-01, 2.92e-01, 9.42e-02, 1.34e-01, -3.69e-03, 9.27e-01]
57200 [4.59e-02, 1.88e-01, 9.91e-01, -2.38e-02, -1.44e-02, -3.52e-01, 2.92e-01, 9.83e-02, 8.30e-02, 9.08e-03, 8.77e-01]
57300 [4.03e-02, 1.96e-01, 1.04e+00, -3.61e-02, 2.09e-02, -4.30e-01, 2.92e-01, 9.84e-02, 1.28e-01, -1.47e-02, 9.35e-01]
57400 [-5.13e-02, 1.97e-01, 9.89e-01, 1.99e-02, 7.10e-03, -3.49e-01, 2.92e-01, 1.09e-01, 8.62e-02, -6.49e-03, 8.80e-01]
57500 [3.53e-02, 2.05e-01, 1.03e+00, 2.53e-02, -3.41e-04, -4.03e-01, 2.92e-01, 1.14e-01, 1.10e-01, -1.83e-02, 9.31e-01]
57600 [-7.51e-04, 2.10e-01, 9.91e-01, -8.64e-03, -1.69e-03, -3.40e-01, 2.92e-01, 1.20e-01, 8.58e-02, 3.51e-02, 9.23e-01]
57700 [-1.93e-02, 2.19e-01, 1.04e+00, -2.62e-02, -9.67e-03, -4.28e-01, 2.92e-01, 1.21e-01, 1.26e-01, 2.73e-03, 9.69e-01]
57800 [-9.94e-02, 1.86e-01, 8.10e-01, 6.39e-02, 2.64e-02, -2.74e-01, 2.92e-01, -6.46e-03, 7.83e-02, -1.52e-02, 7.44e-01]
57900 [6.87e-02, 1.99e-01, 9.38e-01, -3.55e-02, 2.24e-02, -3.70e-01, 2.92e-01, 1.46e-02, 1.06e-01, -3.82e-02, 8.03e-01]
58000 [-1.39e-02, 1.99e-01, 9.04e-01, 7.38e-03, -2.36e-02, -1.88e-01, 2.92e-01, 2.12e-02, -3.90e-02, -1.51e-02, 8.38e-01]
58100 [5.69e-02, 2.08e-01, 9.21e-01, 5.62e-03, 5.20e-03, -3.35e-01, 2.92e-01, -2.16e-02, 8.70e-02, -2.86e-02, 7.70e-01]
58200 [5.59e-02, 2.22e-01, 1.00e+00, -2.06e-03, -9.36e-03, -4.17e-01, 2.92e-01, -2.16e-02, 1.28e-01, 6.88e-03, 8.74e-01]
58300 [1.68e-02, 2.21e-01, 9.36e-01, -2.76e-03, -4.83e-04, -3.19e-01, 2.92e-01, -4.64e-03, 7.45e-02, -1.60e-02, 7.82e-01]
58400 [1.54e-05, 2.36e-01, 1.00e+00, -1.18e-02, 4.06e-04, -4.08e-01, 2.92e-01, -4.23e-03, 1.24e-01, -4.74e-02, 8.74e-01]
58500 [-1.59e-02, 2.27e-01, 9.46e-01, -1.30e-02, -3.46e-02, -3.26e-01, 2.92e-01, -3.72e-03, 7.97e-02, -1.05e-02, 8.14e-01]
58600 [-1.50e-02, 2.41e-01, 9.94e-01, -1.28e-02, -1.91e-02, -3.61e-01, 2.92e-01, -2.43e-03, 1.29e-01, -2.73e-02, 8.97e-01]
58700 [-1.16e-02, 2.39e-01, 9.89e-01, -1.54e-02, -3.96e-02, -3.88e-01, 2.92e-01, -1.04e-03, 1.09e-01, 6.71e-03, 9.06e-01]
58800 [-4.23e-02, 2.33e-01, 9.81e-01, -5.22e-03, -6.03e-02, -3.64e-01, 2.92e-01, 6.15e-04, 9.37e-02, -1.01e-02, 9.13e-01]
58900 [-4.23e-02, 2.31e-01, 9.94e-01, 2.62e-02, -7.09e-02, -3.91e-01, 2.92e-01, 1.00e-02, 1.13e-01, -2.61e-02, 9.54e-01]
59000 [-6.17e-02, 2.17e-01, 9.76e-01, 1.01e-02, -1.97e-02, -3.69e-01, 2.92e-01, 1.31e-02, 1.05e-01, -1.36e-02, 8.74e-01]
59100 [4.11e-02, 2.11e-01, 9.88e-01, -2.85e-02, -4.86e-02, -3.81e-01, 2.92e-01, 2.30e-02, 1.05e-01, -1.71e-02, 8.90e-01]
59200 [-4.01e-02, 2.09e-01, 9.90e-01, 1.67e-03, 4.47e-03, -3.71e-01, 2.92e-01, 2.88e-02, 1.01e-01, -4.12e-02, 8.88e-01]
59300 [-5.28e-02, 1.97e-01, 9.94e-01, 3.26e-02, 7.50e-03, -3.61e-01, 2.92e-01, 4.21e-02, 8.52e-02, -2.34e-02, 9.21e-01]
59400 [-4.91e-02, 1.74e-01, 7.87e-01, 2.28e-02, -4.72e-02, -2.11e-01, 2.92e-01, 1.89e-02, 2.79e-02, 2.44e-02, 4.33e-01]
59500 [-2.99e-02, 1.61e-01, 8.85e-01, 5.34e-02, -1.70e-02, -3.02e-01, 2.92e-01, 1.10e-01, 8.80e-02, -1.50e-02, 5.59e-01]
59600 [-4.61e-03, 1.66e-01, 9.12e-01, 4.82e-02, 1.04e-04, -2.15e-01, 2.92e-01, 1.19e-01, 1.24e-02, -1.29e-02, 7.11e-01]
59700 [-3.02e-02, 1.35e-01, 9.26e-01, 2.43e-02, -5.44e-03, -3.37e-01, 2.92e-01, 1.23e-01, 1.18e-01, -4.12e-02, 5.82e-01]
59800 [2.01e-02, -1.73e-02, 7.22e-01, 9.51e-02, -1.26e-02, -1.49e-01, 2.92e-01, -1.47e-01, 1.71e-01, 3.63e-02, 4.55e-01]
59900 [8.10e-02, 7.43e-02, 9.30e-01, 1.88e-02, -3.66e-02, -3.54e-01, 2.92e-01, -2.55e-01, 1.34e-01, 9.63e-04, 5.05e-01]
60000 [-1.55e-02, 1.06e-01, 9.77e-01, -9.60e-03, -1.79e-03, -3.10e-01, 2.92e-01, -2.48e-01, 7.67e-02, -2.40e-02, 6.86e-01]
60000 [-1.55e-02, 1.06e-01, 9.77e-01, -9.60e-03, -1.79e-03, -3.10e-01, 2.92e-01, -2.48e-01, 7.67e-02, -2.40e-02, 6.86e-01]
60100 [1.78e-01, 6.40e-02, 7.12e-01, 1.07e-03, -2.56e-02, -2.20e-01, 2.43e-01, -9.66e-02, 1.19e-01, 1.13e-02, 5.80e-01]
60200 [2.71e-01, 6.39e-02, 4.88e-01, -6.14e-02, -1.87e-02, -2.53e-01, 2.43e-01, -1.38e-01, 1.66e-01, 1.15e-02, 5.71e-01]
60300 [2.73e-01, 6.44e-02, 4.10e-01, -8.26e-02, -1.73e-02, -2.50e-01, 2.43e-01, -1.50e-01, 1.66e-01, 1.16e-02, 5.66e-01]
60400 [2.98e-01, 6.78e-02, 4.55e-01, -8.35e-02, -1.95e-02, -2.31e-01, 2.43e-01, -1.38e-01, 1.11e-01, 1.16e-02, 5.65e-01]
60500 [3.08e-01, 7.15e-02, 5.04e-01, -1.02e-01, -2.35e-02, -2.40e-01, 2.43e-01, -1.32e-01, 1.05e-01, 1.07e-02, 5.68e-01]
60600 [2.93e-01, 7.57e-02, 5.51e-01, -1.18e-01, -2.93e-02, -2.53e-01, 2.43e-01, -1.25e-01, 1.02e-01, 9.63e-03, 5.72e-01]
60700 [3.25e-01, 8.01e-02, 6.04e-01, -1.21e-01, -3.72e-02, -2.66e-01, 2.43e-01, -1.23e-01, 1.04e-01, 8.41e-03, 5.78e-01]
60800 [2.70e-01, 8.43e-02, 6.50e-01, -1.31e-01, -4.46e-02, -2.83e-01, 2.43e-01, -1.14e-01, 1.08e-01, 6.96e-03, 5.84e-01]
60900 [2.99e-01, 8.88e-02, 7.04e-01, -1.30e-01, -5.27e-02, -3.00e-01, 2.43e-01, -1.13e-01, 1.15e-01, 5.40e-03, 5.93e-01]
61000 [3.24e-01, 9.30e-02, 7.50e-01, -1.30e-01, -6.22e-02, -3.17e-01, 2.43e-01, -1.10e-01, 1.20e-01, 3.81e-03, 6.02e-01]
61100 [2.09e-01, 9.71e-02, 7.91e-01, -1.40e-01, -6.93e-02, -3.26e-01, 2.43e-01, -1.00e-01, 1.21e-01, 2.04e-03, 6.11e-01]
61200 [2.30e-01, 1.02e-01, 8.45e-01, -1.37e-01, -7.60e-02, -3.49e-01, 2.43e-01, -9.83e-02, 1.29e-01, -5.22e-06, 6.23e-01]
61300 [2.47e-01, 1.06e-01, 8.90e-01, -1.34e-01, -8.37e-02, -3.70e-01, 2.43e-01, -9.66e-02, 1.37e-01, -2.21e-03, 6.37e-01]
61400 [2.60e-01, 1.10e-01, 9.29e-01, -1.32e-01, -9.27e-02, -3.90e-01, 2.43e-01, -9.50e-02, 1.44e-01, -4.58e-03, 6.51e-01]
61500 [1.20e-01, 1.13e-01, 9.10e-01, -1.35e-01, -1.00e-01, -2.89e-01, 2.43e-01, -8.80e-02, 7.91e-02, -5.21e-03, 6.42e-01]
61600 [1.31e-01, 1.18e-01, 9.45e-01, -1.30e-01, -1.04e-01, -3.35e-01, 2.43e-01, -8.74e-02, 1.01e-01, -7.79e-03, 6.55e-01]
61700 [1.40e-01, 1.22e-01, 9.84e-01, -1.26e-01, -1.09e-01, -3.68e-01, 2.43e-01, -8.70e-02, 1.19e-01, -1.06e-02, 6.72e-01]
61800 [1.47e-01, 1.27e-01, 1.02e+00, -1.24e-01, -1.15e-01, -3.97e-01, 2.43e-01, -8.65e-02, 1.33e-01, -1.37e-02, 6.91e-01]
61900 [1.28e-01, 1.30e-01, 9.88e-01, -1.27e-01, -4.42e-02, -3.01e-01, 2.43e-01, -8.51e-02, 6.96e-02, -1.43e-02, 6.83e-01]
62000 [1.36e-01, 1.35e-01, 1.01e+00, -1.23e-01, -5.03e-02, -3.50e-01, 2.43e-01, -8.48e-02, 1.04e-01, -1.72e-02, 6.95e-01]
62100 [1.42e-01, 1.40e-01, 1.04e+00, -1.20e-01, -5.52e-02, -3.86e-01, 2.43e-01, -8.45e-02, 1.22e-01, -1.24e-02, 7.14e-01]
62200 [1.13e-01, 1.44e-01, 1.02e+00, -1.19e-01, -2.95e-02, -2.81e-01, 2.43e-01, -8.31e-02, 7.57e-02, -1.33e-02, 7.15e-01]
62300 [1.15e-01, 1.49e-01, 1.02e+00, -1.17e-01, -1.60e-02, -3.44e-01, 2.43e-01, -8.26e-02, 9.64e-02, -1.63e-02, 7.19e-01]
62400 [1.20e-01, 1.54e-01, 1.04e+00, -1.16e-01, -2.07e-02, -3.86e-01, 2.43e-01, -8.24e-02, 1.18e-01, -1.52e-02, 7.39e-01]
62500 [1.20e-01, 1.58e-01, 1.06e+00, -1.16e-01, -1.62e-02, -3.90e-01, 2.43e-01, -8.22e-02, 1.18e-01, -1.64e-02, 7.60e-01]
62600 [1.02e-01, 1.63e-01, 1.03e+00, -1.17e-01, -7.74e-03, -3.36e-01, 2.43e-01, -8.15e-02, 7.80e-02, -1.30e-02, 7.63e-01]
62700 [1.05e-01, 1.68e-01, 1.05e+00, -1.15e-01, -1.57e-02, -3.88e-01, 2.43e-01, -8.14e-02, 1.14e-01, -1.29e-02, 7.82e-01]
62800 [7.63e-04, 1.69e-01, 9.52e-01, -9.96e-02, 4.78e-02, -2.32e-01, 2.43e-01, -7.68e-02, -2.30e-02, -2.61e-03, 7.36e-01]
62900 [-1.03e-02, 1.73e-01, 9.77e-01, -1.02e-01, 4.16e-02, -3.26e-01, 2.43e-01, -7.64e-02, 8.02e-02, -4.98e-03, 7.34e-01]
63000 [-1.83e-02, 1.79e-01, 1.02e+00, -1.02e-01, 2.71e-02, -3.82e-01, 2.43e-01, -7.59e-02, 1.10e-01, -8.37e-03, 7.55e-01]
63100 [-2.46e-02, 1.84e-01, 1.05e+00, -9.96e-02, 1.53e-02, -4.02e-01, 2.43e-01, -7.53e-02, 1.24e-01, -8.73e-03, 7.84e-01]
63200 [-2.97e-02, 1.89e-01, 1.05e+00, -9.55e-02, -5.93e-03, -3.92e-01, 2.43e-01, -7.47e-02, 1.09e-01, -9.68e-03, 8.04e-01]
63300 [-1.86e-02, 1.91e-01, 9.75e-01, -8.35e-02, -6.97e-03, -2.86e-01, 2.43e-01, -7.37e-02, 2.52e-02, -5.50e-03, 7.71e-01]
63400 [-3.23e-02, 1.98e-01, 1.01e+00, -8.82e-02, -5.41e-03, -3.60e-01, 2.43e-01, -7.31e-02, 9.63e-02, -6.44e-03, 7.81e-01]
63500 [-4.17e-02, 2.04e-01, 1.04e+00, -8.81e-02, -8.00e-03, -4.02e-01, 2.43e-01, -7.22e-02, 1.27e-01, -1.04e-02, 8.14e-01]
63600 [-1.57e-03, 2.02e-01, 9.35e-01, -7.45e-02, 1.64e-03, -2.98e-01, 2.43e-01, -6.99e-02, 6.84e-02, -5.40e-03, 7.32e-01]
63700 [-1.55e-02, 2.09e-01, 9.97e-01, -7.64e-02, -1.73e-03, -3.67e-01, 2.43e-01, -6.93e-02, 1.07e-01, -9.78e-03, 7.54e-01]
63800 [-2.63e-02, 2.17e-01, 1.04e+00, -7.69e-02, -1.04e-02, -4.22e-01, 2.43e-01, -6.85e-02, 1.35e-01, -1.50e-02, 8.00e-01]
63900 [4.60e-02, 2.12e-01, 8.54e-01, -2.06e-02, -3.52e-04, -2.68e-01, 2.43e-01, -7.19e-02, 7.11e-02, 1.22e-02, 6.78e-01]
64000 [5.27e-02, 2.22e-01, 9.52e-01, -2.36e-02, -6.62e-03, -3.42e-01, 2.43e-01, -7.18e-02, 1.07e-01, 5.68e-03, 6.98e-01]
64100 [5.31e-02, 2.29e-01, 1.01e+00, -2.63e-02, -3.78e-05, -3.99e-01, 2.43e-01, -7.18e-02, 1.35e-01, -1.63e-03, 7.49e-01]
64200 [1.17e-02, 2.30e-01, 9.83e-01, -2.70e-02, -1.31e-02, -3.25e-01, 2.43e-01, -6.76e-02, 7.58e-02, -1.44e-04, 7.71e-01]
64300 [1.20e-03, 2.38e-01, 1.02e+00, -3.14e-02, 8.55e-03, -3.96e-01, 2.43e-01, -6.71e-02, 1.24e-01, -5.37e-03, 8.09e-01]
64400 [-1.47e-04, 2.38e-01, 9.24e-01, -2.84e-02, -3.64e-05, -2.60e-01, 2.43e-01, -6.66e-02, 2.64e-02, -7.11e-03, 7.64e-01]
64500 [-2.02e-02, 2.48e-01, 9.75e-01, -3.27e-02, 4.71e-04, -3.57e-01, 2.43e-01, -6.60e-02, 1.07e-01, -4.70e-03, 7.69e-01]
64600 [-3.79e-02, 2.57e-01, 1.01e+00, -3.43e-02, -9.68e-03, -4.19e-01, 2.43e-01, -6.46e-02, 1.39e-01, -1.22e-02, 8.26e-01]
64700 [-5.12e-02, 2.36e-01, 8.72e-01, -2.57e-02, 1.68e-03, -2.88e-01, 2.43e-01, -6.05e-02, 7.22e-02, -4.82e-03, 7.23e-01]
64800 [-1.03e-01, 2.48e-01, 9.56e-01, -2.52e-02, -3.70e-04, -3.63e-01, 2.43e-01, -5.67e-02, 1.13e-01, -5.99e-03, 7.55e-01]
64900 [-7.40e-02, 2.47e-01, 9.60e-01, -3.63e-02, -1.79e-02, -3.51e-01, 2.43e-01, 4.32e-02, 9.73e-02, -9.53e-03, 7.87e-01]
65000 [7.62e-03, 2.56e-01, 9.79e-01, 6.03e-03, -4.58e-03, -2.96e-01, 2.43e-01, 5.17e-02, 1.45e-01, -7.24e-03, 8.31e-01]
65100 [-4.76e-02, 2.53e-01, 9.33e-01, -1.17e-02, -6.48e-04, -3.23e-01, 2.43e-01, 7.19e-02, 8.86e-02, -3.60e-03, 7.58e-01]
65200 [-7.98e-02, 2.66e-01, 9.89e-01, -1.59e-02, -3.81e-03, -3.95e-01, 2.43e-01, 7.55e-02, 1.25e-01, -1.31e-02, 8.14e-01]
65300 [-3.10e-02, 2.47e-01, 9.06e-01, 1.21e-02, 4.49e-03, -2.92e-01, 2.43e-01, 8.96e-02, 7.50e-02, -7.62e-03, 7.61e-01]
65400 [-7.12e-02, 2.56e-01, 9.73e-01, 5.74e-03, -5.24e-03, -3.75e-01, 2.43e-01, 9.45e-02, 1.16e-01, -9.34e-03, 7.96e-01]
65500 [2.45e-02, 2.54e-01, 9.55e-01, 4.59e-03, -2.40e-03, -3.34e-01, 2.43e-01, 1.05e-01, 9.08e-02, -1.25e-02, 8.16e-01]
65600 [-3.51e-03, 2.64e-01, 9.74e-01, -1.85e-03, -1.98e-02, -2.67e-01, 2.43e-01, 1.06e-01, 8.80e-02, 1.65e-02, 8.54e-01]
65700 [-2.51e-02, 2.49e-01, 9.40e-01, -1.47e-02, -3.97e-02, -3.35e-01, 2.43e-01, 1.07e-01, 9.18e-02, 4.80e-03, 7.86e-01]
65800 [3.61e-02, 2.51e-01, 9.37e-01, 7.53e-03, 4.36e-02, -2.41e-01, 2.43e-01, 1.20e-01, 6.45e-03, 4.13e-02, 8.06e-01]
65900 [-3.92e-02, 2.37e-01, 9.48e-01, -2.81e-02, 2.49e-02, -3.48e-01, 2.43e-01, 1.30e-01, 9.92e-02, 1.62e-02, 7.69e-01]
66000 [-7.63e-03, 2.40e-01, 9.29e-01, 6.30e-03, -5.71e-03, -2.99e-01, 2.43e-01, 1.42e-01, 6.91e-02, -5.11e-03, 8.01e-01]
66100 [-3.17e-02, 2.24e-01, 9.59e-01, 4.91e-04, -1.79e-02, -3.48e-01, 2.43e-01, 1.45e-01, 9.70e-02, -2.00e-02, 7.93e-01]
66200 [7.19e-03, 2.24e-01, 9.43e-01, -1.27e-02, 7.32e-03, -3.10e-01, 2.43e-01, 1.62e-01, 8.30e-02, -7.42e-03, 7.99e-01]
66300 [7.50e-03, 2.33e-01, 9.58e-01, -6.79e-03, -1.61e-02, -2.76e-01, 2.43e-01, 1.65e-01, 2.57e-02, -1.66e-02, 8.23e-01]
66400 [-1.13e-02, 2.46e-01, 9.85e-01, -1.82e-02, -9.68e-03, -3.59e-01, 2.43e-01, 1.68e-01, 1.15e-01, -8.84e-03, 8.45e-01]
66500 [2.44e-02, 2.08e-01, 9.79e-01, -3.37e-02, -1.10e-02, -3.61e-01, 2.43e-01, 1.76e-01, 1.02e-01, -8.60e-03, 8.30e-01]
66600 [-1.10e-02, 2.10e-01, 9.45e-01, 8.50e-04, -8.87e-03, -3.22e-01, 2.43e-01, 1.93e-01, 8.59e-02, -5.21e-03, 7.27e-01]
66700 [-3.16e-02, 1.71e-01, 8.96e-01, 4.58e-03, 1.64e-02, -2.43e-01, 2.43e-01, 2.33e-01, 4.54e-02, -6.92e-03, 7.03e-01]
66800 [-6.28e-02, 1.91e-01, 9.75e-01, -4.79e-03, -5.38e-03, -3.78e-01, 2.43e-01, 2.42e-01, 1.25e-01, -1.14e-02, 7.40e-01]
66900 [1.52e-02, 1.84e-01, 9.73e-01, 2.65e-02, -4.39e-02, -3.56e-01, 2.43e-01, 2.73e-01, 1.15e-01, -1.02e-02, 7.23e-01]
67000 [1.59e-02, 1.84e-01, 8.48e-01, -2.72e-02, -5.70e-02, -2.63e-01, 2.43e-01, 2.10e-01, 8.19e-02, -5.54e-02, 5.43e-01]
67100 [-2.83e-02, 2.31e-01, 9.69e-01, -2.92e-02, 3.19e-02, -3.73e-01, 2.43e-01, 2.11e-01, 1.23e-01, -1.84e-02, 7.04e-01]
67200 [7.38e-02, 1.52e-01, 9.15e-01, 1.08e-02, -3.58e-02, -3.22e-01, 2.43e-01, 2.35e-01, 1.02e-01, -2.67e-03, 7.33e-01]
67300 [-4.46e-02, 1.68e-01, 9.45e-01, 2.30e-02, 1.94e-02, -3.06e-01, 2.43e-01, 2.62e-01, 5.68e-02, -2.77e-02, 7.80e-01]
67400 [-4.84e-02, 1.21e-01, 9.49e-01, -6.80e-02, -1.56e-02, -2.95e-01, 2.43e-01, 2.73e-01, 7.32e-02, 1.90e-03, 7.52e-01]
67500 [5.32e-02, 1.58e-01, 1.01e+00, -2.89e-02, -2.93e-04, -3.89e-01, 2.43e-01, 3.08e-01, 1.18e-01, 3.28e-03, 8.21e-01]
67600 [6.74e-03, 1.81e-01, 9.81e-01, -1.08e-02, -2.39e-02, -3.50e-01, 2.43e-01, 3.37e-01, 1.10e-01, -5.05e-02, 7.16e-01]
67700 [-1.46e-02, 1.67e-01, 9.34e-01, -1.71e-02, 3.05e-02, -3.03e-01, 2.43e-01, 3.39e-01, 8.47e-02, -8.04e-03, 6.60e-01]
67800 [2.79e-02, 1.54e-01, 9.31e-01, -3.00e-02, 1.21e-03, -2.65e-01, 2.43e-01, 3.56e-01, 5.00e-02, -2.49e-02, 7.14e-01]
67900 [-8.72e-03, 1.58e-01, 9.87e-01, 4.82e-03, 1.15e-02, -3.78e-01, 2.43e-01, 3.00e-01, 1.26e-01, -5.11e-02, 7.37e-01]
68000 [-6.32e-02, 9.81e-02, 9.13e-01, -1.04e-02, -2.57e-02, -3.14e-01, 2.43e-01, 2.89e-01, 1.14e-01, -3.49e-02, 5.34e-01]
68100 [-2.39e-02, 7.03e-02, 9.15e-01, 6.45e-03, 9.70e-04, -2.83e-01, 2.43e-01, 8.21e-02, 6.32e-02, 3.25e-03, 5.61e-01]
68200 [-4.16e-02, 1.49e-01, 1.01e+00, 7.15e-03, -4.09e-02, -3.46e-01, 2.43e-01, 9.44e-02, 1.37e-01, -3.34e-02, 7.92e-01]
68300 [6.28e-02, 1.24e-01, 9.53e-01, -6.89e-02, -7.22e-03, -3.40e-01, 2.43e-01, 8.45e-02, 1.21e-01, -3.72e-02, 6.11e-01]
68400 [5.68e-02, 1.20e-01, 8.88e-01, 1.98e-02, -1.49e-02, -2.17e-01, 2.43e-01, 1.40e-01, -7.42e-03, -5.25e-03, 6.11e-01]
68500 [4.27e-02, 1.92e-01, 9.82e-01, -2.87e-02, -4.57e-02, -3.66e-01, 2.43e-01, 1.31e-01, 1.18e-01, 3.82e-03, 7.36e-01]
68600 [3.30e-03, 1.84e-01, 1.00e+00, -2.94e-02, -8.13e-02, -3.72e-01, 2.43e-01, 1.38e-01, 1.04e-01, -4.92e-02, 9.03e-01]
68700 [-4.15e-03, 1.70e-01, 1.01e+00, -3.14e-02, 4.55e-03, -3.68e-01, 2.43e-01, 1.43e-01, 9.84e-02, -8.64e-03, 9.51e-01]
68800 [-2.90e-03, 1.63e-01, 1.02e+00, -1.78e-02, -4.04e-03, -3.50e-01, 2.43e-01, 1.58e-01, 9.03e-02, 6.39e-03, 9.46e-01]
68900 [-7.22e-02, 8.16e-02, 9.21e-01, 4.19e-02, 3.65e-02, -3.08e-01, 2.43e-01, 6.32e-02, 3.18e-02, 1.88e-02, 6.86e-01]
69000 [-1.58e-02, 1.35e-01, 9.53e-01, -6.76e-02, -6.02e-03, -3.29e-01, 2.43e-01, 1.24e-01, 9.66e-02, -6.45e-03, 7.45e-01]
69100 [6.98e-03, 1.43e-01, 9.38e-01, -3.27e-02, 9.34e-03, -3.04e-01, 2.43e-01, 1.40e-01, 9.13e-02, -7.44e-02, 7.09e-01]
69200 [-1.40e-02, 1.31e-01, 9.57e-01, -8.60e-04, -4.05e-02, -2.94e-01, 2.43e-01, 1.47e-01, 4.71e-02, 2.03e-02, 7.94e-01]
69300 [2.78e-02, 1.51e-01, 9.65e-01, 7.54e-03, -7.08e-03, -3.12e-01, 2.43e-01, 1.77e-01, 4.54e-02, -1.00e-02, 7.86e-01]
69400 [-3.68e-02, 1.49e-01, 9.64e-01, -7.75e-03, -4.44e-02, -3.23e-01, 2.43e-01, 1.84e-01, 8.00e-02, -3.69e-02, 7.71e-01]
69500 [4.91e-02, 8.75e-02, 9.71e-01, 1.92e-02, 2.50e-03, -3.27e-01, 2.43e-01, 1.46e-01, 7.95e-02, -5.55e-02, 7.10e-01]
69600 [3.20e-02, 2.07e-02, 9.16e-01, -3.56e-02, -9.50e-03, -3.09e-01, 2.43e-01, 2.05e-01, 9.19e-02, -1.94e-02, 4.76e-01]
69700 [-1.04e-02, 7.56e-04, 8.56e-01, -4.75e-03, -6.64e-02, -1.30e-01, 2.43e-01, 1.22e-01, -1.37e-02, -4.31e-02, 4.74e-01]
69800 [-2.12e-01, -2.71e-02, 8.92e-01, -1.17e-01, -7.45e-03, -2.18e-01, 2.43e-01, 6.55e-02, 1.08e-01, -7.10e-02, 5.32e-01]
69900 [1.74e-01, 1.13e-01, 8.31e-01, 9.58e-02, -2.38e-02, -2.94e-01, 2.43e-01, -3.88e-02, 6.14e-02, 1.19e-02, 5.51e-01]
70000 [1.79e-01, 1.66e-01, 9.26e-01, 8.78e-02, -3.87e-02, -3.59e-01, 2.43e-01, -3.74e-02, 1.03e-01, -1.86e-02, 8.87e-01]
