# step, loss_train, loss_test, metrics_test
0.000000000000000000e+00 4.293510273961277006e-04 1.857219285760997388e-02 7.964622733101417440e-03 6.392628836374293633e-03 1.932100000000000219e-12 7.022500000000000016e-12 2.937639999999999587e-11 5.712100000000000365e-10 2.561162223159265672e-01 2.319614454066090570e+00 1.349764161604274648e-01 2.658245189399247588e-01 4.293510273961277006e-04 1.857219285760997388e-02 7.964622733101417440e-03 6.392628836374293633e-03 1.932100000000000219e-12 7.022500000000000016e-12 2.937639999999999587e-11 5.712100000000000365e-10 2.561162223159265672e-01 2.319614454066090570e+00 1.349764161604274648e-01 2.658245189399247588e-01
3.500000000000000000e+02 1.746628843612721199e-03 6.423629952091711171e-03 8.738903136196286142e-03 4.544635444774874217e-02 2.184479895052266168e-09 6.818590050138076895e-06 6.326678314632107472e-06 1.339264022181119954e-03 3.165182892128279996e-03 6.343164043374114290e-03 7.890825887873740424e-03 8.454256005192464785e-03 1.746628843612721199e-03 6.423629952091711171e-03 8.738903136196286142e-03 4.544635444774874217e-02 2.184479895052266168e-09 6.818590050138076895e-06 6.326678314632107472e-06 1.339264022181119954e-03 3.165182892128279996e-03 6.343164043374114290e-03 7.890825887873740424e-03 8.454256005192464785e-03
7.000000000000000000e+02 1.769260213411941261e-03 5.280116584563374765e-03 9.711479681666706013e-03 4.727374128658633212e-02 6.883041060100007140e-07 4.948640873496738102e-07 6.954799139122943702e-06 1.406207513301573585e-03 2.624271351519652431e-03 4.089026462071972644e-03 5.865457244727922959e-03 7.405304043421548181e-03 1.769260213411941261e-03 5.280116584563374765e-03 9.711479681666706013e-03 4.727374128658633212e-02 6.883041060100007140e-07 4.948640873496738102e-07 6.954799139122943702e-06 1.406207513301573585e-03 2.624271351519652431e-03 4.089026462071972644e-03 5.865457244727922959e-03 7.405304043421548181e-03
1.050000000000000000e+03 1.634072617490750457e-03 6.430129031637634059e-03 7.718130611052224574e-03 4.993827468487090776e-02 2.129547087857551325e-06 6.550133470272872350e-06 8.476495826053424029e-05 1.386840044410965868e-03 2.387110786130557799e-03 3.680821100600920309e-03 1.054601139923014123e-02 6.787038035580199823e-03 1.634072617490750457e-03 6.430129031637634059e-03 7.718130611052224574e-03 4.993827468487090776e-02 2.129547087857551325e-06 6.550133470272872350e-06 8.476495826053424029e-05 1.386840044410965868e-03 2.387110786130557799e-03 3.680821100600920309e-03 1.054601139923014123e-02 6.787038035580199823e-03
1.400000000000000000e+03 1.741074064442434902e-03 4.750955029584085464e-03 1.047100871827541003e-02 4.819547299006770452e-02 5.305762148725811761e-08 1.388896072203063564e-08 3.409155514473444932e-06 1.450225869937829754e-03 1.934217172967599456e-03 3.309522339044827441e-03 5.405573267181652992e-03 7.042860182349546666e-03 1.741074064442434902e-03 4.750955029584085464e-03 1.047100871827541003e-02 4.819547299006770452e-02 5.305762148725811761e-08 1.388896072203063564e-08 3.409155514473444932e-06 1.450225869937829754e-03 1.934217172967599456e-03 3.309522339044827441e-03 5.405573267181652992e-03 7.042860182349546666e-03
1.750000000000000000e+03 1.755898330429810344e-03 4.679464860415553408e-03 1.069801831609255502e-02 4.854093536406162840e-02 5.185873911954775215e-07 2.528187132730034968e-08 1.125372420328662510e-06 1.422890346905939310e-03 1.772057722270750863e-03 3.042052602752111628e-03 5.158267549920248461e-03 6.946267207070136972e-03 1.755898330429810344e-03 4.679464860415553408e-03 1.069801831609255502e-02 4.854093536406162840e-02 5.185873911954775215e-07 2.528187132730034968e-08 1.125372420328662510e-06 1.422890346905939310e-03 1.772057722270750863e-03 3.042052602752111628e-03 5.158267549920248461e-03 6.946267207070136972e-03
2.100000000000000000e+03 1.809302171682289091e-03 4.857042189522308220e-03 1.030092785266441095e-02 4.848800861994096573e-02 1.340775001309539380e-08 2.904112749865150392e-09 4.239355386443886097e-06 1.442173356124729902e-03 1.546279236670821625e-03 2.780053623917673380e-03 5.214746934290652794e-03 7.110953944940767713e-03 1.809302171682289091e-03 4.857042189522308220e-03 1.030092785266441095e-02 4.848800861994096573e-02 1.340775001309539380e-08 2.904112749865150392e-09 4.239355386443886097e-06 1.442173356124729902e-03 1.546279236670821625e-03 2.780053623917673380e-03 5.214746934290652794e-03 7.110953944940767713e-03
2.450000000000000000e+03 1.874604368081753429e-03 5.296519584216190582e-03 9.730156959603459416e-03 4.789590959506778711e-02 5.086790547398690212e-07 1.646996674867258264e-06 1.585669160777247445e-05 1.536858514898556622e-03 1.458838005288151055e-03 2.550461224283540052e-03 5.639934237163804313e-03 7.739998940970080170e-03 1.874604368081753429e-03 5.296519584216190582e-03 9.730156959603459416e-03 4.789590959506778711e-02 5.086790547398690212e-07 1.646996674867258264e-06 1.585669160777247445e-05 1.536858514898556622e-03 1.458838005288151055e-03 2.550461224283540052e-03 5.639934237163804313e-03 7.739998940970080170e-03
2.800000000000000000e+03 1.781540588484343580e-03 5.006187279937734935e-03 1.040547223072645078e-02 4.851393223336935429e-02 2.381418130414993180e-09 9.135536502457781274e-09 4.230834883118421789e-06 1.434143592101329691e-03 1.422385680779395499e-03 2.543664391682455301e-03 5.151079440251893349e-03 7.063767214769893152e-03 1.781540588484343580e-03 5.006187279937734935e-03 1.040547223072645078e-02 4.851393223336935429e-02 2.381418130414993180e-09 9.135536502457781274e-09 4.230834883118421789e-06 1.434143592101329691e-03 1.422385680779395499e-03 2.543664391682455301e-03 5.151079440251893349e-03 7.063767214769893152e-03
3.150000000000000000e+03 1.761996849027600009e-03 5.022027549847596362e-03 1.035012990134831674e-02 4.861401874130262535e-02 6.198858220053416601e-09 7.411335154198954362e-09 3.877027172422806866e-06 1.429132829720608684e-03 1.422559039699411399e-03 2.506081022831398945e-03 5.120427724972322937e-03 7.055185672218327285e-03 1.761996849027600009e-03 5.022027549847596362e-03 1.035012990134831674e-02 4.861401874130262535e-02 6.198858220053416601e-09 7.411335154198954362e-09 3.877027172422806866e-06 1.429132829720608684e-03 1.422559039699411399e-03 2.506081022831398945e-03 5.120427724972322937e-03 7.055185672218327285e-03
3.500000000000000000e+03 1.761158326228447766e-03 5.034953727083897428e-03 1.054220973064273585e-02 4.850966886170497011e-02 3.519939013453388730e-08 6.505579433602677553e-09 2.768561750183078977e-06 1.427469235302024396e-03 1.379677549351235018e-03 2.484749052551130620e-03 5.057966135333303269e-03 7.060001418347619344e-03 1.761158326228447766e-03 5.034953727083897428e-03 1.054220973064273585e-02 4.850966886170497011e-02 3.519939013453388730e-08 6.505579433602677553e-09 2.768561750183078977e-06 1.427469235302024396e-03 1.379677549351235018e-03 2.484749052551130620e-03 5.057966135333303269e-03 7.060001418347619344e-03
3.850000000000000000e+03 1.745544704626470151e-03 5.033670470586261436e-03 1.034052148346360257e-02 4.858859069498724231e-02 3.622668449471395280e-10 1.162552923867173570e-08 4.350997332170016024e-06 1.432708464350320766e-03 1.393188432260676754e-03 2.475109912498143529e-03 5.120553099054149342e-03 7.079220265371015744e-03 1.745544704626470151e-03 5.033670470586261436e-03 1.034052148346360257e-02 4.858859069498724231e-02 3.622668449471395280e-10 1.162552923867173570e-08 4.350997332170016024e-06 1.432708464350320766e-03 1.393188432260676754e-03 2.475109912498143529e-03 5.120553099054149342e-03 7.079220265371015744e-03
4.200000000000000000e+03 1.738562288551005058e-03 5.899172971817467914e-03 8.459695288463870561e-03 4.840386797593532187e-02 6.701204478083258935e-06 7.350208883278331304e-06 9.126153172973037499e-05 1.613049310707540289e-03 1.591524904694750081e-03 2.448633158650586131e-03 7.092294540251981895e-03 7.863891498844840025e-03 1.738562288551005058e-03 5.899172971817467914e-03 8.459695288463870561e-03 4.840386797593532187e-02 6.701204478083258935e-06 7.350208883278331304e-06 9.126153172973037499e-05 1.613049310707540289e-03 1.591524904694750081e-03 2.448633158650586131e-03 7.092294540251981895e-03 7.863891498844840025e-03
4.550000000000000000e+03 1.735441685215460871e-03 5.008546747394627963e-03 1.030863346161790817e-02 4.863522336744662000e-02 5.910738954552482467e-10 8.440647160847360479e-09 4.216763829158535756e-06 1.432775875053025763e-03 1.370662598062567057e-03 2.462521896874025635e-03 5.103530682977906220e-03 7.089116704532640902e-03 1.735441685215460871e-03 5.008546747394627963e-03 1.030863346161790817e-02 4.863522336744662000e-02 5.910738954552482467e-10 8.440647160847360479e-09 4.216763829158535756e-06 1.432775875053025763e-03 1.370662598062567057e-03 2.462521896874025635e-03 5.103530682977906220e-03 7.089116704532640902e-03
4.900000000000000000e+03 1.771474850230607152e-03 4.836777887155863098e-03 9.739936013021350744e-03 4.665563821292077057e-02 5.277403008410608936e-06 1.283066820056873655e-05 3.928087086429445877e-05 1.756081709107318051e-03 1.923601347014958479e-03 3.192247796938008694e-03 6.047377287618647262e-03 8.979368464097957706e-03 1.771474850230607152e-03 4.836777887155863098e-03 9.739936013021350744e-03 4.665563821292077057e-02 5.277403008410608936e-06 1.283066820056873655e-05 3.928087086429445877e-05 1.756081709107318051e-03 1.923601347014958479e-03 3.192247796938008694e-03 6.047377287618647262e-03 8.979368464097957706e-03
5.250000000000000000e+03 1.724422328149280079e-03 5.004882906743615516e-03 1.031018814266082204e-02 4.861940842013307701e-02 2.380678329602337365e-09 1.794760185035548925e-09 4.123130021775690663e-06 1.436241060905491798e-03 1.364659097377020130e-03 2.451342841583086657e-03 5.097930119115272850e-03 7.098037535311256009e-03 1.724422328149280079e-03 5.004882906743615516e-03 1.031018814266082204e-02 4.861940842013307701e-02 2.380678329602337365e-09 1.794760185035548925e-09 4.123130021775690663e-06 1.436241060905491798e-03 1.364659097377020130e-03 2.451342841583086657e-03 5.097930119115272850e-03 7.098037535311256009e-03
5.600000000000000000e+03 1.719361732423783711e-03 5.003591269231820807e-03 1.030116865785134748e-02 4.863591819360466029e-02 1.587425927727477431e-10 5.995570644816677840e-09 4.222967785168831858e-06 1.432155744247324853e-03 1.365227515030302367e-03 2.452578011930833021e-03 5.092244507147744917e-03 7.082231466093304173e-03 1.719361732423783711e-03 5.003591269231820807e-03 1.030116865785134748e-02 4.863591819360466029e-02 1.587425927727477431e-10 5.995570644816677840e-09 4.222967785168831858e-06 1.432155744247324853e-03 1.365227515030302367e-03 2.452578011930833021e-03 5.092244507147744917e-03 7.082231466093304173e-03
5.950000000000000000e+03 1.859089361075048951e-03 4.699855971332701950e-03 1.057129305670352452e-02 5.054439721920125916e-02 5.711326508377623251e-06 7.611797152854035784e-09 7.156788891969610378e-09 1.225573774695567228e-03 2.340932247557196959e-03 2.600524912747198460e-03 4.909291387821936546e-03 5.983860704856189608e-03 1.859089361075048951e-03 4.699855971332701950e-03 1.057129305670352452e-02 5.054439721920125916e-02 5.711326508377623251e-06 7.611797152854035784e-09 7.156788891969610378e-09 1.225573774695567228e-03 2.340932247557196959e-03 2.600524912747198460e-03 4.909291387821936546e-03 5.983860704856189608e-03
6.300000000000000000e+03 1.717703039099231993e-03 5.023110317545815065e-03 1.015490744488826806e-02 4.889219149358961514e-02 1.653961424413104916e-08 5.042345302040459418e-12 5.288352245705349257e-06 1.407731678995415188e-03 1.373449508794790047e-03 2.458733647073888667e-03 5.126678324218654492e-03 6.912128178147825507e-03 1.717703039099231993e-03 5.023110317545815065e-03 1.015490744488826806e-02 4.889219149358961514e-02 1.653961424413104916e-08 5.042345302040459418e-12 5.288352245705349257e-06 1.407731678995415188e-03 1.373449508794790047e-03 2.458733647073888667e-03 5.126678324218654492e-03 6.912128178147825507e-03
6.650000000000000000e+03 1.722099678577710888e-03 5.017393824299638296e-03 1.040333043550395985e-02 4.844372692328932639e-02 9.385201553938062857e-09 5.585662998900253086e-09 4.630474251047072850e-06 1.438758224648956823e-03 1.367533570678429846e-03 2.452685890473590286e-03 5.104609872156034428e-03 7.099076443312740854e-03 1.722099678577710888e-03 5.017393824299638296e-03 1.040333043550395985e-02 4.844372692328932639e-02 9.385201553938062857e-09 5.585662998900253086e-09 4.630474251047072850e-06 1.438758224648956823e-03 1.367533570678429846e-03 2.452685890473590286e-03 5.104609872156034428e-03 7.099076443312740854e-03
7.000000000000000000e+03 1.908739270005510146e-03 4.833582530846296937e-03 9.917812285571970393e-03 5.069856429873503822e-02 4.535536562897324650e-05 2.012747850931381709e-06 8.766301090605302203e-06 1.211498282531375337e-03 2.817371200802683013e-03 2.573252946298220170e-03 5.065273468572488447e-03 6.031808446338264573e-03 1.908739270005510146e-03 4.833582530846296937e-03 9.917812285571970393e-03 5.069856429873503822e-02 4.535536562897324650e-05 2.012747850931381709e-06 8.766301090605302203e-06 1.211498282531375337e-03 2.817371200802683013e-03 2.573252946298220170e-03 5.065273468572488447e-03 6.031808446338264573e-03
7.350000000000000000e+03 1.719483821755598630e-03 5.028380775036798457e-03 1.034308131411837070e-02 4.858281492754937952e-02 1.348304092757829039e-06 1.699524867569953052e-08 1.325240942500668790e-06 1.407441430561546429e-03 1.370933732481464766e-03 2.455638449553329463e-03 5.104905463420490210e-03 7.019103148606008202e-03 1.719483821755598630e-03 5.028380775036798457e-03 1.034308131411837070e-02 4.858281492754937952e-02 1.348304092757829039e-06 1.699524867569953052e-08 1.325240942500668790e-06 1.407441430561546429e-03 1.370933732481464766e-03 2.455638449553329463e-03 5.104905463420490210e-03 7.019103148606008202e-03
7.700000000000000000e+03 1.718637366753707338e-03 4.926891268335105087e-03 1.055557693089974672e-02 4.898062896136789329e-02 1.736367700796218327e-07 4.535786626403556172e-07 2.229399831458026410e-06 1.296076818027496608e-03 1.380955123355656752e-03 2.434473063105492985e-03 4.969333404542058095e-03 6.827824575690417779e-03 1.718637366753707338e-03 4.926891268335105087e-03 1.055557693089974672e-02 4.898062896136789329e-02 1.736367700796218327e-07 4.535786626403556172e-07 2.229399831458026410e-06 1.296076818027496608e-03 1.380955123355656752e-03 2.434473063105492985e-03 4.969333404542058095e-03 6.827824575690417779e-03
8.050000000000000000e+03 1.660633443872775242e-03 5.167926308158304199e-03 1.101892357036175774e-02 4.909289618578916575e-02 1.474291471676346164e-05 1.312875785841438398e-07 9.909440030633961057e-06 9.697563581555390839e-04 2.999755546272384315e-03 2.361602993998930446e-03 4.822910339656759013e-03 6.937539469256946180e-03 1.660633443872775242e-03 5.167926308158304199e-03 1.101892357036175774e-02 4.909289618578916575e-02 1.474291471676346164e-05 1.312875785841438398e-07 9.909440030633961057e-06 9.697563581555390839e-04 2.999755546272384315e-03 2.361602993998930446e-03 4.822910339656759013e-03 6.937539469256946180e-03
8.400000000000000000e+03 1.731951241711927837e-03 4.973972270310350607e-03 1.037449969048477930e-02 4.874074229951746995e-02 3.295344277913330318e-08 1.968887983849786985e-09 2.233863650041255559e-06 1.390593920940117866e-03 1.361828178591271152e-03 2.440973622462260049e-03 5.036397169037852041e-03 6.965268743500884277e-03 1.731951241711927837e-03 4.973972270310350607e-03 1.037449969048477930e-02 4.874074229951746995e-02 3.295344277913330318e-08 1.968887983849786985e-09 2.233863650041255559e-06 1.390593920940117866e-03 1.361828178591271152e-03 2.440973622462260049e-03 5.036397169037852041e-03 6.965268743500884277e-03
8.750000000000000000e+03 1.725203688040072422e-03 5.017686508544675489e-03 1.018478059547559336e-02 4.878152611886834439e-02 1.961433576970339143e-06 7.552532928744577436e-09 4.293504961219156383e-06 1.402990231751290911e-03 1.364937544855385296e-03 2.434142955209906214e-03 5.130598991826934921e-03 6.960561425278678251e-03 1.725203688040072422e-03 5.017686508544675489e-03 1.018478059547559336e-02 4.878152611886834439e-02 1.961433576970339143e-06 7.552532928744577436e-09 4.293504961219156383e-06 1.402990231751290911e-03 1.364937544855385296e-03 2.434142955209906214e-03 5.130598991826934921e-03 6.960561425278678251e-03
9.100000000000000000e+03 1.735908863210062223e-03 5.000059227537886376e-03 1.034140080087319995e-02 4.849428705765126274e-02 1.276351355690652675e-06 4.070659431228703929e-07 2.255208256121701915e-07 1.468405245059341193e-03 1.365115881713407009e-03 2.453119305502947725e-03 5.053091381971799682e-03 7.089345791124557726e-03 1.735908863210062223e-03 5.000059227537886376e-03 1.034140080087319995e-02 4.849428705765126274e-02 1.276351355690652675e-06 4.070659431228703929e-07 2.255208256121701915e-07 1.468405245059341193e-03 1.365115881713407009e-03 2.453119305502947725e-03 5.053091381971799682e-03 7.089345791124557726e-03
9.450000000000000000e+03 1.742437482596351228e-03 4.801977761879594811e-03 1.085121757492386180e-02 4.883112262389588398e-02 1.133462384414329851e-07 6.252259665819397180e-07 4.638194153698225015e-07 1.269224321524953149e-03 1.383719291117246897e-03 2.454992181799294394e-03 4.914952178393284729e-03 6.878011213042924295e-03 1.742437482596351228e-03 4.801977761879594811e-03 1.085121757492386180e-02 4.883112262389588398e-02 1.133462384414329851e-07 6.252259665819397180e-07 4.638194153698225015e-07 1.269224321524953149e-03 1.383719291117246897e-03 2.454992181799294394e-03 4.914952178393284729e-03 6.878011213042924295e-03
9.800000000000000000e+03 1.832900672394784753e-03 4.675400105108840597e-03 1.053320348954866689e-02 4.712406207095400090e-02 4.002270876676515486e-06 5.186823039912475850e-06 2.074014418150858138e-05 1.707021080972026799e-03 1.360950175382780441e-03 2.876557174953680088e-03 5.195937575209261597e-03 8.141458576457399898e-03 1.832900672394784753e-03 4.675400105108840597e-03 1.053320348954866689e-02 4.712406207095400090e-02 4.002270876676515486e-06 5.186823039912475850e-06 2.074014418150858138e-05 1.707021080972026799e-03 1.360950175382780441e-03 2.876557174953680088e-03 5.195937575209261597e-03 8.141458576457399898e-03
1.015000000000000000e+04 1.723151821373090876e-03 5.098420887676625123e-03 9.859711796630041616e-03 4.911742130119806093e-02 2.963346780350103640e-06 4.148475577241390722e-07 8.062918994999889991e-07 1.378657681619744517e-03 1.397539900658850828e-03 2.432784445246974174e-03 5.225069649690890217e-03 6.827700655180145295e-03 1.723151821373090876e-03 5.098420887676625123e-03 9.859711796630041616e-03 4.911742130119806093e-02 2.963346780350103640e-06 4.148475577241390722e-07 8.062918994999889991e-07 1.378657681619744517e-03 1.397539900658850828e-03 2.432784445246974174e-03 5.225069649690890217e-03 6.827700655180145295e-03
1.050000000000000000e+04 1.743112478458986843e-03 5.001646065101165127e-03 1.025049242250024827e-02 4.865980951997683768e-02 2.341138775850565738e-08 7.145337659642614059e-11 4.384710403212492898e-06 1.434412222870353176e-03 1.358494520509279579e-03 2.420762011852046168e-03 5.085855511326557721e-03 7.027698961843279260e-03 1.743112478458986843e-03 5.001646065101165127e-03 1.025049242250024827e-02 4.865980951997683768e-02 2.341138775850565738e-08 7.145337659642614059e-11 4.384710403212492898e-06 1.434412222870353176e-03 1.358494520509279579e-03 2.420762011852046168e-03 5.085855511326557721e-03 7.027698961843279260e-03
1.085000000000000000e+04 1.775314177182629304e-03 4.853537992566944216e-03 1.021728529301930283e-02 4.856568231412838887e-02 1.847112672422819901e-08 5.303931676581344567e-10 1.588025127624265894e-05 1.612611901842367834e-03 1.433948102794288483e-03 2.529838024147468278e-03 5.119712020790836288e-03 6.991250988797548249e-03 1.775314177182629304e-03 4.853537992566944216e-03 1.021728529301930283e-02 4.856568231412838887e-02 1.847112672422819901e-08 5.303931676581344567e-10 1.588025127624265894e-05 1.612611901842367834e-03 1.433948102794288483e-03 2.529838024147468278e-03 5.119712020790836288e-03 6.991250988797548249e-03
1.120000000000000000e+04 1.762466566227875427e-03 5.061312952919037184e-03 1.021082225366609295e-02 4.875560562893078986e-02 1.532944020607685562e-06 2.557848489734685651e-10 3.160217847961378884e-06 1.420419360745829281e-03 1.400310085644881691e-03 2.435408568158428742e-03 5.075753884549970285e-03 6.970913163005991973e-03 1.762466566227875427e-03 5.061312952919037184e-03 1.021082225366609295e-02 4.875560562893078986e-02 1.532944020607685562e-06 2.557848489734685651e-10 3.160217847961378884e-06 1.420419360745829281e-03 1.400310085644881691e-03 2.435408568158428742e-03 5.075753884549970285e-03 6.970913163005991973e-03
1.155000000000000000e+04 1.727416912375358488e-03 5.046874372019513090e-03 1.018173709825899442e-02 4.825318218492029299e-02 5.557209890545660115e-07 5.195230879893174431e-09 6.220716428836465668e-06 1.477155788089382343e-03 1.377198842722995604e-03 2.416858905263187356e-03 5.181895144969693098e-03 7.339673810086820224e-03 1.727416912375358488e-03 5.046874372019513090e-03 1.018173709825899442e-02 4.825318218492029299e-02 5.557209890545660115e-07 5.195230879893174431e-09 6.220716428836465668e-06 1.477155788089382343e-03 1.377198842722995604e-03 2.416858905263187356e-03 5.181895144969693098e-03 7.339673810086820224e-03
1.190000000000000000e+04 1.736763984614278456e-03 5.111102892853841388e-03 1.013178025732320263e-02 4.903870625262139737e-02 7.263326167446138324e-07 2.336012664721935651e-07 3.277301807278571178e-06 1.445848332633180994e-03 1.348212784114803144e-03 2.414793201554673707e-03 5.072377948140961886e-03 6.762670286486071117e-03 1.736763984614278456e-03 5.111102892853841388e-03 1.013178025732320263e-02 4.903870625262139737e-02 7.263326167446138324e-07 2.336012664721935651e-07 3.277301807278571178e-06 1.445848332633180994e-03 1.348212784114803144e-03 2.414793201554673707e-03 5.072377948140961886e-03 6.762670286486071117e-03
1.225000000000000000e+04 1.735319272243667204e-03 5.066605723008168159e-03 1.022173710052581147e-02 4.856168861119845859e-02 8.443966256856513315e-06 2.901587992329424612e-06 1.023521775460160143e-05 1.416473850110368726e-03 1.382292096833645512e-03 2.473824290043221113e-03 5.163309617878912572e-03 6.968397834817893072e-03 1.735319272243667204e-03 5.066605723008168159e-03 1.022173710052581147e-02 4.856168861119845859e-02 8.443966256856513315e-06 2.901587992329424612e-06 1.023521775460160143e-05 1.416473850110368726e-03 1.382292096833645512e-03 2.473824290043221113e-03 5.163309617878912572e-03 6.968397834817893072e-03
1.260000000000000000e+04 1.742724634796531929e-03 5.071899787105110628e-03 1.027101968577289783e-02 4.850222043619333706e-02 1.776413829395472671e-07 8.531797605277150491e-08 3.859304504139755223e-06 1.447640020113140358e-03 1.357411661595077975e-03 2.409477276521783916e-03 5.084524543348930940e-03 7.144729458097567529e-03 1.742724634796531929e-03 5.071899787105110628e-03 1.027101968577289783e-02 4.850222043619333706e-02 1.776413829395472671e-07 8.531797605277150491e-08 3.859304504139755223e-06 1.447640020113140358e-03 1.357411661595077975e-03 2.409477276521783916e-03 5.084524543348930940e-03 7.144729458097567529e-03
1.295000000000000000e+04 1.742490707803940426e-03 4.913412065657531309e-03 1.035518452436417873e-02 4.850528931276227446e-02 1.577486825052118516e-07 5.762970612895848267e-08 4.726581019574059275e-06 1.425993078708300259e-03 1.395108149788962205e-03 2.458548809100628580e-03 5.072846767743098041e-03 7.134459575601518819e-03 1.742490707803940426e-03 4.913412065657531309e-03 1.035518452436417873e-02 4.850528931276227446e-02 1.577486825052118516e-07 5.762970612895848267e-08 4.726581019574059275e-06 1.425993078708300259e-03 1.395108149788962205e-03 2.458548809100628580e-03 5.072846767743098041e-03 7.134459575601518819e-03
1.330000000000000000e+04 1.721195223437014350e-03 4.976377270099173640e-03 1.094739729907076922e-02 4.819794112895813692e-02 9.332114945794431654e-07 3.695187927615662233e-06 1.790525097096859841e-05 1.744955214967546658e-03 1.689694132735162536e-03 2.361709514650513642e-03 4.895304768182518092e-03 6.994208364593239302e-03 1.721195223437014350e-03 4.976377270099173640e-03 1.094739729907076922e-02 4.819794112895813692e-02 9.332114945794431654e-07 3.695187927615662233e-06 1.790525097096859841e-05 1.744955214967546658e-03 1.689694132735162536e-03 2.361709514650513642e-03 4.895304768182518092e-03 6.994208364593239302e-03
1.365000000000000000e+04 1.804867515692259441e-03 4.955327973525590693e-03 1.001581724484698795e-02 4.851527569798479850e-02 4.426441288356315782e-06 2.152543240613489742e-06 5.511528553882660218e-05 1.618676809765813096e-03 1.385328560620504570e-03 2.478414976791585081e-03 5.294919001944553387e-03 7.078229520490011452e-03 1.804867515692259441e-03 4.955327973525590693e-03 1.001581724484698795e-02 4.851527569798479850e-02 4.426441288356315782e-06 2.152543240613489742e-06 5.511528553882660218e-05 1.618676809765813096e-03 1.385328560620504570e-03 2.478414976791585081e-03 5.294919001944553387e-03 7.078229520490011452e-03
1.400000000000000000e+04 1.755018983021314422e-03 5.003385321838567032e-03 1.027616563825176944e-02 4.835177638407302247e-02 6.705548273630606278e-08 3.422989189812492688e-08 3.877157041677759591e-06 1.483643041718630488e-03 1.353711077040593803e-03 2.426049124964393001e-03 5.104066302142404830e-03 7.238135482660630789e-03 1.755018983021314422e-03 5.003385321838567032e-03 1.027616563825176944e-02 4.835177638407302247e-02 6.705548273630606278e-08 3.422989189812492688e-08 3.877157041677759591e-06 1.483643041718630488e-03 1.353711077040593803e-03 2.426049124964393001e-03 5.104066302142404830e-03 7.238135482660630789e-03
1.435000000000000000e+04 1.754288664303112200e-03 4.965913899885303177e-03 1.009179477564224256e-02 4.886312495097899777e-02 5.920590990187734626e-08 1.704720043720409653e-07 4.456023976409147332e-06 1.341438751185952119e-03 1.400216426052598283e-03 2.461160080424023774e-03 5.173690848233907479e-03 6.976679670846670268e-03 1.754288664303112200e-03 4.965913899885303177e-03 1.009179477564224256e-02 4.886312495097899777e-02 5.920590990187734626e-08 1.704720043720409653e-07 4.456023976409147332e-06 1.341438751185952119e-03 1.400216426052598283e-03 2.461160080424023774e-03 5.173690848233907479e-03 6.976679670846670268e-03
1.470000000000000000e+04 1.802335432042471638e-03 4.856609324203156955e-03 1.142177436874428423e-02 4.605225626289263102e-02 5.902505640871219918e-06 1.275176340629384342e-05 9.434890955398223631e-06 1.889759342144259942e-03 1.408041687328553948e-03 2.423418530374079824e-03 4.920263980783395712e-03 8.973153125657280793e-03 1.802335432042471638e-03 4.856609324203156955e-03 1.142177436874428423e-02 4.605225626289263102e-02 5.902505640871219918e-06 1.275176340629384342e-05 9.434890955398223631e-06 1.889759342144259942e-03 1.408041687328553948e-03 2.423418530374079824e-03 4.920263980783395712e-03 8.973153125657280793e-03
1.505000000000000000e+04 1.745312996931976373e-03 4.976975663680481034e-03 1.027614681704353862e-02 4.860761285237396451e-02 1.269163749459172554e-11 9.689649188550195830e-09 4.323681398739192382e-06 1.431370367004192829e-03 1.358249527529059673e-03 2.429787023823357008e-03 5.082673923133790121e-03 7.069888146479870634e-03 1.745312996931976373e-03 4.976975663680481034e-03 1.027614681704353862e-02 4.860761285237396451e-02 1.269163749459172554e-11 9.689649188550195830e-09 4.323681398739192382e-06 1.431370367004192829e-03 1.358249527529059673e-03 2.429787023823357008e-03 5.082673923133790121e-03 7.069888146479870634e-03
1.540000000000000000e+04 1.751854453229783736e-03 4.782933468799073842e-03 1.013380864831754484e-02 4.901941933952139868e-02 1.933730839679766563e-07 1.216878892862042191e-06 5.214848175420745383e-06 1.396043092099469567e-03 1.431150547676838082e-03 2.655126245744547815e-03 5.133779337463876061e-03 6.836492675619625786e-03 1.751854453229783736e-03 4.782933468799073842e-03 1.013380864831754484e-02 4.901941933952139868e-02 1.933730839679766563e-07 1.216878892862042191e-06 5.214848175420745383e-06 1.396043092099469567e-03 1.431150547676838082e-03 2.655126245744547815e-03 5.133779337463876061e-03 6.836492675619625786e-03
1.575000000000000000e+04 1.748577901510244351e-03 4.895747837916703676e-03 1.050609949120171957e-02 4.858913827051531548e-02 8.390672554150874937e-07 3.262593827975427637e-07 1.570766652168439497e-06 1.410105124274570708e-03 1.405597147264344999e-03 2.454894007918969733e-03 5.014960555163940591e-03 7.014930116679341486e-03 1.748577901510244351e-03 4.895747837916703676e-03 1.050609949120171957e-02 4.858913827051531548e-02 8.390672554150874937e-07 3.262593827975427637e-07 1.570766652168439497e-06 1.410105124274570708e-03 1.405597147264344999e-03 2.454894007918969733e-03 5.014960555163940591e-03 7.014930116679341486e-03
1.610000000000000000e+04 1.748162468626779462e-03 4.964847519804952217e-03 1.027217513496378291e-02 4.861717104554266061e-02 3.414367748062547635e-11 9.006557545777788512e-09 4.291583333381228479e-06 1.430860255501413374e-03 1.358203665545134296e-03 2.425777785076300465e-03 5.084319595797969459e-03 7.071350826675156832e-03 1.748162468626779462e-03 4.964847519804952217e-03 1.027217513496378291e-02 4.861717104554266061e-02 3.414367748062547635e-11 9.006557545777788512e-09 4.291583333381228479e-06 1.430860255501413374e-03 1.358203665545134296e-03 2.425777785076300465e-03 5.084319595797969459e-03 7.071350826675156832e-03
1.645000000000000000e+04 1.749053089004463067e-03 4.967881419209693381e-03 1.026700895338909618e-02 4.861637510474679791e-02 4.132074953625908947e-11 9.498129383094765863e-09 4.343285409910889384e-06 1.431671432999495879e-03 1.357589734469179460e-03 2.425993186785084781e-03 5.086264318997704183e-03 7.070331742934913254e-03 1.749053089004463067e-03 4.967881419209693381e-03 1.026700895338909618e-02 4.861637510474679791e-02 4.132074953625908947e-11 9.498129383094765863e-09 4.343285409910889384e-06 1.431671432999495879e-03 1.357589734469179460e-03 2.425993186785084781e-03 5.086264318997704183e-03 7.070331742934913254e-03
1.680000000000000000e+04 1.762938246443312507e-03 5.028526910737902804e-03 1.015819290067204381e-02 4.858081344058681750e-02 2.523758749498608965e-07 1.634128628193043720e-09 5.928027587104689937e-06 1.518414901285495503e-03 1.346693286857655403e-03 2.417458235200782828e-03 5.125613328448341659e-03 7.056934704682963841e-03 1.762938246443312507e-03 5.028526910737902804e-03 1.015819290067204381e-02 4.858081344058681750e-02 2.523758749498608965e-07 1.634128628193043720e-09 5.928027587104689937e-06 1.518414901285495503e-03 1.346693286857655403e-03 2.417458235200782828e-03 5.125613328448341659e-03 7.056934704682963841e-03
1.715000000000000000e+04 1.735938671275087403e-03 4.972510820980886870e-03 1.042173722256104287e-02 4.856574289193556215e-02 7.155242348755565672e-07 6.741588806729260231e-07 2.904485149001445795e-07 1.485010978615507139e-03 1.368745712248653490e-03 2.428904096761560095e-03 5.008194799572729741e-03 7.011456346899996687e-03 1.735938671275087403e-03 4.972510820980886870e-03 1.042173722256104287e-02 4.856574289193556215e-02 7.155242348755565672e-07 6.741588806729260231e-07 2.904485149001445795e-07 1.485010978615507139e-03 1.368745712248653490e-03 2.428904096761560095e-03 5.008194799572729741e-03 7.011456346899996687e-03
1.750000000000000000e+04 1.753505935151329458e-03 4.977838053797112652e-03 1.025817698659295223e-02 4.861012416228636251e-02 5.431325526238728527e-09 1.730713878619789125e-08 5.123852829731583274e-06 1.444673074565410754e-03 1.356100646344757070e-03 2.428315847264901801e-03 5.093670386671652825e-03 7.047736236682691432e-03 1.753505935151329458e-03 4.977838053797112652e-03 1.025817698659295223e-02 4.861012416228636251e-02 5.431325526238728527e-09 1.730713878619789125e-08 5.123852829731583274e-06 1.444673074565410754e-03 1.356100646344757070e-03 2.428315847264901801e-03 5.093670386671652825e-03 7.047736236682691432e-03
1.785000000000000000e+04 1.736861230809891299e-03 4.858728588530390746e-03 9.907302128511022779e-03 4.930123344469312940e-02 9.424987105744938047e-07 1.264813222486647688e-07 1.661370123207123132e-05 1.428693453037169171e-03 1.500915080132351294e-03 2.591437569852314028e-03 5.243721696987664431e-03 6.653024629952486446e-03 1.736861230809891299e-03 4.858728588530390746e-03 9.907302128511022779e-03 4.930123344469312940e-02 9.424987105744938047e-07 1.264813222486647688e-07 1.661370123207123132e-05 1.428693453037169171e-03 1.500915080132351294e-03 2.591437569852314028e-03 5.243721696987664431e-03 6.653024629952486446e-03
1.820000000000000000e+04 1.729479001123185658e-03 5.047712383725532458e-03 1.014144430487590696e-02 4.913740910073224888e-02 3.168781807571327131e-07 1.714215016840895379e-07 1.697070582927531182e-06 1.294249779398587256e-03 1.375823277303349964e-03 2.403307194819171138e-03 5.092390891442664068e-03 6.801747637454740383e-03 1.729479001123185658e-03 5.047712383725532458e-03 1.014144430487590696e-02 4.913740910073224888e-02 3.168781807571327131e-07 1.714215016840895379e-07 1.697070582927531182e-06 1.294249779398587256e-03 1.375823277303349964e-03 2.403307194819171138e-03 5.092390891442664068e-03 6.801747637454740383e-03
1.855000000000000000e+04 1.810757576914841065e-03 4.946357113132173085e-03 1.058430462134243681e-02 4.784550241013743599e-02 2.002259067043621496e-06 4.696528603193084174e-07 5.767810092922500029e-06 1.461656909908392752e-03 1.396048420036932964e-03 2.443576481543994604e-03 5.048584545425498227e-03 7.605794929686071106e-03 1.810757576914841065e-03 4.946357113132173085e-03 1.058430462134243681e-02 4.784550241013743599e-02 2.002259067043621496e-06 4.696528603193084174e-07 5.767810092922500029e-06 1.461656909908392752e-03 1.396048420036932964e-03 2.443576481543994604e-03 5.048584545425498227e-03 7.605794929686071106e-03
1.890000000000000000e+04 1.740084532655460786e-03 5.019008806334168855e-03 1.019655346468197402e-02 4.860329574942676839e-02 2.612104564370081277e-07 4.708353674239719143e-08 1.375947157713738648e-06 1.340842267062605613e-03 1.367028926099976387e-03 2.424931800574080948e-03 5.133760086771394122e-03 7.156168011824127692e-03 1.740084532655460786e-03 5.019008806334168855e-03 1.019655346468197402e-02 4.860329574942676839e-02 2.612104564370081277e-07 4.708353674239719143e-08 1.375947157713738648e-06 1.340842267062605613e-03 1.367028926099976387e-03 2.424931800574080948e-03 5.133760086771394122e-03 7.156168011824127692e-03
1.925000000000000000e+04 1.751479334053993248e-03 4.893350425222932690e-03 1.032763167333283424e-02 4.865030313410940999e-02 7.290980163111909879e-12 1.689321282694703846e-07 6.643788128483671008e-06 1.430607210850905718e-03 1.374331554548147757e-03 2.462494070019580379e-03 5.070267299357789255e-03 7.018683303712797486e-03 1.751479334053993248e-03 4.893350425222932690e-03 1.032763167333283424e-02 4.865030313410940999e-02 7.290980163111909879e-12 1.689321282694703846e-07 6.643788128483671008e-06 1.430607210850905718e-03 1.374331554548147757e-03 2.462494070019580379e-03 5.070267299357789255e-03 7.018683303712797486e-03
1.960000000000000000e+04 1.750555325163770035e-03 4.917109130036078496e-03 1.039780458813546575e-02 4.815356060421258078e-02 6.497991484937893329e-09 2.300215088755184621e-07 4.886660304417977032e-06 1.482341639950539476e-03 1.379233683137760444e-03 2.460104245713883985e-03 5.089533716821568500e-03 7.366387890167560605e-03 1.750555325163770035e-03 4.917109130036078496e-03 1.039780458813546575e-02 4.815356060421258078e-02 6.497991484937893329e-09 2.300215088755184621e-07 4.886660304417977032e-06 1.482341639950539476e-03 1.379233683137760444e-03 2.460104245713883985e-03 5.089533716821568500e-03 7.366387890167560605e-03
1.995000000000000000e+04 1.807498529317120347e-03 5.236981369072607473e-03 9.590042257551415969e-03 4.898598119343113011e-02 3.700106483170596099e-06 1.393886517866481632e-07 2.728488223901171268e-05 1.648773137852208243e-03 1.430499643865912416e-03 2.442744379527541938e-03 5.423356809895881966e-03 6.802317103864882405e-03 1.807498529317120347e-03 5.236981369072607473e-03 9.590042257551415969e-03 4.898598119343113011e-02 3.700106483170596099e-06 1.393886517866481632e-07 2.728488223901171268e-05 1.648773137852208243e-03 1.430499643865912416e-03 2.442744379527541938e-03 5.423356809895881966e-03 6.802317103864882405e-03
2.030000000000000000e+04 1.757512406487498312e-03 5.004722850988616890e-03 1.020599346219576778e-02 4.866227348959156068e-02 1.245363522905273682e-08 2.296232159804085980e-08 5.134494223234079712e-06 1.463701111055475124e-03 1.350118886946761673e-03 2.417527961889812203e-03 5.100470106453485093e-03 7.011187306020578991e-03 1.757512406487498312e-03 5.004722850988616890e-03 1.020599346219576778e-02 4.866227348959156068e-02 1.245363522905273682e-08 2.296232159804085980e-08 5.134494223234079712e-06 1.463701111055475124e-03 1.350118886946761673e-03 2.417527961889812203e-03 5.100470106453485093e-03 7.011187306020578991e-03
2.065000000000000000e+04 1.765798844197357048e-03 4.925741314820601853e-03 1.081550848606904411e-02 4.804229288167169432e-02 2.892818157962928545e-08 2.601587824409920839e-07 1.065683086040370881e-09 1.386847862354895905e-03 1.336446966090814583e-03 2.430485387690721130e-03 4.934820688364796940e-03 7.429814260584048993e-03 1.765798844197357048e-03 4.925741314820601853e-03 1.081550848606904411e-02 4.804229288167169432e-02 2.892818157962928545e-08 2.601587824409920839e-07 1.065683086040370881e-09 1.386847862354895905e-03 1.336446966090814583e-03 2.430485387690721130e-03 4.934820688364796940e-03 7.429814260584048993e-03
2.100000000000000000e+04 1.755258470334813622e-03 4.981936241090828901e-03 1.027900185373752800e-02 4.857544383882362454e-02 8.909798335136688556e-12 1.030103036264048738e-08 4.343299232249554708e-06 1.430245825820983556e-03 1.361772406219661233e-03 2.431027868924829759e-03 5.083476423965314211e-03 7.071020116269233734e-03 1.755258470334813622e-03 4.981936241090828901e-03 1.027900185373752800e-02 4.857544383882362454e-02 8.909798335136688556e-12 1.030103036264048738e-08 4.343299232249554708e-06 1.430245825820983556e-03 1.361772406219661233e-03 2.431027868924829759e-03 5.083476423965314211e-03 7.071020116269233734e-03
2.135000000000000000e+04 1.751056463807378972e-03 4.962859798091188643e-03 1.027172064149853639e-02 4.860880011670545148e-02 1.852297943805561170e-12 8.573405438649662003e-09 4.276023199395842419e-06 1.429812237582701916e-03 1.358139450196137708e-03 2.424929374192318771e-03 5.085195556451573874e-03 7.073623666470550859e-03 1.751056463807378972e-03 4.962859798091188643e-03 1.027172064149853639e-02 4.860880011670545148e-02 1.852297943805561170e-12 8.573405438649662003e-09 4.276023199395842419e-06 1.429812237582701916e-03 1.358139450196137708e-03 2.424929374192318771e-03 5.085195556451573874e-03 7.073623666470550859e-03
2.170000000000000000e+04 1.752184475221214323e-03 4.964082140404431007e-03 1.027079656613742384e-02 4.860644852594454141e-02 1.088317850494620081e-11 8.623804451006010144e-09 4.275497615523629316e-06 1.429523176280742209e-03 1.357553365154558992e-03 2.424364716822011937e-03 5.085789993243068803e-03 7.073950054675346572e-03 1.752184475221214323e-03 4.964082140404431007e-03 1.027079656613742384e-02 4.860644852594454141e-02 1.088317850494620081e-11 8.623804451006010144e-09 4.275497615523629316e-06 1.429523176280742209e-03 1.357553365154558992e-03 2.424364716822011937e-03 5.085789993243068803e-03 7.073950054675346572e-03
2.205000000000000000e+04 1.753166758590853991e-03 4.966581157243389610e-03 1.027024553641037348e-02 4.860034047481485986e-02 3.921498175521798445e-10 1.209047132564632370e-08 4.378024583405345260e-06 1.431988365332766567e-03 1.356354067365531059e-03 2.423979861284559448e-03 5.086198628119580761e-03 7.074882139358521470e-03 1.753166758590853991e-03 4.966581157243389610e-03 1.027024553641037348e-02 4.860034047481485986e-02 3.921498175521798445e-10 1.209047132564632370e-08 4.378024583405345260e-06 1.431988365332766567e-03 1.356354067365531059e-03 2.423979861284559448e-03 5.086198628119580761e-03 7.074882139358521470e-03
2.240000000000000000e+04 1.747382246986063994e-03 4.951707449689756423e-03 1.028360665595275981e-02 4.863181868105821010e-02 4.620499884628678585e-08 3.400719506023295195e-09 3.429884620645897015e-06 1.405655164906877011e-03 1.368750142987995317e-03 2.430836777181822391e-03 5.081647032528815479e-03 7.065352347681736270e-03 1.747382246986063994e-03 4.951707449689756423e-03 1.028360665595275981e-02 4.863181868105821010e-02 4.620499884628678585e-08 3.400719506023295195e-09 3.429884620645897015e-06 1.405655164906877011e-03 1.368750142987995317e-03 2.430836777181822391e-03 5.081647032528815479e-03 7.065352347681736270e-03
2.275000000000000000e+04 1.758108828007133324e-03 4.981357016162553560e-03 1.024907715280418477e-02 4.860514168758457015e-02 1.501424217215358912e-08 7.482814301548325209e-09 4.529710947069338139e-06 1.436161495709947734e-03 1.351961814266719420e-03 2.421879904568562461e-03 5.094469362303093683e-03 7.065279891135498556e-03 1.758108828007133324e-03 4.981357016162553560e-03 1.024907715280418477e-02 4.860514168758457015e-02 1.501424217215358912e-08 7.482814301548325209e-09 4.529710947069338139e-06 1.436161495709947734e-03 1.351961814266719420e-03 2.421879904568562461e-03 5.094469362303093683e-03 7.065279891135498556e-03
2.310000000000000000e+04 1.716072295839686209e-03 5.131781289899507367e-03 9.717082705374111701e-03 4.952133770614401687e-02 3.709924594554106143e-08 2.124521007117239757e-06 7.963463732431928582e-06 1.528413453370498646e-03 1.431118384280302127e-03 2.354016053495481924e-03 5.245830806332014117e-03 6.481222207337350438e-03 1.716072295839686209e-03 5.131781289899507367e-03 9.717082705374111701e-03 4.952133770614401687e-02 3.709924594554106143e-08 2.124521007117239757e-06 7.963463732431928582e-06 1.528413453370498646e-03 1.431118384280302127e-03 2.354016053495481924e-03 5.245830806332014117e-03 6.481222207337350438e-03
2.345000000000000000e+04 1.766218314096739241e-03 4.989004102670884823e-03 1.021878576924630314e-02 4.832759025643832557e-02 2.022938033870340216e-07 9.327171243116476145e-08 8.799022135036789488e-06 1.567914162433627859e-03 1.350536756705013374e-03 2.424196361120921784e-03 5.134960018863043985e-03 7.190672631949557303e-03 1.766218314096739241e-03 4.989004102670884823e-03 1.021878576924630314e-02 4.832759025643832557e-02 2.022938033870340216e-07 9.327171243116476145e-08 8.799022135036789488e-06 1.567914162433627859e-03 1.350536756705013374e-03 2.424196361120921784e-03 5.134960018863043985e-03 7.190672631949557303e-03
2.380000000000000000e+04 1.740739044681395781e-03 5.089471370784024937e-03 1.010139906634689201e-02 4.848621184565363867e-02 4.041287146497814308e-06 6.482592819025141298e-08 1.677188146175369486e-05 1.476630862596910610e-03 1.355630605770254734e-03 2.406643611215323990e-03 5.208448576163753063e-03 7.150101195302690539e-03 1.740739044681395781e-03 5.089471370784024937e-03 1.010139906634689201e-02 4.848621184565363867e-02 4.041287146497814308e-06 6.482592819025141298e-08 1.677188146175369486e-05 1.476630862596910610e-03 1.355630605770254734e-03 2.406643611215323990e-03 5.208448576163753063e-03 7.150101195302690539e-03
2.415000000000000000e+04 1.755172799201123405e-03 4.994421680554245527e-03 1.026286507014773607e-02 4.844662352397755695e-02 3.855005569572783711e-07 3.055320321914575320e-10 7.465680423396286242e-06 1.457889658516621414e-03 1.350707419391625847e-03 2.413662839965826073e-03 5.116417999325737452e-03 7.159590096246826012e-03 1.755172799201123405e-03 4.994421680554245527e-03 1.026286507014773607e-02 4.844662352397755695e-02 3.855005569572783711e-07 3.055320321914575320e-10 7.465680423396286242e-06 1.457889658516621414e-03 1.350707419391625847e-03 2.413662839965826073e-03 5.116417999325737452e-03 7.159590096246826012e-03
2.450000000000000000e+04 1.775880040131663264e-03 4.950120569630241107e-03 9.849449001746845428e-03 5.071438936317514828e-02 2.111694274182457062e-06 5.682249538628213304e-10 5.656319910556188905e-06 1.181160369334037421e-03 1.391397653847603610e-03 2.435570648743124941e-03 5.086840960353270456e-03 6.089583371372464873e-03 1.775880040131663264e-03 4.950120569630241107e-03 9.849449001746845428e-03 5.071438936317514828e-02 2.111694274182457062e-06 5.682249538628213304e-10 5.656319910556188905e-06 1.181160369334037421e-03 1.391397653847603610e-03 2.435570648743124941e-03 5.086840960353270456e-03 6.089583371372464873e-03
2.485000000000000000e+04 1.783444244084410584e-03 4.967505710640108922e-03 1.032003000455074954e-02 4.879649481052409504e-02 4.923509729287399328e-07 1.210533280574136045e-07 6.060858187771259826e-06 1.431271236696552568e-03 1.345709282130068060e-03 2.429922600782045364e-03 5.040433772409801463e-03 6.895452234559901715e-03 1.783444244084410584e-03 4.967505710640108922e-03 1.032003000455074954e-02 4.879649481052409504e-02 4.923509729287399328e-07 1.210533280574136045e-07 6.060858187771259826e-06 1.431271236696552568e-03 1.345709282130068060e-03 2.429922600782045364e-03 5.040433772409801463e-03 6.895452234559901715e-03
2.520000000000000000e+04 1.752559601216471894e-03 4.963622297204682739e-03 1.024887106107832437e-02 4.858561463832506561e-02 2.125244073752878868e-09 2.086224046643455330e-08 4.334675804110951238e-06 1.435488958717797596e-03 1.360852189604322112e-03 2.429860856706027999e-03 5.094096173498409430e-03 7.069695040723330930e-03 1.752559601216471894e-03 4.963622297204682739e-03 1.024887106107832437e-02 4.858561463832506561e-02 2.125244073752878868e-09 2.086224046643455330e-08 4.334675804110951238e-06 1.435488958717797596e-03 1.360852189604322112e-03 2.429860856706027999e-03 5.094096173498409430e-03 7.069695040723330930e-03
2.555000000000000000e+04 1.761693990739057573e-03 4.925807154657065728e-03 1.038772710738230728e-02 4.845015936993471439e-02 1.985303470719544758e-08 1.232560645082103675e-07 3.952668967169680236e-06 1.450654744464003037e-03 1.352902846953794652e-03 2.438865972664204084e-03 5.043740020525870615e-03 7.131561895695425618e-03 1.761693990739057573e-03 4.925807154657065728e-03 1.038772710738230728e-02 4.845015936993471439e-02 1.985303470719544758e-08 1.232560645082103675e-07 3.952668967169680236e-06 1.450654744464003037e-03 1.352902846953794652e-03 2.438865972664204084e-03 5.043740020525870615e-03 7.131561895695425618e-03
2.590000000000000000e+04 1.727571222978660070e-03 5.062759031747117097e-03 1.012748627264377539e-02 4.808561124694937794e-02 1.813962683770784254e-09 2.220314384984501288e-07 5.294268457980436931e-06 1.553352574592928824e-03 1.402166634661819455e-03 2.399403915867545471e-03 5.208888022218224716e-03 7.404671777536598297e-03 1.727571222978660070e-03 5.062759031747117097e-03 1.012748627264377539e-02 4.808561124694937794e-02 1.813962683770784254e-09 2.220314384984501288e-07 5.294268457980436931e-06 1.553352574592928824e-03 1.402166634661819455e-03 2.399403915867545471e-03 5.208888022218224716e-03 7.404671777536598297e-03
2.625000000000000000e+04 1.708750442597749232e-03 5.051849055846261392e-03 1.033379875833242284e-02 4.848585508780933057e-02 3.551142583775206735e-10 1.173147383355438943e-08 4.408632258614118729e-06 1.426449547940372101e-03 1.389153369035828764e-03 2.453643355620642886e-03 5.098639145277836932e-03 7.071132480931376259e-03 1.708750442597749232e-03 5.051849055846261392e-03 1.033379875833242284e-02 4.848585508780933057e-02 3.551142583775206735e-10 1.173147383355438943e-08 4.408632258614118729e-06 1.426449547940372101e-03 1.389153369035828764e-03 2.453643355620642886e-03 5.098639145277836932e-03 7.071132480931376259e-03
2.660000000000000000e+04 1.584323911657800144e-03 5.813926720332985611e-03 9.892190501069368647e-03 4.888773681929658305e-02 3.074914772322521132e-07 1.150865064259563349e-05 4.608689681308356169e-06 1.411418722992832057e-03 1.417009989249781807e-03 2.793311117652557112e-03 5.205566627315191125e-03 6.949757179179553122e-03 1.584323911657800144e-03 5.813926720332985611e-03 9.892190501069368647e-03 4.888773681929658305e-02 3.074914772322521132e-07 1.150865064259563349e-05 4.608689681308356169e-06 1.411418722992832057e-03 1.417009989249781807e-03 2.793311117652557112e-03 5.205566627315191125e-03 6.949757179179553122e-03
2.695000000000000000e+04 1.726238979673098669e-03 4.977768774621410888e-03 1.027674338355695320e-02 4.857463334326934945e-02 1.296827632326359598e-09 8.341501838404848899e-09 4.245532626299868116e-06 1.423754334146242742e-03 1.369167070842663460e-03 2.430498495651036393e-03 5.094145928431253328e-03 7.075923112919677536e-03 1.726238979673098669e-03 4.977768774621410888e-03 1.027674338355695320e-02 4.857463334326934945e-02 1.296827632326359598e-09 8.341501838404848899e-09 4.245532626299868116e-06 1.423754334146242742e-03 1.369167070842663460e-03 2.430498495651036393e-03 5.094145928431253328e-03 7.075923112919677536e-03
2.730000000000000000e+04 1.734476240344724578e-03 4.998805867204539344e-03 1.029887199366160550e-02 4.851062525666984676e-02 1.424683911173822935e-07 2.395798352754253184e-08 4.546099674637564941e-06 1.443581596122351339e-03 1.367449442662432065e-03 2.421832318945150303e-03 5.094121312265972694e-03 7.068445868038332643e-03 1.734476240344724578e-03 4.998805867204539344e-03 1.029887199366160550e-02 4.851062525666984676e-02 1.424683911173822935e-07 2.395798352754253184e-08 4.546099674637564941e-06 1.443581596122351339e-03 1.367449442662432065e-03 2.421832318945150303e-03 5.094121312265972694e-03 7.068445868038332643e-03
2.765000000000000000e+04 1.607821035112077471e-03 5.014653577426935252e-03 9.611662126453436247e-03 4.923719718893267844e-02 4.573558806017318326e-07 1.280711350149054887e-06 2.383352492594762770e-06 1.409733385763502342e-03 2.366793773668053082e-03 2.504981904141514136e-03 5.382730973342042882e-03 6.784332373802492121e-03 1.607821035112077471e-03 5.014653577426935252e-03 9.611662126453436247e-03 4.923719718893267844e-02 4.573558806017318326e-07 1.280711350149054887e-06 2.383352492594762770e-06 1.409733385763502342e-03 2.366793773668053082e-03 2.504981904141514136e-03 5.382730973342042882e-03 6.784332373802492121e-03
2.800000000000000000e+04 1.740403889440270092e-03 4.978655871509236538e-03 1.026341884065911335e-02 4.856886084435709655e-02 5.304498484434755442e-10 2.484693001750680776e-10 4.167428701805307193e-06 1.426524566091553169e-03 1.365975014739654984e-03 2.421225713542600379e-03 5.091096127199965654e-03 7.066952241094753145e-03 1.740403889440270092e-03 4.978655871509236538e-03 1.026341884065911335e-02 4.856886084435709655e-02 5.304498484434755442e-10 2.484693001750680776e-10 4.167428701805307193e-06 1.426524566091553169e-03 1.365975014739654984e-03 2.421225713542600379e-03 5.091096127199965654e-03 7.066952241094753145e-03
2.835000000000000000e+04 1.759938842161247810e-03 4.856655891245146781e-03 1.053754878830901083e-02 4.937266100179787953e-02 4.585257616920015582e-07 4.502340219196855925e-06 1.921321341258510671e-05 1.441014065708881272e-03 1.344188624461141500e-03 2.428293521854321679e-03 4.950277409581716088e-03 6.404295100472254601e-03 1.759938842161247810e-03 4.856655891245146781e-03 1.053754878830901083e-02 4.937266100179787953e-02 4.585257616920015582e-07 4.502340219196855925e-06 1.921321341258510671e-05 1.441014065708881272e-03 1.344188624461141500e-03 2.428293521854321679e-03 4.950277409581716088e-03 6.404295100472254601e-03
2.870000000000000000e+04 1.756221720047926966e-03 4.971736265263271455e-03 1.029813176392032140e-02 4.854237299126067801e-02 2.213066360243566791e-14 3.880561191086695351e-08 4.593870413019085668e-06 1.422787515334285454e-03 1.352141990489908688e-03 2.419865498903181564e-03 5.078391131386274931e-03 7.075618725392101085e-03 1.756221720047926966e-03 4.971736265263271455e-03 1.029813176392032140e-02 4.854237299126067801e-02 2.213066360243566791e-14 3.880561191086695351e-08 4.593870413019085668e-06 1.422787515334285454e-03 1.352141990489908688e-03 2.419865498903181564e-03 5.078391131386274931e-03 7.075618725392101085e-03
2.905000000000000000e+04 1.776700255084817616e-03 4.974434774937430866e-03 1.054440089474122794e-02 4.820709183763126349e-02 7.803956693003518869e-07 3.328172479097848845e-08 1.751253663524778642e-06 1.397917813000212764e-03 1.340714951696049236e-03 2.409408038240661541e-03 5.012513537724637945e-03 7.302213818485547674e-03 1.776700255084817616e-03 4.974434774937430866e-03 1.054440089474122794e-02 4.820709183763126349e-02 7.803956693003518869e-07 3.328172479097848845e-08 1.751253663524778642e-06 1.397917813000212764e-03 1.340714951696049236e-03 2.409408038240661541e-03 5.012513537724637945e-03 7.302213818485547674e-03
2.940000000000000000e+04 1.713404764836857228e-03 4.961702111591274542e-03 1.012116446719434071e-02 4.874857993770942421e-02 7.178429911235307803e-07 5.433425103970701922e-07 3.989595329765545189e-06 1.460286260199250260e-03 1.430445298120908192e-03 2.443466255617669433e-03 5.133577534126172390e-03 6.923491973673193654e-03 1.713404764836857228e-03 4.961702111591274542e-03 1.012116446719434071e-02 4.874857993770942421e-02 7.178429911235307803e-07 5.433425103970701922e-07 3.989595329765545189e-06 1.460286260199250260e-03 1.430445298120908192e-03 2.443466255617669433e-03 5.133577534126172390e-03 6.923491973673193654e-03
2.975000000000000000e+04 1.873358993648543535e-03 4.943988685323864353e-03 1.033612757393858814e-02 4.878388853214412485e-02 4.823921590277090983e-08 4.395657003833040065e-06 1.573976826429207784e-05 1.321667293268734061e-03 1.327353464343296319e-03 2.472093990010881728e-03 5.104296578555812987e-03 6.931157653400564847e-03 1.873358993648543535e-03 4.943988685323864353e-03 1.033612757393858814e-02 4.878388853214412485e-02 4.823921590277090983e-08 4.395657003833040065e-06 1.573976826429207784e-05 1.321667293268734061e-03 1.327353464343296319e-03 2.472093990010881728e-03 5.104296578555812987e-03 6.931157653400564847e-03
3.010000000000000000e+04 1.764524546474257076e-03 5.051300022621714285e-03 1.012908576231820630e-02 4.868414336328330538e-02 7.716247184044669528e-07 4.769456643324524778e-08 8.260970297046013703e-06 1.478344159316997020e-03 1.340568968184817139e-03 2.396434618400244444e-03 5.138944236113849283e-03 6.938798098173032565e-03 1.764524546474257076e-03 5.051300022621714285e-03 1.012908576231820630e-02 4.868414336328330538e-02 7.716247184044669528e-07 4.769456643324524778e-08 8.260970297046013703e-06 1.478344159316997020e-03 1.340568968184817139e-03 2.396434618400244444e-03 5.138944236113849283e-03 6.938798098173032565e-03
3.045000000000000000e+04 1.749536144228030013e-03 5.109193548968099866e-03 1.020272108883282271e-02 4.873934688471413812e-02 1.617069360176672516e-10 8.000051811663287801e-08 4.207416694667862969e-06 1.432965881069189849e-03 1.359420174687671302e-03 2.375616607943329892e-03 5.080757545326753354e-03 6.920499566797288886e-03 1.749536144228030013e-03 5.109193548968099866e-03 1.020272108883282271e-02 4.873934688471413812e-02 1.617069360176672516e-10 8.000051811663287801e-08 4.207416694667862969e-06 1.432965881069189849e-03 1.359420174687671302e-03 2.375616607943329892e-03 5.080757545326753354e-03 6.920499566797288886e-03
3.080000000000000000e+04 1.761685654335131681e-03 4.996591437811198633e-03 1.027689063734995960e-02 4.847798594391020122e-02 5.800098771810677392e-08 2.753038942141422614e-09 3.497071644454136286e-06 1.424501157842957997e-03 1.349441165657603789e-03 2.411776820200300063e-03 5.089821327157613082e-03 7.098009112459315040e-03 1.761685654335131681e-03 4.996591437811198633e-03 1.027689063734995960e-02 4.847798594391020122e-02 5.800098771810677392e-08 2.753038942141422614e-09 3.497071644454136286e-06 1.424501157842957997e-03 1.349441165657603789e-03 2.411776820200300063e-03 5.089821327157613082e-03 7.098009112459315040e-03
3.115000000000000000e+04 1.756117787217094210e-03 4.962930672128646088e-03 1.031354385776086027e-02 4.852672415946058387e-02 3.613038555270891185e-14 1.220653518894578705e-08 3.909562274023109560e-06 1.404093667022461925e-03 1.354693684932161682e-03 2.418978186245473484e-03 5.070625443923151322e-03 7.061853222749300656e-03 1.756117787217094210e-03 4.962930672128646088e-03 1.031354385776086027e-02 4.852672415946058387e-02 3.613038555270891185e-14 1.220653518894578705e-08 3.909562274023109560e-06 1.404093667022461925e-03 1.354693684932161682e-03 2.418978186245473484e-03 5.070625443923151322e-03 7.061853222749300656e-03
3.150000000000000000e+04 1.755887145178059491e-03 4.926419797977405098e-03 1.024690158402568815e-02 4.856376028030718467e-02 3.395398637339218821e-11 6.066472742275595212e-09 4.807382124259728969e-06 1.421387392663832523e-03 1.366641111884400869e-03 2.448241605177850413e-03 5.099826354696448440e-03 7.026583417622491584e-03 1.755887145178059491e-03 4.926419797977405098e-03 1.024690158402568815e-02 4.856376028030718467e-02 3.395398637339218821e-11 6.066472742275595212e-09 4.807382124259728969e-06 1.421387392663832523e-03 1.366641111884400869e-03 2.448241605177850413e-03 5.099826354696448440e-03 7.026583417622491584e-03
3.185000000000000000e+04 1.719323558451244481e-03 4.964393599182649781e-03 9.878543285160064011e-03 4.963097033331838326e-02 1.368017657490042668e-07 3.167667095520126126e-07 1.861179464331867454e-05 1.495307553367819856e-03 1.405151614275958324e-03 2.408453520402911805e-03 5.148601103303804792e-03 6.307391185572817395e-03 1.719323558451244481e-03 4.964393599182649781e-03 9.878543285160064011e-03 4.963097033331838326e-02 1.368017657490042668e-07 3.167667095520126126e-07 1.861179464331867454e-05 1.495307553367819856e-03 1.405151614275958324e-03 2.408453520402911805e-03 5.148601103303804792e-03 6.307391185572817395e-03
3.220000000000000000e+04 1.728308158711156861e-03 5.155561574728540278e-03 1.033071552191533980e-02 4.832891244500578387e-02 3.828353420101018454e-10 1.721830349119307240e-08 4.265862361533905452e-06 1.412578442279524256e-03 1.467195081700303338e-03 2.468841373839666085e-03 5.103026659012605860e-03 7.090944984986419751e-03 1.728308158711156861e-03 5.155561574728540278e-03 1.033071552191533980e-02 4.832891244500578387e-02 3.828353420101018454e-10 1.721830349119307240e-08 4.265862361533905452e-06 1.412578442279524256e-03 1.467195081700303338e-03 2.468841373839666085e-03 5.103026659012605860e-03 7.090944984986419751e-03
3.255000000000000000e+04 1.676875266421810375e-03 5.004526116018825216e-03 1.029465820660853750e-02 4.851565052719929161e-02 3.647287944795334278e-12 7.309752421999101916e-09 3.958530727123209050e-06 1.409767097719154738e-03 1.432448070267559360e-03 2.448515206583395422e-03 5.108615975610579681e-03 7.089731519817550273e-03 1.676875266421810375e-03 5.004526116018825216e-03 1.029465820660853750e-02 4.851565052719929161e-02 3.647287944795334278e-12 7.309752421999101916e-09 3.958530727123209050e-06 1.409767097719154738e-03 1.432448070267559360e-03 2.448515206583395422e-03 5.108615975610579681e-03 7.089731519817550273e-03
3.290000000000000000e+04 1.707523114511220455e-03 5.029346542119502578e-03 1.017183212165823948e-02 4.868356065645808306e-02 2.231184005014885629e-09 2.214031265261973275e-09 3.646851117635058503e-06 1.428790320892199843e-03 1.392971980381970927e-03 2.435458011304963630e-03 5.162699065675494317e-03 6.897049963446168913e-03 1.707523114511220455e-03 5.029346542119502578e-03 1.017183212165823948e-02 4.868356065645808306e-02 2.231184005014885629e-09 2.214031265261973275e-09 3.646851117635058503e-06 1.428790320892199843e-03 1.392971980381970927e-03 2.435458011304963630e-03 5.162699065675494317e-03 6.897049963446168913e-03
3.325000000000000000e+04 1.729931441730886985e-03 4.964277250532711343e-03 1.027304117443269757e-02 4.848806011487812040e-02 1.441705442337298684e-10 9.103236115323095353e-09 3.990516638246737900e-06 1.406730231597810941e-03 1.361489413544988633e-03 2.434737972291872634e-03 5.099094843166078819e-03 7.078446406630743357e-03 1.729931441730886985e-03 4.964277250532711343e-03 1.027304117443269757e-02 4.848806011487812040e-02 1.441705442337298684e-10 9.103236115323095353e-09 3.990516638246737900e-06 1.406730231597810941e-03 1.361489413544988633e-03 2.434737972291872634e-03 5.099094843166078819e-03 7.078446406630743357e-03
3.360000000000000000e+04 1.742478958322020259e-03 4.967500577390166622e-03 1.026967721628947727e-02 4.846107115848509450e-02 3.278791708064491225e-10 9.778542050520676959e-09 3.980996757990238764e-06 1.404100621403502579e-03 1.356671746148219431e-03 2.428090249730221247e-03 5.098773481662531928e-03 7.074489649033442219e-03 1.742478958322020259e-03 4.967500577390166622e-03 1.026967721628947727e-02 4.846107115848509450e-02 3.278791708064491225e-10 9.778542050520676959e-09 3.980996757990238764e-06 1.404100621403502579e-03 1.356671746148219431e-03 2.428090249730221247e-03 5.098773481662531928e-03 7.074489649033442219e-03
3.395000000000000000e+04 1.767031826800779821e-03 5.399126399079391680e-03 1.074475988502774336e-02 4.753592549701695508e-02 6.236758491179764737e-05 1.331048709632509005e-05 2.333728080791786067e-06 1.240687677555700214e-03 2.887740816518100714e-03 2.610156387398431671e-03 4.978710475986323179e-03 7.867546458454735547e-03 1.767031826800779821e-03 5.399126399079391680e-03 1.074475988502774336e-02 4.753592549701695508e-02 6.236758491179764737e-05 1.331048709632509005e-05 2.333728080791786067e-06 1.240687677555700214e-03 2.887740816518100714e-03 2.610156387398431671e-03 4.978710475986323179e-03 7.867546458454735547e-03
3.430000000000000000e+04 1.786658064070963375e-03 5.018310935700527262e-03 1.027643408044641785e-02 4.817245117185079556e-02 5.446882981527337608e-06 3.799617139257016111e-08 5.924139752714851710e-06 1.396716413186850723e-03 1.340853563658763467e-03 2.420153568076868940e-03 5.155535491036329805e-03 7.169117685815257039e-03 1.786658064070963375e-03 5.018310935700527262e-03 1.027643408044641785e-02 4.817245117185079556e-02 5.446882981527337608e-06 3.799617139257016111e-08 5.924139752714851710e-06 1.396716413186850723e-03 1.340853563658763467e-03 2.420153568076868940e-03 5.155535491036329805e-03 7.169117685815257039e-03
3.465000000000000000e+04 1.753074981926691731e-03 4.970263448166624409e-03 1.026921046106935367e-02 4.831787767476408008e-02 1.049216599175680371e-09 1.128091944965211285e-08 3.777458174211216075e-06 1.383779866611206969e-03 1.357438459949249568e-03 2.423879364975310268e-03 5.105303836484731579e-03 7.069226215716636896e-03 1.753074981926691731e-03 4.970263448166624409e-03 1.026921046106935367e-02 4.831787767476408008e-02 1.049216599175680371e-09 1.128091944965211285e-08 3.777458174211216075e-06 1.383779866611206969e-03 1.357438459949249568e-03 2.423879364975310268e-03 5.105303836484731579e-03 7.069226215716636896e-03
3.500000000000000000e+04 1.720900468970604572e-03 4.940943547298597659e-03 1.057532101760003639e-02 4.799960825592702179e-02 1.644304228471471626e-06 1.522433202395866965e-06 5.690525791006115625e-06 1.131633601948336823e-03 1.468973332102415383e-03 2.402247856358757493e-03 5.033059777958432367e-03 7.099247623360571864e-03 1.720900468970604572e-03 4.940943547298597659e-03 1.057532101760003639e-02 4.799960825592702179e-02 1.644304228471471626e-06 1.522433202395866965e-06 5.690525791006115625e-06 1.131633601948336823e-03 1.468973332102415383e-03 2.402247856358757493e-03 5.033059777958432367e-03 7.099247623360571864e-03
