# step, loss_train, loss_test, metrics_test
0.000000000000000000e+00 8.550335658620471582e-03 4.353122842133328591e-02 1.207087248241927148e-03 1.000000000000000000e+00 0.000000000000000000e+00 0.000000000000000000e+00 4.203614953727427550e-02 2.463177689152791852e-02 1.557132412587663300e-02 8.550335658620471582e-03 4.353122842133328591e-02 1.207087248241927148e-03 1.000000000000000000e+00 0.000000000000000000e+00 0.000000000000000000e+00 4.203614953727427550e-02 2.463177689152791852e-02 1.557132412587663300e-02
7.000000000000000000e+02 2.618020527590911480e-03 1.617822161595660398e-04 2.915370713681128193e-05 4.506046382076749242e-04 5.679237217842396700e-06 4.523650470011330319e-09 8.814689847007223808e-04 9.197287519466312638e-05 2.327518047764647562e-05 2.618020527590911480e-03 1.617822161595660398e-04 2.915370713681128193e-05 4.506046382076749242e-04 5.679237217842396700e-06 4.523650470011330319e-09 8.814689847007223808e-04 9.197287519466312638e-05 2.327518047764647562e-05
1.400000000000000000e+03 3.195957737526092853e-04 4.373574052738537089e-05 2.943294512854395195e-06 5.811714308243444980e-05 1.949324463017444674e-06 2.063770602917525147e-09 9.968426671256192407e-04 4.825053176378167678e-05 2.683903175384283199e-06 3.195957737526092853e-04 4.373574052738537089e-05 2.943294512854395195e-06 5.811714308243444980e-05 1.949324463017444674e-06 2.063770602917525147e-09 9.968426671256192407e-04 4.825053176378167678e-05 2.683903175384283199e-06
2.100000000000000000e+03 1.923560603406784168e-04 2.623644791693290496e-05 1.797764369873863767e-06 3.309515752257902009e-05 2.734696561799768154e-07 2.641353968861781163e-09 6.799363775614796022e-04 2.738796791163750446e-05 1.671833543369175336e-06 1.923560603406784168e-04 2.623644791693290496e-05 1.797764369873863767e-06 3.309515752257902009e-05 2.734696561799768154e-07 2.641353968861781163e-09 6.799363775614796022e-04 2.738796791163750446e-05 1.671833543369175336e-06
2.800000000000000000e+03 1.111937362653592177e-04 1.863121300329829988e-05 1.230556095076289503e-06 2.176930806583467391e-05 2.273488979993733548e-08 4.159401025586700643e-10 5.480034611809019842e-04 1.769169044413481886e-05 2.892062828556715858e-06 1.111937362653592177e-04 1.863121300329829988e-05 1.230556095076289503e-06 2.176930806583467391e-05 2.273488979993733548e-08 4.159401025586700643e-10 5.480034611809019842e-04 1.769169044413481886e-05 2.892062828556715858e-06
3.500000000000000000e+03 6.685416279887796927e-05 2.422644963448715585e-05 1.161287591966431758e-06 1.644938171985743861e-05 3.063100274112627920e-09 1.176098125964894112e-09 4.943757485949988378e-04 1.443493257185031197e-05 2.625446213582789288e-06 6.685416279887796927e-05 2.422644963448715585e-05 1.161287591966431758e-06 1.644938171985743861e-05 3.063100274112627920e-09 1.176098125964894112e-09 4.943757485949988378e-04 1.443493257185031197e-05 2.625446213582789288e-06
4.200000000000000000e+03 5.863340240637562916e-05 3.293330650109912999e-05 1.606945680583163681e-06 1.375333619104744717e-05 2.509693792100550858e-08 3.496222286862705991e-09 4.497240626099911721e-04 1.446274776557742912e-05 1.853984523369851250e-06 5.863340240637562916e-05 3.293330650109912999e-05 1.606945680583163681e-06 1.375333619104744717e-05 2.509693792100550858e-08 3.496222286862705991e-09 4.497240626099911721e-04 1.446274776557742912e-05 1.853984523369851250e-06
4.900000000000000000e+03 6.524076410238304282e-05 4.245870923225881111e-05 1.419168134562898421e-06 1.215853833726207981e-05 1.922882228080294547e-07 1.366855527672058524e-08 4.110585032382573878e-04 1.598578886191406507e-05 1.676092259636703984e-06 6.524076410238304282e-05 4.245870923225881111e-05 1.419168134562898421e-06 1.215853833726207981e-05 1.922882228080294547e-07 1.366855527672058524e-08 4.110585032382573878e-04 1.598578886191406507e-05 1.676092259636703984e-06
5.600000000000000000e+03 4.725060510230825610e-05 4.343700493177128402e-05 9.111557202660751244e-07 1.093425485398632253e-05 1.348549941612984165e-08 1.425386641631642193e-09 3.768212269201820833e-04 1.399708571528343941e-05 1.068493484288368019e-06 4.725060510230825610e-05 4.343700493177128402e-05 9.111557202660751244e-07 1.093425485398632253e-05 1.348549941612984165e-08 1.425386641631642193e-09 3.768212269201820833e-04 1.399708571528343941e-05 1.068493484288368019e-06
6.300000000000000000e+03 4.588391714516339121e-05 4.497021655988169247e-05 4.018712042267678307e-07 9.295298860524195089e-06 8.834257898175944374e-08 1.041614470389530871e-09 3.459465366376088323e-04 1.303800596878765338e-05 6.865067993563181799e-07 4.588391714516339121e-05 4.497021655988169247e-05 4.018712042267678307e-07 9.295298860524195089e-06 8.834257898175944374e-08 1.041614470389530871e-09 3.459465366376088323e-04 1.303800596878765338e-05 6.865067993563181799e-07
7.000000000000000000e+03 3.764587949680410955e-05 4.752676756173772582e-05 1.065892531084989056e-07 8.826050549490449179e-06 2.130610999835469905e-08 2.903487570930800308e-14 3.171525626367948086e-04 1.282104432737797502e-05 2.977043905766755041e-07 3.764587949680410955e-05 4.752676756173772582e-05 1.065892531084989056e-07 8.826050549490449179e-06 2.130610999835469905e-08 2.903487570930800308e-14 3.171525626367948086e-04 1.282104432737797502e-05 2.977043905766755041e-07
7.700000000000000000e+03 3.324872388159199509e-05 4.907442516778010391e-05 9.653515714894703563e-08 7.974984129883032916e-06 5.386751183894364626e-08 1.868058903679995471e-11 2.917299843017813693e-04 1.272006001141157445e-05 1.060663277113118787e-07 3.324872388159199509e-05 4.907442516778010391e-05 9.653515714894703563e-08 7.974984129883032916e-06 5.386751183894364626e-08 1.868058903679995471e-11 2.917299843017813693e-04 1.272006001141157445e-05 1.060663277113118787e-07
8.400000000000000000e+03 2.972652605543040717e-05 5.344211763564707390e-05 4.407211341916603975e-07 7.166940422237022934e-06 1.048142466494770380e-07 7.883474722288474116e-12 2.659539321050066025e-04 1.294949990229419416e-05 6.455978805964422433e-08 2.972652605543040717e-05 5.344211763564707390e-05 4.407211341916603975e-07 7.166940422237022934e-06 1.048142466494770380e-07 7.883474722288474116e-12 2.659539321050066025e-04 1.294949990229419416e-05 6.455978805964422433e-08
9.100000000000000000e+03 2.548609407856827243e-05 5.805500568682594130e-05 1.178057517657574489e-06 6.600992815369497660e-06 8.638050276072994259e-08 9.978908036702708960e-10 2.463395038989896332e-04 1.163838260873031842e-05 1.117386932917605155e-07 2.548609407856827243e-05 5.805500568682594130e-05 1.178057517657574489e-06 6.600992815369497660e-06 8.638050276072994259e-08 9.978908036702708960e-10 2.463395038989896332e-04 1.163838260873031842e-05 1.117386932917605155e-07
9.800000000000000000e+03 2.326576693962249522e-05 6.150034342696999870e-05 1.903349935855457361e-06 6.126305724356754307e-06 6.514591157159502616e-08 8.957939042741393646e-09 2.273567215368660181e-04 1.037741344171367428e-05 1.572041222014738028e-07 2.326576693962249522e-05 6.150034342696999870e-05 1.903349935855457361e-06 6.126305724356754307e-06 6.514591157159502616e-08 8.957939042741393646e-09 2.273567215368660181e-04 1.037741344171367428e-05 1.572041222014738028e-07
1.050000000000000000e+04 2.270975894857080743e-05 6.288222830973750146e-05 2.438540766247350452e-06 5.686279147398645829e-06 5.203736770019420657e-08 3.915310165172598522e-08 2.085130141229601670e-04 9.165011147204540895e-06 1.926696990769016555e-07 2.270975894857080743e-05 6.288222830973750146e-05 2.438540766247350452e-06 5.686279147398645829e-06 5.203736770019420657e-08 3.915310165172598522e-08 2.085130141229601670e-04 9.165011147204540895e-06 1.926696990769016555e-07
1.120000000000000000e+04 2.391315176506892589e-05 6.057855961248512385e-05 2.873727221745059573e-06 5.213970762515581331e-06 4.527056129649126161e-08 1.231635930382135303e-07 1.886916618472744952e-04 7.969913045182513064e-06 3.456267689034646453e-07 2.391315176506892589e-05 6.057855961248512385e-05 2.873727221745059573e-06 5.213970762515581331e-06 4.527056129649126161e-08 1.231635930382135303e-07 1.886916618472744952e-04 7.969913045182513064e-06 3.456267689034646453e-07
1.190000000000000000e+04 2.752515721657910555e-05 5.258617214729185838e-05 3.249851790574004829e-06 4.654725050997365739e-06 4.299046526960029945e-08 2.700983319634158538e-07 1.672499897855840166e-04 6.757821502657840708e-06 6.591913011570681481e-07 2.752515721657910555e-05 5.258617214729185838e-05 3.249851790574004829e-06 4.654725050997365739e-06 4.299046526960029945e-08 2.700983319634158538e-07 1.672499897855840166e-04 6.757821502657840708e-06 6.591913011570681481e-07
1.260000000000000000e+04 3.287889542196565209e-05 4.011131862358500446e-05 3.500067890840720801e-06 4.051749611617257651e-06 4.397245026895780541e-08 3.786760116685038484e-07 1.461909332198346419e-04 5.591819811598182664e-06 8.890885786989300364e-07 3.287889542196565209e-05 4.011131862358500446e-05 3.500067890840720801e-06 4.051749611617257651e-06 4.397245026895780541e-08 3.786760116685038484e-07 1.461909332198346419e-04 5.591819811598182664e-06 8.890885786989300364e-07
1.330000000000000000e+04 8.327379869612722097e-04 5.663006138009058361e-05 4.095928701186682531e-06 4.881897931594048789e-06 1.410180081732427611e-06 2.921592458247420836e-09 1.276600599818756481e-04 1.165381406670745474e-05 2.289359213867361961e-06 8.327379869612722097e-04 5.663006138009058361e-05 4.095928701186682531e-06 4.881897931594048789e-06 1.410180081732427611e-06 2.921592458247420836e-09 1.276600599818756481e-04 1.165381406670745474e-05 2.289359213867361961e-06
1.400000000000000000e+04 5.462202746392284987e-04 3.082167995098341831e-05 4.264694550299232959e-06 1.428571665994862634e-06 2.911192846972774947e-07 8.928175342655595709e-07 1.187329453460127753e-04 5.635088710761728652e-06 2.206508085153128275e-06 5.462202746392284987e-04 3.082167995098341831e-05 4.264694550299232959e-06 1.428571665994862634e-06 2.911192846972774947e-07 8.928175342655595709e-07 1.187329453460127753e-04 5.635088710761728652e-06 2.206508085153128275e-06
1.470000000000000000e+04 6.771732373504020172e-05 1.890155133281940577e-05 2.616237011726215705e-06 8.931608354152964392e-07 3.928254315910454959e-08 4.357070950282066461e-07 1.088762117080924148e-04 3.333373449490994785e-06 9.422780464847225948e-07 6.771732373504020172e-05 1.890155133281940577e-05 2.616237011726215705e-06 8.931608354152964392e-07 3.928254315910454959e-08 4.357070950282066461e-07 1.088762117080924148e-04 3.333373449490994785e-06 9.422780464847225948e-07
1.540000000000000000e+04 5.308708752340662298e-04 2.430331914471629752e-05 2.888183403068150763e-06 2.383222976178500571e-06 5.874776449261948404e-07 6.328847528846351412e-07 9.868737222957240003e-05 5.313178389969158654e-06 1.737499474229976524e-06 5.308708752340662298e-04 2.430331914471629752e-05 2.888183403068150763e-06 2.383222976178500571e-06 5.874776449261948404e-07 6.328847528846351412e-07 9.868737222957240003e-05 5.313178389969158654e-06 1.737499474229976524e-06
1.610000000000000000e+04 4.083828812922727682e-04 2.100975808941478177e-05 2.223149973700657455e-06 1.887481717876086382e-06 4.683289952195205719e-07 5.840819511170761623e-07 9.229505847023509264e-05 4.567678595171519806e-06 1.383888409260229894e-06 4.083828812922727682e-04 2.100975808941478177e-05 2.223149973700657455e-06 1.887481717876086382e-06 4.683289952195205719e-07 5.840819511170761623e-07 9.229505847023509264e-05 4.567678595171519806e-06 1.383888409260229894e-06
1.680000000000000000e+04 1.582913660538208197e-04 1.713480268159236542e-05 1.501614496884395373e-06 2.240430815807246801e-06 3.380779602770403420e-08 4.043487970680762180e-07 8.698990387115597151e-05 3.310343881317202964e-06 7.806302176393668482e-07 1.582913660538208197e-04 1.713480268159236542e-05 1.501614496884395373e-06 2.240430815807246801e-06 3.380779602770403420e-08 4.043487970680762180e-07 8.698990387115597151e-05 3.310343881317202964e-06 7.806302176393668482e-07
1.750000000000000000e+04 3.245106780863714173e-05 1.667152209522415347e-05 1.079627930913776704e-06 4.632842631089373080e-06 4.543272302168740011e-08 5.223001211263913850e-08 8.075431914669593423e-05 3.116102848077132797e-06 3.954624447933567808e-07 3.245106780863714173e-05 1.667152209522415347e-05 1.079627930913776704e-06 4.632842631089373080e-06 4.543272302168740011e-08 5.223001211263913850e-08 8.075431914669593423e-05 3.116102848077132797e-06 3.954624447933567808e-07
1.820000000000000000e+04 2.827596454334443897e-05 1.645388584446228774e-05 9.629685727260529861e-07 2.024155387542251524e-06 5.507043647745952482e-08 9.078884840352040577e-08 7.784002273596899140e-05 3.167182746075774109e-06 3.733470402424158540e-07 2.827596454334443897e-05 1.645388584446228774e-05 9.629685727260529861e-07 2.024155387542251524e-06 5.507043647745952482e-08 9.078884840352040577e-08 7.784002273596899140e-05 3.167182746075774109e-06 3.733470402424158540e-07
1.890000000000000000e+04 2.690521772561521374e-05 1.617697598649682993e-05 8.703037958157096223e-07 1.871388178384445900e-06 3.898811404671603233e-08 7.982166195741563345e-08 7.389512395980032012e-05 3.070222215590595907e-06 3.464598709130655166e-07 2.690521772561521374e-05 1.617697598649682993e-05 8.703037958157096223e-07 1.871388178384445900e-06 3.898811404671603233e-08 7.982166195741563345e-08 7.389512395980032012e-05 3.070222215590595907e-06 3.464598709130655166e-07
1.960000000000000000e+04 2.586068846913243529e-05 1.577842633284496005e-05 7.916468782172343865e-07 1.764719038445650550e-06 2.972099818066181893e-08 7.061195779191049162e-08 7.019751893827107670e-05 2.938075532176712302e-06 3.193226753261359468e-07 2.586068846913243529e-05 1.577842633284496005e-05 7.916468782172343865e-07 1.764719038445650550e-06 2.972099818066181893e-08 7.061195779191049162e-08 7.019751893827107670e-05 2.938075532176712302e-06 3.193226753261359468e-07
2.030000000000000000e+04 2.505241925150491857e-05 1.529424467013717071e-05 7.252543920792526473e-07 1.666453317700388686e-06 2.476130054569532383e-08 5.893296733243070138e-08 6.681951602726726106e-05 2.803747523247633110e-06 2.877068654365853814e-07 2.505241925150491857e-05 1.529424467013717071e-05 7.252543920792526473e-07 1.666453317700388686e-06 2.476130054569532383e-08 5.893296733243070138e-08 6.681951602726726106e-05 2.803747523247633110e-06 2.877068654365853814e-07
2.100000000000000000e+04 2.435283120543387867e-05 1.472591953734865310e-05 6.713019811697574947e-07 1.590450075147579515e-06 2.271620523522205751e-08 4.500826524627955115e-08 6.372453347080872163e-05 2.672066974235401103e-06 2.515550764598154777e-07 2.435283120543387867e-05 1.472591953734865310e-05 6.713019811697574947e-07 1.590450075147579515e-06 2.271620523522205751e-08 4.500826524627955115e-08 6.372453347080872163e-05 2.672066974235401103e-06 2.515550764598154777e-07
2.170000000000000000e+04 2.376968291661809424e-05 1.408927269324277985e-05 6.312219659154713479e-07 1.513190746524383981e-06 2.020730274831604882e-08 3.274265314468234888e-08 6.088204012441223345e-05 2.539040614909324075e-06 2.132288038190998221e-07 2.376968291661809424e-05 1.408927269324277985e-05 6.312219659154713479e-07 1.513190746524383981e-06 2.020730274831604882e-08 3.274265314468234888e-08 6.088204012441223345e-05 2.539040614909324075e-06 2.132288038190998221e-07
2.240000000000000000e+04 2.328468647093327558e-05 1.342489260922595596e-05 6.032573184176440757e-07 1.443026338022724864e-06 1.816693502114937271e-08 2.126395541379494405e-08 5.824702238205528831e-05 2.411783905314791634e-06 1.730604134276442821e-07 2.328468647093327558e-05 1.342489260922595596e-05 6.032573184176440757e-07 1.443026338022724864e-06 1.816693502114937271e-08 2.126395541379494405e-08 5.824702238205528831e-05 2.411783905314791634e-06 1.730604134276442821e-07
2.310000000000000000e+04 2.288431068185308383e-05 1.275183589212716315e-05 5.855813085227087036e-07 1.379005057297840370e-06 1.639432243633660961e-08 1.084789239735775124e-08 5.581259541318848018e-05 2.291403405498684885e-06 1.312789231840992816e-07 2.288431068185308383e-05 1.275183589212716315e-05 5.855813085227087036e-07 1.379005057297840370e-06 1.639432243633660961e-08 1.084789239735775124e-08 5.581259541318848018e-05 2.291403405498684885e-06 1.312789231840992816e-07
2.380000000000000000e+04 2.254607558321466531e-05 1.207751520017808197e-05 5.779707762286680741e-07 1.321772691002498248e-06 1.488361258843525078e-08 2.313390968415562823e-09 5.358700953017834367e-05 2.179596645564762462e-06 8.837398062929403712e-08 2.254607558321466531e-05 1.207751520017808197e-05 5.779707762286680741e-07 1.321772691002498248e-06 1.488361258843525078e-08 2.313390968415562823e-09 5.358700953017834367e-05 2.179596645564762462e-06 8.837398062929403712e-08
2.450000000000000000e+04 2.225391114670163473e-05 1.138706287016142160e-05 5.839432118676311748e-07 1.272201573859152253e-06 1.343458305921967186e-08 1.021431722251459171e-11 5.158691795629614409e-05 2.079284809461967954e-06 5.620149314471771957e-08 2.225391114670163473e-05 1.138706287016142160e-05 5.839432118676311748e-07 1.272201573859152253e-06 1.343458305921967186e-08 1.021431722251459171e-11 5.158691795629614409e-05 2.079284809461967954e-06 5.620149314471771957e-08
2.520000000000000000e+04 2.200078602802177727e-05 1.068097781189749745e-05 5.887400808935397036e-07 1.233044756942216610e-06 1.180500855912729028e-08 2.326220434002035032e-11 4.980493536381757513e-05 1.976046319780311954e-06 4.072603770411623995e-08 2.200078602802177727e-05 1.068097781189749745e-05 5.887400808935397036e-07 1.233044756942216610e-06 1.180500855912729028e-08 2.326220434002035032e-11 4.980493536381757513e-05 1.976046319780311954e-06 4.072603770411623995e-08
2.590000000000000000e+04 2.174511173522143673e-05 9.988492572909201680e-06 5.923326140245823423e-07 1.201727253952976165e-06 1.025123149589654686e-08 4.125039204164053682e-11 4.827593101717204922e-05 1.878437783341230011e-06 2.969435110148268038e-08 2.174511173522143673e-05 9.988492572909201680e-06 5.923326140245823423e-07 1.201727253952976165e-06 1.025123149589654686e-08 4.125039204164053682e-11 4.827593101717204922e-05 1.878437783341230011e-06 2.969435110148268038e-08
2.660000000000000000e+04 1.327720780286774003e-04 9.478263760453002742e-06 6.126450751575420916e-07 2.253939987696024685e-07 2.867592519332852446e-07 2.492171515253889601e-07 4.943628755901949609e-05 2.172889674997004371e-06 3.645180401698614676e-07 1.327720780286774003e-04 9.478263760453002742e-06 6.126450751575420916e-07 2.253939987696024685e-07 2.867592519332852446e-07 2.492171515253889601e-07 4.943628755901949609e-05 2.172889674997004371e-06 3.645180401698614676e-07
2.730000000000000000e+04 3.026400376069553129e-05 8.920631380673422207e-06 5.916958016451917715e-07 2.068628172248201354e-07 1.256481873186109017e-08 1.452134860232832160e-08 4.864885291431233691e-05 1.894851063930485487e-06 3.873033531402548858e-08 3.026400376069553129e-05 8.920631380673422207e-06 5.916958016451917715e-07 2.068628172248201354e-07 1.256481873186109017e-08 1.452134860232832160e-08 4.864885291431233691e-05 1.894851063930485487e-06 3.873033531402548858e-08
2.800000000000000000e+04 2.111853488248245601e-05 8.402429390715029960e-06 5.867506006471764655e-07 1.314661837892426119e-06 1.770319922519262306e-08 3.174554863399466749e-10 4.531890120921511878e-05 1.844237649423397410e-06 1.354405036073589186e-08 2.111853488248245601e-05 8.402429390715029960e-06 5.867506006471764655e-07 1.314661837892426119e-06 1.770319922519262306e-08 3.174554863399466749e-10 4.531890120921511878e-05 1.844237649423397410e-06 1.354405036073589186e-08
2.870000000000000000e+04 2.062480132887680365e-05 7.882065677571650889e-06 5.871747751802751270e-07 1.081592958181494195e-06 1.402895295297745496e-08 2.963372281706848003e-10 4.456247454692636312e-05 1.791588203773122980e-06 1.250484786630545416e-08 2.062480132887680365e-05 7.882065677571650889e-06 5.871747751802751270e-07 1.081592958181494195e-06 1.402895295297745496e-08 2.963372281706848003e-10 4.456247454692636312e-05 1.791588203773122980e-06 1.250484786630545416e-08
2.940000000000000000e+04 2.033402965508022942e-05 7.361243149620617295e-06 5.880835588939801703e-07 1.068342737782480274e-06 1.143347380620165035e-08 1.715199601110348533e-10 4.367872424570843346e-05 1.716721754639737455e-06 1.257723818603610655e-08 2.033402965508022942e-05 7.361243149620617295e-06 5.880835588939801703e-07 1.068342737782480274e-06 1.143347380620165035e-08 1.715199601110348533e-10 4.367872424570843346e-05 1.716721754639737455e-06 1.257723818603610655e-08
3.010000000000000000e+04 2.008462773915296895e-05 6.876320942578060676e-06 5.899680295885841684e-07 1.060256543171580975e-06 8.686288015156569310e-09 1.853174389928601528e-10 4.279695839592712194e-05 1.636643030137646404e-06 1.307448271415912698e-08 2.008462773915296895e-05 6.876320942578060676e-06 5.899680295885841684e-07 1.060256543171580975e-06 8.686288015156569310e-09 1.853174389928601528e-10 4.279695839592712194e-05 1.636643030137646404e-06 1.307448271415912698e-08
3.080000000000000000e+04 1.984646022781923617e-05 6.433156142814824542e-06 5.933924425782316067e-07 1.051502175241773869e-06 6.141749393312188528e-09 2.554377548386714773e-10 4.185848342341990438e-05 1.551570145142427862e-06 1.373590840316614659e-08 1.984646022781923617e-05 6.433156142814824542e-06 5.933924425782316067e-07 1.051502175241773869e-06 6.141749393312188528e-09 2.554377548386714773e-10 4.185848342341990438e-05 1.551570145142427862e-06 1.373590840316614659e-08
3.150000000000000000e+04 1.954436961903324057e-05 6.164985165798381625e-06 5.891214363002354256e-07 1.038923057728659894e-06 7.498512430493409367e-09 2.560860201556741450e-10 4.121200657267272882e-05 1.588329285085989444e-06 1.590728450983046368e-08 1.954436961903324057e-05 6.164985165798381625e-06 5.891214363002354256e-07 1.038923057728659894e-06 7.498512430493409367e-09 2.560860201556741450e-10 4.121200657267272882e-05 1.588329285085989444e-06 1.590728450983046368e-08
3.220000000000000000e+04 1.931511150848771625e-05 5.763864455316557717e-06 5.935774381195280180e-07 1.015086832301529027e-06 4.270821553519705640e-09 4.202927504939438212e-10 4.030072715071692852e-05 1.490070848649495607e-06 1.662206626018488661e-08 1.931511150848771625e-05 5.763864455316557717e-06 5.935774381195280180e-07 1.015086832301529027e-06 4.270821553519705640e-09 4.202927504939438212e-10 4.030072715071692852e-05 1.490070848649495607e-06 1.662206626018488661e-08
3.290000000000000000e+04 1.903332414930262686e-05 5.557356186385488536e-06 5.872966628439861030e-07 9.771423968867335764e-07 5.773258765274102174e-09 3.176935804584094227e-10 3.977849179452757792e-05 1.547980040527696081e-06 1.966490243645579816e-08 1.903332414930262686e-05 5.557356186385488536e-06 5.872966628439861030e-07 9.771423968867335764e-07 5.773258765274102174e-09 3.176935804584094227e-10 3.977849179452757792e-05 1.547980040527696081e-06 1.966490243645579816e-08
3.360000000000000000e+04 2.021351590729998169e-05 5.220875723498448805e-06 5.907646576325494179e-07 6.059829160622802882e-07 1.831089933193559605e-10 5.437667857641183931e-09 3.947950068988548636e-05 1.443478453277368885e-06 2.182838288849224341e-08 2.021351590729998169e-05 5.220875723498448805e-06 5.907646576325494179e-07 6.059829160622802882e-07 1.831089933193559605e-10 5.437667857641183931e-09 3.947950068988548636e-05 1.443478453277368885e-06 2.182838288849224341e-08
3.430000000000000000e+04 1.860625670657279536e-05 5.107292310557708996e-06 5.788406837815322631e-07 9.564967556607681289e-07 5.528271112587254858e-09 4.165664220889581615e-10 3.854034607533485295e-05 1.571990171834248859e-06 2.403247392911501081e-08 1.860625670657279536e-05 5.107292310557708996e-06 5.788406837815322631e-07 9.564967556607681289e-07 5.528271112587254858e-09 4.165664220889581615e-10 3.854034607533485295e-05 1.571990171834248859e-06 2.403247392911501081e-08
3.500000000000000000e+04 2.037224155014566649e-05 4.994739613184970213e-06 5.709704572336658972e-07 3.463958801816861470e-07 8.680026051237218842e-08 3.393173859904958197e-09 3.885826013817620436e-05 1.789494974438863396e-06 3.921479603165420217e-08 2.037224155014566649e-05 4.994739613184970213e-06 5.709704572336658972e-07 3.463958801816861470e-07 8.680026051237218842e-08 3.393173859904958197e-09 3.885826013817620436e-05 1.789494974438863396e-06 3.921479603165420217e-08
3.570000000000000000e+04 1.820973834136657677e-05 4.642903783176751115e-06 5.717248721910241191e-07 9.216299366454018968e-07 3.062753495226571753e-09 6.140235614372436364e-10 3.723026610919795133e-05 1.491464908403125855e-06 2.572748717335132355e-08 1.820973834136657677e-05 4.642903783176751115e-06 5.717248721910241191e-07 9.216299366454018968e-07 3.062753495226571753e-09 6.140235614372436364e-10 3.723026610919795133e-05 1.491464908403125855e-06 2.572748717335132355e-08
3.640000000000000000e+04 1.800387835770429927e-05 4.511785003138944388e-06 5.614772147054266949e-07 8.942046564635033128e-07 4.020416820377206724e-09 6.548014527334540065e-10 3.680526356392713671e-05 1.535646747293830881e-06 2.797903567427369205e-08 1.800387835770429927e-05 4.511785003138944388e-06 5.614772147054266949e-07 8.942046564635033128e-07 4.020416820377206724e-09 6.548014527334540065e-10 3.680526356392713671e-05 1.535646747293830881e-06 2.797903567427369205e-08
3.710000000000000000e+04 1.781209940449201778e-05 4.404598520018936976e-06 5.501917098018021662e-07 8.694548215331595003e-07 1.434030953690115819e-08 1.849199689552331092e-10 3.641698244914192865e-05 1.604285863378470523e-06 3.089859629511819142e-08 1.781209940449201778e-05 4.404598520018936976e-06 5.501917098018021662e-07 8.694548215331595003e-07 1.434030953690115819e-08 1.849199689552331092e-10 3.641698244914192865e-05 1.604285863378470523e-06 3.089859629511819142e-08
3.780000000000000000e+04 1.769073142128073153e-05 4.126245461642253453e-06 5.535294148840708915e-07 8.780658599997618159e-07 2.011604976620923168e-09 1.417813667385667446e-09 3.554462545731033049e-05 1.436458459678825023e-06 2.801458902634838364e-08 1.769073142128073153e-05 4.126245461642253453e-06 5.535294148840708915e-07 8.780658599997618159e-07 2.011604976620923168e-09 1.417813667385667446e-09 3.554462545731033049e-05 1.436458459678825023e-06 2.801458902634838364e-08
3.850000000000000000e+04 1.751999575566264396e-05 4.094715638828893870e-06 5.382125867873951677e-07 8.802075008333766079e-07 5.303079698289271545e-09 1.174279603381775194e-09 3.526404503394920547e-05 1.557994312037399113e-06 3.168839866028611776e-08 1.751999575566264396e-05 4.094715638828893870e-06 5.382125867873951677e-07 8.802075008333766079e-07 5.303079698289271545e-09 1.174279603381775194e-09 3.526404503394920547e-05 1.557994312037399113e-06 3.168839866028611776e-08
3.920000000000000000e+04 1.813829595792151858e-05 4.012049705591075762e-06 5.249513444571926546e-07 5.114189817281601505e-07 1.087719230913505229e-08 4.235853700158563440e-09 3.540981672920177870e-05 1.606644403411763921e-06 3.331284270138868048e-08 1.813829595792151858e-05 4.012049705591075762e-06 5.249513444571926546e-07 5.114189817281601505e-07 1.087719230913505229e-08 4.235853700158563440e-09 3.540981672920177870e-05 1.606644403411763921e-06 3.331284270138868048e-08
3.990000000000000000e+04 1.724567126913090616e-05 3.746103154190739346e-06 5.288097258712565445e-07 8.273342028818882275e-07 2.136678805253546222e-09 2.027347804683316878e-09 3.418950065911059895e-05 1.444549778875665457e-06 3.142741852843892292e-08 1.724567126913090616e-05 3.746103154190739346e-06 5.288097258712565445e-07 8.273342028818882275e-07 2.136678805253546222e-09 2.027347804683316878e-09 3.418950065911059895e-05 1.444549778875665457e-06 3.142741852843892292e-08
4.060000000000000000e+04 1.714029107083788503e-05 3.663281213325178566e-06 5.196643680635781858e-07 6.835956906127864516e-07 4.846482784518921161e-09 2.095943253707549965e-09 3.388808401561976992e-05 1.473485433809723632e-06 3.301419931878398729e-08 1.714029107083788503e-05 3.663281213325178566e-06 5.196643680635781858e-07 6.835956906127864516e-07 4.846482784518921161e-09 2.095943253707549965e-09 3.388808401561976992e-05 1.473485433809723632e-06 3.301419931878398729e-08
4.130000000000000000e+04 2.097874743160990543e-05 3.721187225273585901e-06 5.005659365323431772e-07 1.306524260764990630e-06 9.191190288210220034e-08 7.274501633489025570e-09 3.328434381786148501e-05 1.715593044177294904e-06 7.341170475419580107e-08 2.097874743160990543e-05 3.721187225273585901e-06 5.005659365323431772e-07 1.306524260764990630e-06 9.191190288210220034e-08 7.274501633489025570e-09 3.328434381786148501e-05 1.715593044177294904e-06 7.341170475419580107e-08
4.200000000000000000e+04 1.688230304219305654e-05 3.401393457326079772e-06 5.081189673623216632e-07 7.911358041435143819e-07 1.516289943703142106e-09 2.772131146055795605e-09 3.274147722699489782e-05 1.390517755056881223e-06 3.311671835148816747e-08 1.688230304219305654e-05 3.401393457326079772e-06 5.081189673623216632e-07 7.911358041435143819e-07 1.516289943703142106e-09 2.772131146055795605e-09 3.274147722699489782e-05 1.390517755056881223e-06 3.311671835148816747e-08
4.270000000000000000e+04 1.675447603696666381e-05 3.324199183443902838e-06 4.995439321322252919e-07 7.948197129927982453e-07 2.262478963465676401e-09 2.802896187233521422e-09 3.232868518755151237e-05 1.403340930523169268e-06 3.404471705518954067e-08 1.675447603696666381e-05 3.324199183443902838e-06 4.995439321322252919e-07 7.948197129927982453e-07 2.262478963465676401e-09 2.802896187233521422e-09 3.232868518755151237e-05 1.403340930523169268e-06 3.404471705518954067e-08
4.340000000000000000e+04 1.720447578631831607e-05 3.341545693220929223e-06 4.823314480609619838e-07 6.826630262977849856e-07 1.875067372983146940e-09 1.138992908313947201e-08 3.232579489824289058e-05 1.492629678906115390e-06 3.538977842849810927e-08 1.720447578631831607e-05 3.341545693220929223e-06 4.823314480609619838e-07 6.826630262977849856e-07 1.875067372983146940e-09 1.138992908313947201e-08 3.232579489824289058e-05 1.492629678906115390e-06 3.538977842849810927e-08
4.410000000000000000e+04 1.698529990018058053e-05 3.110376083768552871e-06 4.878330789353346926e-07 9.616159946901027604e-07 3.611459833507712869e-09 1.104377927751737930e-09 3.111236930644456597e-05 1.338874733533065297e-06 3.778979762650528673e-08 1.698529990018058053e-05 3.110376083768552871e-06 4.878330789353346926e-07 9.616159946901027604e-07 3.611459833507712869e-09 1.104377927751737930e-09 3.111236930644456597e-05 1.338874733533065297e-06 3.778979762650528673e-08
4.480000000000000000e+04 1.642724261149535727e-05 3.029243248313096321e-06 4.799073367901710813e-07 7.449367101958988441e-07 1.045546827629378860e-09 3.555070012656093957e-09 3.098320518406782727e-05 1.321030216768257884e-06 3.445286309180572906e-08 1.642724261149535727e-05 3.029243248313096321e-06 4.799073367901710813e-07 7.449367101958988441e-07 1.045546827629378860e-09 3.555070012656093957e-09 3.098320518406782727e-05 1.321030216768257884e-06 3.445286309180572906e-08
4.550000000000000000e+04 1.632292090032301605e-05 2.984452991496401770e-06 4.687475421923953177e-07 7.277676706913691263e-07 1.476324918849408024e-09 3.407925970536657281e-09 3.070779015681357813e-05 1.361187038227249388e-06 3.589143710136108826e-08 1.632292090032301605e-05 2.984452991496401770e-06 4.687475421923953177e-07 7.277676706913691263e-07 1.476324918849408024e-09 3.407925970536657281e-09 3.070779015681357813e-05 1.361187038227249388e-06 3.589143710136108826e-08
4.620000000000000000e+04 1.904212951288153057e-05 2.971946735681839177e-06 4.555452045722363937e-07 1.478633764937443968e-06 3.680506706174117165e-10 9.009785719301141753e-11 2.991624844669241783e-05 1.386491380174744432e-06 4.425537486177160674e-08 1.904212951288153057e-05 2.971946735681839177e-06 4.555452045722363937e-07 1.478633764937443968e-06 3.680506706174117165e-10 9.009785719301141753e-11 2.991624844669241783e-05 1.386491380174744432e-06 4.425537486177160674e-08
4.690000000000000000e+04 2.125978275822799720e-05 2.838135666983891425e-06 4.681402179059377375e-07 3.145353044707706631e-07 1.358660270601459922e-08 3.158485601241199897e-08 3.042478256435536709e-05 1.201608857145901115e-06 3.605855293176095313e-08 2.125978275822799720e-05 2.838135666983891425e-06 4.681402179059377375e-07 3.145353044707706631e-07 1.358660270601459922e-08 3.158485601241199897e-08 3.042478256435536709e-05 1.201608857145901115e-06 3.605855293176095313e-08
4.760000000000000000e+04 1.602151916725194869e-05 2.778803786345920576e-06 4.448340895309969641e-07 6.965453729226632162e-07 1.269726877124513888e-09 3.353923693323196490e-09 2.964637774062103668e-05 1.340302979515198484e-06 3.681785192764439921e-08 1.602151916725194869e-05 2.778803786345920576e-06 4.448340895309969641e-07 6.965453729226632162e-07 1.269726877124513888e-09 3.353923693323196490e-09 2.964637774062103668e-05 1.340302979515198484e-06 3.681785192764439921e-08
4.830000000000000000e+04 1.591695416095476365e-05 2.696289489556086670e-06 4.402835994472843256e-07 6.903915528629727790e-07 1.005074860614774758e-09 3.709645299370152067e-09 2.916480282340494742e-05 1.290800396264075807e-06 3.609938218459931041e-08 1.591695416095476365e-05 2.696289489556086670e-06 4.402835994472843256e-07 6.903915528629727790e-07 1.005074860614774758e-09 3.709645299370152067e-09 2.916480282340494742e-05 1.290800396264075807e-06 3.609938218459931041e-08
4.900000000000000000e+04 1.582463778045092848e-05 2.680843573498229657e-06 4.299557401977815830e-07 6.555924502625547526e-07 1.990948023412334169e-09 3.911105010575206977e-09 2.893099816900050408e-05 1.339653817220253062e-06 3.692510720961318457e-08 1.582463778045092848e-05 2.680843573498229657e-06 4.299557401977815830e-07 6.555924502625547526e-07 1.990948023412334169e-09 3.911105010575206977e-09 2.893099816900050408e-05 1.339653817220253062e-06 3.692510720961318457e-08
4.970000000000000000e+04 2.034976880755371263e-05 2.557210406857564218e-06 4.146668309417398951e-07 4.983351806030066591e-07 2.618638638204486139e-08 3.693431270548165773e-09 2.955379647293751954e-05 1.284023054771587187e-06 3.724650058041899930e-08 2.034976880755371263e-05 2.557210406857564218e-06 4.146668309417398951e-07 4.983351806030066591e-07 2.618638638204486139e-08 3.693431270548165773e-09 2.955379647293751954e-05 1.284023054771587187e-06 3.724650058041899930e-08
5.040000000000000000e+04 1.613265815440215024e-05 2.657926381656985309e-06 4.014897629452156736e-07 5.747322439409765730e-07 6.846364616333318766e-08 1.999858256816907738e-10 2.865283273727471818e-05 1.519733196546900762e-06 5.470012460969831893e-08 1.613265815440215024e-05 2.657926381656985309e-06 4.014897629452156736e-07 5.747322439409765730e-07 6.846364616333318766e-08 1.999858256816907738e-10 2.865283273727471818e-05 1.519733196546900762e-06 5.470012460969831893e-08
5.110000000000000000e+04 3.170906806612695095e-05 2.578267745504693296e-06 4.221466905092179589e-07 6.520329901757217920e-08 1.986356302995492120e-09 5.739830611750003371e-08 2.972802503791341396e-05 1.212052348699840377e-06 5.940594168224271426e-08 3.170906806612695095e-05 2.578267745504693296e-06 4.221466905092179589e-07 6.520329901757217920e-08 1.986356302995492120e-09 5.739830611750003371e-08 2.972802503791341396e-05 1.212052348699840377e-06 5.940594168224271426e-08
5.180000000000000000e+04 6.449000396754558549e-05 3.181150416586571005e-06 4.050690458851784310e-07 2.888405549294674995e-06 1.599995308600930761e-07 1.063999440420124456e-07 2.752770883012052765e-05 1.946233660904022826e-06 2.325721768354077405e-07 6.449000396754558549e-05 3.181150416586571005e-06 4.050690458851784310e-07 2.888405549294674995e-06 1.599995308600930761e-07 1.063999440420124456e-07 2.752770883012052765e-05 1.946233660904022826e-06 2.325721768354077405e-07
5.250000000000000000e+04 1.333460448825284192e-04 3.386121126558975515e-06 4.252049846464754470e-07 1.476864386585788074e-08 9.163447347766569554e-08 2.342336403827914432e-07 3.318391753396252844e-05 1.413327960763948414e-06 1.578497924142475382e-07 1.333460448825284192e-04 3.386121126558975515e-06 4.252049846464754470e-07 1.476864386585788074e-08 9.163447347766569554e-08 2.342336403827914432e-07 3.318391753396252844e-05 1.413327960763948414e-06 1.578497924142475382e-07
5.320000000000000000e+04 3.888799532972882239e-05 2.533979003541968916e-06 3.811140498687246401e-07 2.771921654348467316e-06 9.230531495790343812e-08 5.087849728567594701e-09 2.633498110591977510e-05 1.370403281408108289e-06 1.024962932825176595e-07 3.888799532972882239e-05 2.533979003541968916e-06 3.811140498687246401e-07 2.771921654348467316e-06 9.230531495790343812e-08 5.087849728567594701e-09 2.633498110591977510e-05 1.370403281408108289e-06 1.024962932825176595e-07
5.390000000000000000e+04 1.525276270539662447e-05 2.286760369825381500e-06 3.808845655801473141e-07 5.659946690555357125e-07 1.852087821518877126e-10 3.623072693443514602e-09 2.664141695037090500e-05 1.201339472318985699e-06 3.506879608685161749e-08 1.525276270539662447e-05 2.286760369825381500e-06 3.808845655801473141e-07 5.659946690555357125e-07 1.852087821518877126e-10 3.623072693443514602e-09 2.664141695037090500e-05 1.201339472318985699e-06 3.506879608685161749e-08
5.460000000000000000e+04 3.826930491725477103e-05 2.467318788805649926e-06 3.669854468187265655e-07 3.721791984981641677e-08 6.612474631683310731e-08 3.044047070434859048e-08 2.898177606294702165e-05 1.857744868027080001e-06 1.201956173977271395e-07 3.826930491725477103e-05 2.467318788805649926e-06 3.669854468187265655e-07 3.721791984981641677e-08 6.612474631683310731e-08 3.044047070434859048e-08 2.898177606294702165e-05 1.857744868027080001e-06 1.201956173977271395e-07
5.530000000000000000e+04 1.501939880521494768e-05 2.212312460822493416e-06 3.658318066310974359e-07 6.054129495096016197e-07 3.380201433226727378e-10 2.983655371901803068e-09 2.609198126204709950e-05 1.200466478488237981e-06 3.549235504326732483e-08 1.501939880521494768e-05 2.212312460822493416e-06 3.658318066310974359e-07 6.054129495096016197e-07 3.380201433226727378e-10 2.983655371901803068e-09 2.609198126204709950e-05 1.200466478488237981e-06 3.549235504326732483e-08
5.600000000000000000e+04 1.493372463890127150e-05 2.167136758508287644e-06 3.608885175881897020e-07 5.973815507613297078e-07 3.034131155637408135e-10 3.216273114043884284e-09 2.573357380200320520e-05 1.171538234245365030e-06 3.487355604638444654e-08 1.493372463890127150e-05 2.167136758508287644e-06 3.608885175881897020e-07 5.973815507613297078e-07 3.034131155637408135e-10 3.216273114043884284e-09 2.573357380200320520e-05 1.171538234245365030e-06 3.487355604638444654e-08
5.670000000000000000e+04 1.487697383964547775e-05 2.131348654046247494e-06 3.542880954546553665e-07 5.923548902038399452e-07 2.271608938852347191e-10 3.072854572973956337e-09 2.541728408161625702e-05 1.159348802019040093e-06 3.463843876014468095e-08 1.487697383964547775e-05 2.131348654046247494e-06 3.542880954546553665e-07 5.923548902038399452e-07 2.271608938852347191e-10 3.072854572973956337e-09 2.541728408161625702e-05 1.159348802019040093e-06 3.463843876014468095e-08
5.740000000000000000e+04 1.477425727276005469e-05 2.093551553830027991e-06 3.477276834239953816e-07 5.866124102567639995e-07 1.739259277512714579e-10 2.979928086196067304e-09 2.516927728283997474e-05 1.147083811685042163e-06 3.435836994605058016e-08 1.477425727276005469e-05 2.093551553830027991e-06 3.477276834239953816e-07 5.866124102567639995e-07 1.739259277512714579e-10 2.979928086196067304e-09 2.516927728283997474e-05 1.147083811685042163e-06 3.435836994605058016e-08
5.810000000000000000e+04 1.472502832978307794e-05 2.070909489224289195e-06 3.401552489470869842e-07 5.920344439207515067e-07 2.067413297408806393e-10 2.684159068525910544e-09 2.490661903649188868e-05 1.156637193544252968e-06 3.462526817437059966e-08 1.472502832978307794e-05 2.070909489224289195e-06 3.401552489470869842e-07 5.920344439207515067e-07 2.067413297408806393e-10 2.684159068525910544e-09 2.490661903649188868e-05 1.156637193544252968e-06 3.462526817437059966e-08
5.880000000000000000e+04 1.055530178646913451e-04 2.601321673976364009e-06 3.272801449946694096e-07 1.492460035562322643e-05 3.619862508167365804e-08 2.072297939150407336e-10 2.594029774015302361e-05 1.044663266602047382e-06 3.051950141559070800e-08 1.055530178646913451e-04 2.601321673976364009e-06 3.272801449946694096e-07 1.492460035562322643e-05 3.619862508167365804e-08 2.072297939150407336e-10 2.594029774015302361e-05 1.044663266602047382e-06 3.051950141559070800e-08
5.950000000000000000e+04 1.454788082318037278e-05 2.019541231331342410e-06 3.257754261528776686e-07 5.638885695597322352e-07 2.115630398938910946e-10 2.430575065587117842e-09 2.453127982387031560e-05 1.167894910303768072e-06 3.477913030698767452e-08 1.454788082318037278e-05 2.019541231331342410e-06 3.257754261528776686e-07 5.638885695597322352e-07 2.115630398938910946e-10 2.430575065587117842e-09 2.453127982387031560e-05 1.167894910303768072e-06 3.477913030698767452e-08
6.020000000000000000e+04 1.447424490625355540e-05 1.965292896846613786e-06 3.224621191994659366e-07 5.637164255423568604e-07 9.192411945139284530e-11 2.619655207210981059e-09 2.414432901954171202e-05 1.112439723361299920e-06 3.358502764806376774e-08 1.447424490625355540e-05 1.965292896846613786e-06 3.224621191994659366e-07 5.637164255423568604e-07 9.192411945139284530e-11 2.619655207210981059e-09 2.414432901954171202e-05 1.112439723361299920e-06 3.358502764806376774e-08
6.090000000000000000e+04 1.440771001528006609e-05 1.961797127961294580e-06 3.141585312346216350e-07 5.493890473683202685e-07 2.108330962286162949e-10 2.391233618396429132e-09 2.400196712363704350e-05 1.152060159658440587e-06 3.430619861101898218e-08 1.440771001528006609e-05 1.961797127961294580e-06 3.141585312346216350e-07 5.493890473683202685e-07 2.108330962286162949e-10 2.391233618396429132e-09 2.400196712363704350e-05 1.152060159658440587e-06 3.430619861101898218e-08
6.160000000000000000e+04 1.442606632988293865e-05 1.906886135902132553e-06 3.102185948365389135e-07 6.332698680765355708e-07 2.340728869953058196e-10 1.657322746234602578e-09 2.357951727339403593e-05 1.097890155545605975e-06 3.432236945761380780e-08 1.442606632988293865e-05 1.906886135902132553e-06 3.102185948365389135e-07 6.332698680765355708e-07 2.340728869953058196e-10 1.657322746234602578e-09 2.357951727339403593e-05 1.097890155545605975e-06 3.432236945761380780e-08
6.230000000000000000e+04 1.439776395069860262e-05 1.938105172094049289e-06 2.986989007428464402e-07 5.762836951970989876e-07 2.591128586054080524e-09 6.168122722716876495e-09 2.368032478497300475e-05 1.163449542664106321e-06 3.099491183954526404e-08 1.439776395069860262e-05 1.938105172094049289e-06 2.986989007428464402e-07 5.762836951970989876e-07 2.591128586054080524e-09 6.168122722716876495e-09 2.368032478497300475e-05 1.163449542664106321e-06 3.099491183954526404e-08
6.300000000000000000e+04 1.413304710522643914e-05 1.865144228023465852e-06 2.973588667996649852e-07 5.712954190773761877e-07 2.402693683068409274e-10 2.045278174291531831e-09 2.329335976095459699e-05 1.106173459257810425e-06 3.336431219670247139e-08 1.413304710522643914e-05 1.865144228023465852e-06 2.973588667996649852e-07 5.712954190773761877e-07 2.402693683068409274e-10 2.045278174291531831e-09 2.329335976095459699e-05 1.106173459257810425e-06 3.336431219670247139e-08
6.370000000000000000e+04 1.408463692320839806e-05 1.860045383088427027e-06 2.909588462669799167e-07 5.243495244499720396e-07 1.866932155327272477e-10 2.157526741539093243e-09 2.311956985745747988e-05 1.129672070379757555e-06 3.361267438364622245e-08 1.408463692320839806e-05 1.860045383088427027e-06 2.909588462669799167e-07 5.243495244499720396e-07 1.866932155327272477e-10 2.157526741539093243e-09 2.311956985745747988e-05 1.129672070379757555e-06 3.361267438364622245e-08
6.440000000000000000e+04 1.412850619540823435e-05 1.802918739449936734e-06 2.889078535338237792e-07 4.646730907374269668e-07 3.639445576238588419e-10 4.188407471981936860e-09 2.285032364264577410e-05 1.044566133327433705e-06 2.933315935866953675e-08 1.412850619540823435e-05 1.802918739449936734e-06 2.889078535338237792e-07 4.646730907374269668e-07 3.639445576238588419e-10 4.188407471981936860e-09 2.285032364264577410e-05 1.044566133327433705e-06 2.933315935866953675e-08
6.510000000000000000e+04 1.395376436799111594e-05 1.802980685654591785e-06 2.807889747057652147e-07 5.141645375212829090e-07 9.306634362447387427e-11 2.022399164323113833e-09 2.264487747479043849e-05 1.100655461851574959e-06 3.280240511683159677e-08 1.395376436799111594e-05 1.802980685654591785e-06 2.807889747057652147e-07 5.141645375212829090e-07 9.306634362447387427e-11 2.022399164323113833e-09 2.264487747479043849e-05 1.100655461851574959e-06 3.280240511683159677e-08
6.580000000000000000e+04 1.406542528993241110e-05 1.843813243038889932e-06 2.698244817692510424e-07 3.918045209264611716e-07 7.580819692550028207e-09 2.926898386821777863e-10 2.273070974366512605e-05 1.224234082040161891e-06 4.146914278265166491e-08 1.406542528993241110e-05 1.843813243038889932e-06 2.698244817692510424e-07 3.918045209264611716e-07 7.580819692550028207e-09 2.926898386821777863e-10 2.273070974366512605e-05 1.224234082040161891e-06 4.146914278265166491e-08
6.650000000000000000e+04 1.377589075093316880e-05 1.758225940755849882e-06 2.704048187111923610e-07 5.403964847000978235e-07 2.198444573418107469e-10 2.155829759274262497e-09 2.224763063015287734e-05 1.089735966801933678e-06 3.214525686947985292e-08 1.377589075093316880e-05 1.758225940755849882e-06 2.704048187111923610e-07 5.403964847000978235e-07 2.198444573418107469e-10 2.155829759274262497e-09 2.224763063015287734e-05 1.089735966801933678e-06 3.214525686947985292e-08
6.720000000000000000e+04 1.372212490156246958e-05 1.748411321406878151e-06 2.648958897871980761e-07 4.962445892007697568e-07 1.928287685117584544e-10 1.884997002549193920e-09 2.207681464570798464e-05 1.103020700210774816e-06 3.266997889187878271e-08 1.372212490156246958e-05 1.748411321406878151e-06 2.648958897871980761e-07 4.962445892007697568e-07 1.928287685117584544e-10 1.884997002549193920e-09 2.207681464570798464e-05 1.103020700210774816e-06 3.266997889187878271e-08
6.790000000000000000e+04 1.365087427211072064e-05 1.694036627632330623e-06 2.620648916797535878e-07 4.969965925462246435e-07 8.332791367950249898e-12 1.868870640261998640e-09 2.177454531265754289e-05 1.037827316994244336e-06 3.131713578006584263e-08 1.365087427211072064e-05 1.694036627632330623e-06 2.620648916797535878e-07 4.969965925462246435e-07 8.332791367950249898e-12 1.868870640261998640e-09 2.177454531265754289e-05 1.037827316994244336e-06 3.131713578006584263e-08
6.860000000000000000e+04 7.928564209418584232e-05 2.392136392015202779e-06 2.988016628076833923e-07 8.758170437965385974e-08 5.512505147435989628e-08 1.876038475785984036e-07 2.533997129754116852e-05 1.188510551155647155e-06 1.414700576294786266e-07 7.928564209418584232e-05 2.392136392015202779e-06 2.988016628076833923e-07 8.758170437965385974e-08 5.512505147435989628e-08 1.876038475785984036e-07 2.533997129754116852e-05 1.188510551155647155e-06 1.414700576294786266e-07
6.930000000000000000e+04 1.373084975639282886e-05 1.734755270164922448e-06 2.471797637421967988e-07 5.167301762594597959e-07 3.225666532151134611e-09 6.739721915818345825e-10 2.149989968955673677e-05 1.165919581471936175e-06 3.561104067611985005e-08 1.373084975639282886e-05 1.734755270164922448e-06 2.471797637421967988e-07 5.167301762594597959e-07 3.225666532151134611e-09 6.739721915818345825e-10 2.149989968955673677e-05 1.165919581471936175e-06 3.561104067611985005e-08
7.000000000000000000e+04 1.343118530668938836e-05 1.655535327438114454e-06 2.467494349249171710e-07 4.789634702692762570e-07 7.284633845354543533e-11 1.702405943734587316e-09 2.128787935953091952e-05 1.060634725685750386e-06 3.161858023804921824e-08 1.343118530668938836e-05 1.655535327438114454e-06 2.467494349249171710e-07 4.789634702692762570e-07 7.284633845354543533e-11 1.702405943734587316e-09 2.128787935953091952e-05 1.060634725685750386e-06 3.161858023804921824e-08
