0 [1.00e-03, 1.00e+00, 1.00e+00, 1.00e+00, 1.00e-04, 1.00e+00]
700 [1.30e-01, 7.19e-02, 6.72e-01, 9.54e-01, 2.37e-02, 9.74e-01]
1400 [1.90e-01, 8.38e-05, 1.01e+00, 9.45e-01, 2.54e-02, 9.75e-01]
2100 [2.14e-01, 1.91e-04, 1.21e+00, 9.39e-01, 2.70e-02, 9.76e-01]
2800 [2.33e-01, 1.27e-04, 1.34e+00, 9.30e-01, 2.92e-02, 9.75e-01]
3500 [2.71e-01, 1.11e-04, 1.43e+00, 9.12e-01, 3.07e-02, 9.74e-01]
4200 [3.28e-01, 4.49e-03, 1.48e+00, 8.77e-01, 2.86e-02, 9.71e-01]
4900 [4.00e-01, 9.22e-03, 1.52e+00, 8.19e-01, 2.29e-02, 9.66e-01]
5600 [4.88e-01, 1.36e-02, 1.55e+00, 7.31e-01, 1.55e-02, 9.57e-01]
6300 [5.72e-01, 1.80e-02, 1.59e+00, 6.03e-01, 6.64e-03, 9.44e-01]
7000 [6.70e-01, 2.32e-02, 1.62e+00, 4.28e-01, 4.26e-06, 9.26e-01]
7700 [7.35e-01, 2.93e-02, 1.65e+00, 1.97e-01, 3.76e-04, 8.99e-01]
8400 [7.89e-01, 3.67e-02, 1.68e+00, 2.65e-04, 5.15e-03, 8.65e-01]
9100 [8.60e-01, 4.54e-02, 1.70e+00, 3.42e-04, 2.57e-02, 8.14e-01]
9800 [9.24e-01, 5.58e-02, 1.71e+00, 4.14e-04, 7.06e-02, 7.41e-01]
10500 [9.78e-01, 6.93e-02, 1.71e+00, 4.65e-04, 1.52e-01, 6.39e-01]
11200 [1.02e+00, 8.76e-02, 1.70e+00, 4.86e-04, 2.91e-01, 5.05e-01]
11900 [1.05e+00, 1.13e-01, 1.68e+00, 4.78e-04, 4.90e-01, 3.41e-01]
12600 [1.07e+00, 1.43e-01, 1.65e+00, 4.54e-04, 6.84e-01, 1.57e-01]
13300 [1.08e+00, 1.73e-01, 1.62e+00, 4.49e-04, 7.92e-01, 1.19e-05]
14000 [1.06e+00, 2.00e-01, 1.59e+00, 6.01e-04, 7.91e-01, 4.61e-05]
14700 [1.04e+00, 2.23e-01, 1.56e+00, 6.08e-04, 7.46e-01, 7.74e-05]
15400 [1.03e+00, 2.42e-01, 1.54e+00, 5.81e-04, 6.95e-01, 6.98e-05]
16100 [1.01e+00, 2.59e-01, 1.52e+00, 5.87e-04, 6.49e-01, 1.00e-04]
16800 [9.75e-01, 2.73e-01, 1.51e+00, 5.24e-04, 6.01e-01, 1.65e-04]
17500 [9.44e-01, 2.85e-01, 1.49e+00, 4.13e-04, 5.62e-01, 2.28e-04]
18200 [9.26e-01, 2.97e-01, 1.48e+00, 3.85e-04, 5.36e-01, 2.52e-04]
18900 [9.12e-01, 3.09e-01, 1.47e+00, 3.84e-04, 5.10e-01, 2.69e-04]
19600 [8.99e-01, 3.21e-01, 1.46e+00, 3.85e-04, 4.78e-01, 2.79e-04]
20300 [8.87e-01, 3.32e-01, 1.45e+00, 3.86e-04, 4.39e-01, 2.86e-04]
21000 [8.73e-01, 3.44e-01, 1.44e+00, 3.87e-04, 3.95e-01, 2.91e-04]
21700 [8.59e-01, 3.55e-01, 1.43e+00, 3.88e-04, 3.43e-01, 2.96e-04]
22400 [8.45e-01, 3.67e-01, 1.42e+00, 3.90e-04, 2.82e-01, 3.02e-04]
23100 [8.29e-01, 3.78e-01, 1.41e+00, 3.94e-04, 2.05e-01, 3.10e-04]
23800 [8.13e-01, 3.88e-01, 1.40e+00, 4.00e-04, 9.34e-02, 3.20e-04]
24500 [7.96e-01, 3.99e-01, 1.39e+00, 4.03e-04, 4.77e-09, 3.31e-04]
25200 [7.81e-01, 4.08e-01, 1.38e+00, 3.97e-04, 2.08e-08, 3.26e-04]
25900 [7.67e-01, 4.17e-01, 1.37e+00, 3.93e-04, 7.37e-09, 3.22e-04]
26600 [7.52e-01, 4.25e-01, 1.36e+00, 4.35e-04, 1.45e-04, 3.61e-04]
27300 [6.91e-01, 4.31e-01, 1.35e+00, 5.70e-04, 3.99e-04, 5.43e-04]
28000 [6.74e-01, 4.38e-01, 1.34e+00, 5.50e-04, 9.01e-05, 5.48e-04]
28700 [6.63e-01, 4.44e-01, 1.33e+00, 5.48e-04, 2.23e-05, 5.45e-04]
29400 [6.52e-01, 4.51e-01, 1.32e+00, 5.45e-04, 2.26e-04, 5.42e-04]
30100 [6.44e-01, 4.56e-01, 1.32e+00, 5.43e-04, 3.33e-03, 5.41e-04]
30800 [6.41e-01, 4.62e-01, 1.31e+00, 5.45e-04, 1.08e-02, 5.42e-04]
31500 [6.17e-01, 4.67e-01, 1.30e+00, 4.19e-04, 5.65e-03, 4.04e-04]
32200 [6.22e-01, 4.72e-01, 1.30e+00, 4.16e-04, 2.40e-02, 3.99e-04]
32900 [5.97e-01, 4.76e-01, 1.29e+00, 3.42e-04, 1.06e-02, 3.31e-04]
33600 [6.01e-01, 4.81e-01, 1.29e+00, 3.35e-04, 4.25e-02, 3.08e-04]
34300 [5.70e-01, 4.85e-01, 1.28e+00, 4.77e-04, 1.61e-02, 4.61e-04]
35000 [5.44e-01, 4.88e-01, 1.28e+00, 3.25e-04, 8.73e-04, 2.90e-04]
35700 [5.65e-01, 4.92e-01, 1.28e+00, 3.20e-04, 4.17e-02, 2.88e-04]
36400 [5.46e-01, 4.96e-01, 1.27e+00, 4.85e-04, 4.36e-02, 4.67e-04]
37100 [5.29e-01, 4.99e-01, 1.27e+00, 6.28e-04, 5.04e-02, 6.04e-04]
37800 [5.48e-01, 5.03e-01, 1.27e+00, 5.71e-04, 1.03e-01, 5.11e-04]
38500 [5.17e-01, 5.06e-01, 1.26e+00, 3.77e-04, 8.93e-02, 3.07e-04]
39200 [4.93e-01, 5.08e-01, 1.26e+00, 6.12e-04, 8.82e-02, 6.15e-04]
39900 [5.21e-01, 5.12e-01, 1.26e+00, 2.15e-04, 1.43e-01, 1.73e-04]
40600 [5.11e-01, 5.15e-01, 1.26e+00, 4.55e-04, 1.56e-01, 4.63e-04]
41300 [4.84e-01, 5.17e-01, 1.25e+00, 2.96e-04, 1.47e-01, 2.85e-04]
42000 [5.11e-01, 5.21e-01, 1.25e+00, 6.64e-04, 1.95e-01, 7.18e-04]
42700 [5.04e-01, 5.24e-01, 1.25e+00, 4.21e-04, 2.06e-01, 4.02e-04]
43400 [4.69e-01, 5.26e-01, 1.25e+00, 6.96e-04, 1.79e-01, 8.24e-04]
44100 [5.12e-01, 5.29e-01, 1.25e+00, 7.61e-04, 2.48e-01, 7.51e-04]
44800 [5.05e-01, 5.32e-01, 1.25e+00, 4.49e-04, 2.55e-01, 3.79e-04]
45500 [4.90e-01, 5.34e-01, 1.24e+00, 1.27e-04, 2.45e-01, 1.03e-04]
46200 [4.85e-01, 5.36e-01, 1.24e+00, 4.32e-04, 2.52e-01, 5.32e-04]
46900 [5.05e-01, 5.39e-01, 1.24e+00, 4.54e-04, 2.90e-01, 5.01e-04]
47600 [4.79e-01, 5.41e-01, 1.24e+00, 2.30e-04, 2.59e-01, 2.76e-04]
48300 [4.89e-01, 5.43e-01, 1.24e+00, 3.93e-04, 2.87e-01, 3.50e-04]
49000 [4.75e-01, 5.45e-01, 1.24e+00, 2.51e-04, 2.74e-01, 2.92e-04]
49700 [4.76e-01, 5.48e-01, 1.23e+00, 3.90e-04, 2.84e-01, 2.69e-04]
50400 [4.43e-01, 5.49e-01, 1.23e+00, 9.21e-05, 2.48e-01, 1.41e-04]
51100 [4.61e-01, 5.52e-01, 1.23e+00, 3.02e-04, 2.80e-01, 2.80e-04]
51800 [4.53e-01, 5.54e-01, 1.23e+00, 8.84e-04, 2.74e-01, 7.84e-04]
52500 [4.78e-01, 5.56e-01, 1.23e+00, 6.83e-04, 3.07e-01, 5.48e-04]
53200 [4.58e-01, 5.58e-01, 1.23e+00, 3.13e-04, 2.90e-01, 6.53e-05]
53900 [4.77e-01, 5.60e-01, 1.23e+00, 8.18e-05, 3.06e-01, 8.10e-05]
54600 [4.38e-01, 5.61e-01, 1.23e+00, 7.90e-04, 2.70e-01, 7.05e-04]
55300 [4.70e-01, 5.64e-01, 1.23e+00, 1.34e-04, 3.02e-01, 2.10e-04]
56000 [4.77e-01, 5.66e-01, 1.23e+00, 4.66e-04, 3.20e-01, 5.57e-04]
56700 [4.77e-01, 5.68e-01, 1.23e+00, 6.44e-04, 3.18e-01, 6.53e-04]
57400 [4.78e-01, 5.69e-01, 1.23e+00, 3.51e-04, 3.20e-01, 2.88e-04]
58100 [4.71e-01, 5.71e-01, 1.22e+00, 5.96e-04, 3.07e-01, 6.16e-04]
58800 [4.60e-01, 5.73e-01, 1.22e+00, 9.90e-04, 3.04e-01, 6.30e-04]
59500 [4.61e-01, 5.75e-01, 1.22e+00, 6.92e-04, 2.90e-01, 6.86e-04]
60200 [4.75e-01, 5.76e-01, 1.22e+00, 5.33e-04, 3.18e-01, 5.55e-04]
60900 [4.61e-01, 5.78e-01, 1.22e+00, 1.20e-04, 2.90e-01, 1.19e-04]
61600 [4.74e-01, 5.80e-01, 1.22e+00, 8.28e-04, 3.15e-01, 7.22e-04]
62300 [4.45e-01, 5.80e-01, 1.22e+00, 2.51e-07, 2.73e-01, 7.86e-05]
63000 [4.66e-01, 5.82e-01, 1.22e+00, 1.98e-04, 3.01e-01, 2.32e-04]
63700 [4.57e-01, 5.84e-01, 1.22e+00, 5.82e-04, 2.85e-01, 6.43e-04]
64400 [4.74e-01, 5.86e-01, 1.22e+00, 2.87e-04, 3.13e-01, 3.01e-04]
65100 [4.60e-01, 5.87e-01, 1.22e+00, 4.58e-04, 2.86e-01, 3.71e-04]
65800 [4.38e-01, 5.88e-01, 1.22e+00, 1.91e-04, 2.59e-01, 1.07e-04]
66500 [4.59e-01, 5.90e-01, 1.22e+00, 3.06e-04, 2.89e-01, 2.69e-04]
67200 [4.54e-01, 5.91e-01, 1.21e+00, 7.94e-04, 2.76e-01, 7.19e-04]
67900 [4.68e-01, 5.93e-01, 1.22e+00, 3.67e-04, 3.01e-01, 2.96e-04]
68600 [4.58e-01, 5.94e-01, 1.21e+00, 5.82e-04, 2.84e-01, 5.01e-04]
69300 [4.36e-01, 5.95e-01, 1.21e+00, 4.33e-04, 2.50e-01, 3.59e-04]
70000 [4.57e-01, 5.97e-01, 1.21e+00, 5.69e-04, 2.83e-01, 3.39e-04]
