0 [1.85e+00, 6.12e-01, 4.11e-02, -2.44e-02, 2.33e+00, 6.30e-02, 1.02e+00, 6.09e+00, -1.66e-01, 1.17e-01, 1.62e+01]
100 [1.84e+00, 6.05e-01, 4.40e-02, -2.16e-02, 2.31e+00, 9.13e-02, 1.00e+00, 6.08e+00, -1.67e-01, 9.75e-02, 1.61e+01]
200 [1.84e+00, 5.41e-01, 4.38e-02, -2.15e-02, 2.31e+00, 1.09e-01, 1.00e+00, 6.08e+00, -1.64e-01, 8.63e-02, 1.61e+01]
300 [1.84e+00, 4.06e-01, 4.32e-02, -2.14e-02, 2.31e+00, 1.27e-01, 1.00e+00, 6.08e+00, -1.62e-01, 7.69e-02, 1.61e+01]
400 [1.84e+00, 2.85e-01, 4.26e-02, -2.13e-02, 2.31e+00, 1.43e-01, 1.00e+00, 6.08e+00, -1.61e-01, 7.13e-02, 1.61e+01]
500 [1.84e+00, 1.82e-01, 4.21e-02, -2.13e-02, 2.31e+00, 1.58e-01, 1.00e+00, 6.08e+00, -1.59e-01, 6.69e-02, 1.60e+01]
600 [1.84e+00, 1.09e-01, 4.17e-02, -2.13e-02, 2.31e+00, 1.71e-01, 1.00e+00, 6.08e+00, -1.58e-01, 6.18e-02, 1.60e+01]
700 [1.84e+00, 6.97e-02, 4.13e-02, -2.13e-02, 2.31e+00, 1.81e-01, 1.00e+00, 6.08e+00, -1.57e-01, 5.84e-02, 1.60e+01]
800 [1.84e+00, 5.20e-02, 4.10e-02, -2.12e-02, 2.31e+00, 1.89e-01, 1.00e+00, 6.08e+00, -1.57e-01, 5.61e-02, 1.60e+01]
900 [1.84e+00, 4.25e-02, 4.09e-02, -2.12e-02, 2.31e+00, 1.96e-01, 1.00e+00, 6.08e+00, -1.56e-01, 5.41e-02, 1.60e+01]
1000 [1.84e+00, 3.65e-02, 4.09e-02, -2.12e-02, 2.31e+00, 2.01e-01, 1.00e+00, 6.08e+00, -1.56e-01, 5.20e-02, 1.60e+01]
1100 [1.84e+00, 3.26e-02, 4.10e-02, -2.12e-02, 2.31e+00, 2.05e-01, 1.00e+00, 6.08e+00, -1.56e-01, 4.98e-02, 1.60e+01]
1200 [1.84e+00, 3.02e-02, 4.11e-02, -2.12e-02, 2.31e+00, 2.08e-01, 1.00e+00, 6.08e+00, -1.56e-01, 4.75e-02, 1.60e+01]
1300 [1.84e+00, 2.88e-02, 4.12e-02, -2.12e-02, 2.31e+00, 2.11e-01, 1.00e+00, 6.08e+00, -1.56e-01, 4.52e-02, 1.60e+01]
1400 [1.84e+00, 2.83e-02, 4.14e-02, -2.12e-02, 2.31e+00, 2.13e-01, 1.00e+00, 6.08e+00, -1.56e-01, 4.31e-02, 1.60e+01]
1500 [1.84e+00, 2.82e-02, 4.16e-02, -2.12e-02, 2.31e+00, 2.15e-01, 1.00e+00, 6.08e+00, -1.56e-01, 4.13e-02, 1.60e+01]
1600 [1.84e+00, 2.85e-02, 4.18e-02, -2.12e-02, 2.31e+00, 2.17e-01, 1.00e+00, 6.08e+00, -1.56e-01, 3.97e-02, 1.60e+01]
1700 [1.84e+00, 2.90e-02, 4.21e-02, -2.12e-02, 2.31e+00, 2.18e-01, 1.00e+00, 6.08e+00, -1.56e-01, 3.83e-02, 1.60e+01]
1800 [1.84e+00, 2.96e-02, 4.23e-02, -2.12e-02, 2.31e+00, 2.19e-01, 1.00e+00, 6.08e+00, -1.56e-01, 3.72e-02, 1.60e+01]
1900 [1.84e+00, 3.02e-02, 4.26e-02, -2.12e-02, 2.31e+00, 2.20e-01, 1.00e+00, 6.08e+00, -1.56e-01, 3.64e-02, 1.60e+01]
2000 [1.84e+00, 3.07e-02, 4.28e-02, -2.12e-02, 2.31e+00, 2.21e-01, 1.00e+00, 6.08e+00, -1.56e-01, 3.57e-02, 1.60e+01]
2100 [1.84e+00, 3.13e-02, 4.31e-02, -2.12e-02, 2.31e+00, 2.21e-01, 1.00e+00, 6.08e+00, -1.56e-01, 3.52e-02, 1.60e+01]
2200 [1.84e+00, 3.18e-02, 4.34e-02, -2.12e-02, 2.31e+00, 2.21e-01, 1.00e+00, 6.08e+00, -1.56e-01, 3.49e-02, 1.60e+01]
2300 [1.84e+00, 3.23e-02, 4.37e-02, -2.12e-02, 2.31e+00, 2.22e-01, 1.00e+00, 6.08e+00, -1.56e-01, 3.47e-02, 1.60e+01]
2400 [1.84e+00, 3.28e-02, 4.40e-02, -2.11e-02, 2.31e+00, 2.22e-01, 1.00e+00, 6.08e+00, -1.56e-01, 3.46e-02, 1.60e+01]
2500 [1.84e+00, 3.32e-02, 4.43e-02, -2.11e-02, 2.31e+00, 2.22e-01, 1.00e+00, 6.08e+00, -1.56e-01, 3.46e-02, 1.60e+01]
2600 [1.84e+00, 3.37e-02, 4.47e-02, -2.11e-02, 2.31e+00, 2.22e-01, 1.00e+00, 6.08e+00, -1.56e-01, 3.46e-02, 1.60e+01]
2700 [1.84e+00, 3.42e-02, 4.50e-02, -2.11e-02, 2.31e+00, 2.23e-01, 1.00e+00, 6.08e+00, -1.57e-01, 3.47e-02, 1.60e+01]
2800 [1.84e+00, 3.47e-02, 4.54e-02, -2.11e-02, 2.31e+00, 2.23e-01, 1.00e+00, 6.08e+00, -1.57e-01, 3.49e-02, 1.60e+01]
2900 [1.84e+00, 3.51e-02, 4.58e-02, -2.11e-02, 2.31e+00, 2.23e-01, 1.00e+00, 6.08e+00, -1.57e-01, 3.51e-02, 1.60e+01]
3000 [1.84e+00, 3.56e-02, 4.62e-02, -2.11e-02, 2.31e+00, 2.23e-01, 1.00e+00, 6.08e+00, -1.57e-01, 3.53e-02, 1.60e+01]
3100 [1.84e+00, 3.61e-02, 4.66e-02, -2.11e-02, 2.31e+00, 2.23e-01, 1.00e+00, 6.08e+00, -1.57e-01, 3.55e-02, 1.60e+01]
3200 [1.84e+00, 3.66e-02, 4.70e-02, -2.11e-02, 2.31e+00, 2.24e-01, 1.00e+00, 6.08e+00, -1.57e-01, 3.58e-02, 1.60e+01]
3300 [1.84e+00, 3.71e-02, 4.74e-02, -2.11e-02, 2.31e+00, 2.24e-01, 1.00e+00, 6.08e+00, -1.58e-01, 3.61e-02, 1.60e+01]
3400 [1.84e+00, 3.76e-02, 4.78e-02, -2.11e-02, 2.31e+00, 2.24e-01, 1.00e+00, 6.08e+00, -1.58e-01, 3.64e-02, 1.60e+01]
3500 [1.84e+00, 3.81e-02, 4.83e-02, -2.11e-02, 2.31e+00, 2.25e-01, 1.00e+00, 6.08e+00, -1.58e-01, 3.67e-02, 1.60e+01]
3600 [1.84e+00, 3.85e-02, 4.87e-02, -2.11e-02, 2.31e+00, 2.25e-01, 1.00e+00, 6.08e+00, -1.58e-01, 3.70e-02, 1.60e+01]
3700 [1.84e+00, 3.89e-02, 4.95e-02, -2.13e-02, 2.31e+00, 2.26e-01, 1.00e+00, 6.08e+00, -1.58e-01, 3.75e-02, 1.60e+01]
3800 [1.83e+00, 4.02e-02, 5.03e-02, -2.14e-02, 2.31e+00, 2.26e-01, 1.00e+00, 6.08e+00, -1.58e-01, 3.79e-02, 1.60e+01]
3900 [1.83e+00, 3.98e-02, 5.08e-02, -2.14e-02, 2.31e+00, 2.27e-01, 1.00e+00, 6.08e+00, -1.59e-01, 3.83e-02, 1.60e+01]
4000 [1.83e+00, 4.04e-02, 5.27e-02, -2.22e-02, 2.31e+00, 2.27e-01, 1.00e+00, 6.08e+00, -1.58e-01, 3.93e-02, 1.60e+01]
4100 [1.83e+00, 4.16e-02, 5.32e-02, -2.23e-02, 2.31e+00, 2.28e-01, 1.00e+00, 6.08e+00, -1.58e-01, 3.99e-02, 1.60e+01]
4200 [1.83e+00, 4.16e-02, 5.37e-02, -2.22e-02, 2.31e+00, 2.28e-01, 1.00e+00, 6.08e+00, -1.58e-01, 4.05e-02, 1.60e+01]
4300 [1.83e+00, 4.19e-02, 5.42e-02, -2.22e-02, 2.31e+00, 2.29e-01, 1.00e+00, 6.08e+00, -1.59e-01, 4.11e-02, 1.60e+01]
4400 [1.82e+00, 4.21e-02, 5.54e-02, -2.26e-02, 2.31e+00, 2.30e-01, 1.00e+00, 6.08e+00, -1.58e-01, 4.20e-02, 1.60e+01]
4500 [1.81e+00, 4.55e-02, 5.80e-02, -2.39e-02, 2.31e+00, 2.29e-01, 1.00e+00, 6.08e+00, -1.57e-01, 4.40e-02, 1.60e+01]
4600 [1.81e+00, 4.42e-02, 5.85e-02, -2.39e-02, 2.31e+00, 2.30e-01, 1.00e+00, 6.08e+00, -1.58e-01, 4.52e-02, 1.60e+01]
4700 [1.81e+00, 4.41e-02, 5.90e-02, -2.39e-02, 2.31e+00, 2.31e-01, 1.00e+00, 6.08e+00, -1.58e-01, 4.64e-02, 1.60e+01]
4800 [1.81e+00, 4.43e-02, 5.95e-02, -2.39e-02, 2.31e+00, 2.32e-01, 1.00e+00, 6.08e+00, -1.58e-01, 4.76e-02, 1.60e+01]
4900 [1.81e+00, 4.44e-02, 6.00e-02, -2.39e-02, 2.31e+00, 2.34e-01, 1.00e+00, 6.08e+00, -1.59e-01, 4.87e-02, 1.60e+01]
5000 [1.81e+00, 4.46e-02, 6.06e-02, -2.39e-02, 2.31e+00, 2.35e-01, 1.00e+00, 6.08e+00, -1.59e-01, 4.97e-02, 1.60e+01]
5100 [1.79e+00, 4.53e-02, 6.46e-02, -2.59e-02, 2.31e+00, 2.32e-01, 1.00e+00, 6.08e+00, -1.57e-01, 5.14e-02, 1.60e+01]
5200 [1.78e+00, 4.77e-02, 6.65e-02, -2.67e-02, 2.31e+00, 2.30e-01, 1.00e+00, 6.08e+00, -1.57e-01, 5.36e-02, 1.60e+01]
5300 [1.78e+00, 4.66e-02, 6.70e-02, -2.67e-02, 2.31e+00, 2.32e-01, 1.00e+00, 6.08e+00, -1.57e-01, 5.51e-02, 1.60e+01]
5400 [1.78e+00, 4.65e-02, 6.75e-02, -2.67e-02, 2.31e+00, 2.34e-01, 1.00e+00, 6.08e+00, -1.58e-01, 5.67e-02, 1.59e+01]
5500 [1.78e+00, 4.65e-02, 6.80e-02, -2.67e-02, 2.31e+00, 2.36e-01, 1.00e+00, 6.08e+00, -1.58e-01, 5.82e-02, 1.59e+01]
5600 [1.78e+00, 4.66e-02, 6.85e-02, -2.67e-02, 2.31e+00, 2.38e-01, 1.00e+00, 6.08e+00, -1.59e-01, 5.96e-02, 1.59e+01]
5700 [1.78e+00, 4.67e-02, 6.90e-02, -2.67e-02, 2.31e+00, 2.40e-01, 1.00e+00, 6.08e+00, -1.59e-01, 6.09e-02, 1.59e+01]
5800 [1.78e+00, 4.68e-02, 6.95e-02, -2.68e-02, 2.31e+00, 2.42e-01, 1.00e+00, 6.08e+00, -1.59e-01, 6.22e-02, 1.59e+01]
5900 [1.78e+00, 4.70e-02, 7.01e-02, -2.68e-02, 2.31e+00, 2.45e-01, 1.00e+00, 6.08e+00, -1.60e-01, 6.33e-02, 1.59e+01]
6000 [1.78e+00, 4.71e-02, 7.06e-02, -2.68e-02, 2.31e+00, 2.48e-01, 1.00e+00, 6.08e+00, -1.60e-01, 6.44e-02, 1.59e+01]
6100 [1.75e+00, 4.89e-02, 7.64e-02, -2.96e-02, 2.31e+00, 2.31e-01, 1.00e+00, 6.08e+00, -1.58e-01, 6.43e-02, 1.59e+01]
6200 [1.75e+00, 4.82e-02, 7.69e-02, -2.97e-02, 2.31e+00, 2.36e-01, 1.00e+00, 6.08e+00, -1.58e-01, 6.56e-02, 1.59e+01]
6300 [1.75e+00, 4.81e-02, 7.73e-02, -2.97e-02, 2.31e+00, 2.39e-01, 1.00e+00, 6.08e+00, -1.59e-01, 6.71e-02, 1.59e+01]
6400 [1.75e+00, 4.81e-02, 7.77e-02, -2.97e-02, 2.31e+00, 2.42e-01, 1.00e+00, 6.08e+00, -1.59e-01, 6.84e-02, 1.59e+01]
6500 [1.75e+00, 4.82e-02, 7.82e-02, -2.97e-02, 2.31e+00, 2.46e-01, 1.00e+00, 6.08e+00, -1.60e-01, 6.97e-02, 1.59e+01]
6600 [1.75e+00, 4.83e-02, 7.86e-02, -2.97e-02, 2.31e+00, 2.49e-01, 1.00e+00, 6.08e+00, -1.60e-01, 7.08e-02, 1.59e+01]
6700 [1.75e+00, 4.84e-02, 7.90e-02, -2.98e-02, 2.31e+00, 2.52e-01, 1.00e+00, 6.08e+00, -1.61e-01, 7.19e-02, 1.59e+01]
6800 [1.75e+00, 4.85e-02, 7.94e-02, -2.98e-02, 2.31e+00, 2.56e-01, 1.00e+00, 6.08e+00, -1.61e-01, 7.28e-02, 1.59e+01]
6900 [1.75e+00, 4.86e-02, 7.98e-02, -2.98e-02, 2.31e+00, 2.60e-01, 1.00e+00, 6.08e+00, -1.62e-01, 7.35e-02, 1.59e+01]
7000 [1.71e+00, 5.04e-02, 8.68e-02, -3.32e-02, 2.31e+00, 2.24e-01, 1.00e+00, 6.08e+00, -1.59e-01, 7.58e-02, 1.59e+01]
7100 [1.71e+00, 4.95e-02, 8.70e-02, -3.32e-02, 2.31e+00, 2.32e-01, 1.00e+00, 6.08e+00, -1.60e-01, 7.60e-02, 1.59e+01]
7200 [1.71e+00, 4.94e-02, 8.72e-02, -3.32e-02, 2.31e+00, 2.39e-01, 1.00e+00, 6.08e+00, -1.60e-01, 7.64e-02, 1.59e+01]
7300 [1.71e+00, 4.94e-02, 8.73e-02, -3.33e-02, 2.31e+00, 2.45e-01, 1.00e+00, 6.08e+00, -1.61e-01, 7.67e-02, 1.59e+01]
7400 [1.71e+00, 4.95e-02, 8.74e-02, -3.33e-02, 2.31e+00, 2.51e-01, 1.00e+00, 6.08e+00, -1.61e-01, 7.70e-02, 1.59e+01]
7500 [1.71e+00, 4.96e-02, 8.75e-02, -3.33e-02, 2.31e+00, 2.57e-01, 1.00e+00, 6.08e+00, -1.61e-01, 7.72e-02, 1.59e+01]
7600 [1.71e+00, 4.97e-02, 8.75e-02, -3.34e-02, 2.31e+00, 2.62e-01, 1.00e+00, 6.08e+00, -1.62e-01, 7.72e-02, 1.59e+01]
7700 [1.71e+00, 4.98e-02, 8.76e-02, -3.34e-02, 2.31e+00, 2.68e-01, 1.00e+00, 6.08e+00, -1.62e-01, 7.71e-02, 1.59e+01]
7800 [1.69e+00, 4.85e-02, 9.11e-02, -3.50e-02, 2.31e+00, 2.60e-01, 1.00e+00, 6.08e+00, -1.61e-01, 7.66e-02, 1.59e+01]
7900 [1.66e+00, 5.06e-02, 9.54e-02, -3.77e-02, 2.31e+00, 2.42e-01, 1.00e+00, 6.08e+00, -1.69e-01, 6.66e-02, 1.59e+01]
8000 [1.66e+00, 5.06e-02, 9.51e-02, -3.77e-02, 2.31e+00, 2.51e-01, 1.00e+00, 6.08e+00, -1.70e-01, 6.71e-02, 1.59e+01]
8100 [1.66e+00, 5.06e-02, 9.48e-02, -3.78e-02, 2.31e+00, 2.60e-01, 1.00e+00, 6.08e+00, -1.70e-01, 6.76e-02, 1.59e+01]
8200 [1.66e+00, 5.07e-02, 9.44e-02, -3.79e-02, 2.31e+00, 2.68e-01, 1.00e+00, 6.08e+00, -1.71e-01, 6.79e-02, 1.59e+01]
8300 [1.66e+00, 5.08e-02, 9.41e-02, -3.79e-02, 2.31e+00, 2.76e-01, 1.00e+00, 6.08e+00, -1.71e-01, 6.82e-02, 1.59e+01]
8400 [1.66e+00, 5.09e-02, 9.37e-02, -3.80e-02, 2.31e+00, 2.83e-01, 1.00e+00, 6.08e+00, -1.72e-01, 6.83e-02, 1.59e+01]
8500 [1.66e+00, 5.11e-02, 9.34e-02, -3.80e-02, 2.31e+00, 2.35e-01, 1.00e+00, 6.08e+00, -1.73e-01, 7.34e-02, 1.59e+01]
8600 [1.66e+00, 5.13e-02, 9.30e-02, -3.81e-02, 2.31e+00, 2.45e-01, 1.00e+00, 6.08e+00, -1.73e-01, 7.29e-02, 1.59e+01]
8700 [1.64e+00, 5.19e-02, 9.74e-02, -4.02e-02, 2.31e+00, 2.52e-01, 1.00e+00, 6.08e+00, -1.73e-01, 6.69e-02, 1.59e+01]
8800 [1.64e+00, 5.19e-02, 9.68e-02, -4.03e-02, 2.31e+00, 2.61e-01, 1.00e+00, 6.08e+00, -1.74e-01, 6.63e-02, 1.59e+01]
8900 [1.64e+00, 5.20e-02, 9.62e-02, -4.03e-02, 2.31e+00, 2.70e-01, 1.00e+00, 6.08e+00, -1.75e-01, 6.58e-02, 1.59e+01]
9000 [1.64e+00, 5.21e-02, 9.56e-02, -4.04e-02, 2.31e+00, 2.79e-01, 1.00e+00, 6.08e+00, -1.75e-01, 6.54e-02, 1.59e+01]
9100 [1.64e+00, 5.23e-02, 9.50e-02, -4.05e-02, 2.31e+00, 2.78e-01, 1.00e+00, 6.08e+00, -1.76e-01, 6.63e-02, 1.59e+01]
9200 [1.59e+00, 5.21e-02, 1.01e-01, -4.29e-02, 2.31e+00, 2.26e-01, 1.00e+00, 6.08e+00, -1.80e-01, 6.03e-02, 1.59e+01]
9300 [1.59e+00, 5.28e-02, 9.99e-02, -4.30e-02, 2.31e+00, 2.38e-01, 1.00e+00, 6.08e+00, -1.81e-01, 6.10e-02, 1.59e+01]
9400 [1.59e+00, 5.29e-02, 9.88e-02, -4.31e-02, 2.31e+00, 2.49e-01, 1.00e+00, 6.08e+00, -1.82e-01, 6.13e-02, 1.59e+01]
9500 [1.59e+00, 5.31e-02, 9.78e-02, -4.32e-02, 2.31e+00, 2.59e-01, 1.00e+00, 6.08e+00, -1.83e-01, 6.14e-02, 1.59e+01]
9600 [1.59e+00, 5.33e-02, 9.68e-02, -4.32e-02, 2.31e+00, 2.68e-01, 1.00e+00, 6.08e+00, -1.84e-01, 6.14e-02, 1.59e+01]
9700 [1.60e+00, 5.35e-02, 9.60e-02, -4.33e-02, 2.31e+00, 2.78e-01, 1.00e+00, 6.08e+00, -1.85e-01, 6.13e-02, 1.59e+01]
9800 [1.54e+00, 5.06e-02, 1.05e-01, -4.85e-02, 2.29e+00, 1.21e-01, 1.00e+00, 6.08e+00, -1.45e-01, 7.99e-02, 1.58e+01]
9900 [1.54e+00, 5.41e-02, 1.04e-01, -4.87e-02, 2.29e+00, 1.23e-01, 1.00e+00, 6.08e+00, -1.47e-01, 7.57e-02, 1.58e+01]
10000 [1.54e+00, 5.45e-02, 1.03e-01, -4.88e-02, 2.29e+00, 1.36e-01, 1.00e+00, 6.08e+00, -1.47e-01, 7.47e-02, 1.58e+01]
10000 [1.54e+00, 5.45e-02, 1.03e-01, -4.88e-02, 2.29e+00, 1.36e-01, 1.00e+00, 6.08e+00, -1.47e-01, 7.47e-02, 1.58e+01]
10100 [1.52e+00, 5.39e-02, 1.17e-01, -5.56e-02, 2.27e+00, 1.13e-01, 1.00e+00, 6.07e+00, -1.54e-01, 8.21e-02, 1.57e+01]
10200 [1.52e+00, 5.28e-02, 1.14e-01, -5.53e-02, 2.27e+00, 1.18e-01, 1.00e+00, 6.07e+00, -1.54e-01, 8.15e-02, 1.57e+01]
10300 [1.52e+00, 5.34e-02, 1.12e-01, -5.49e-02, 2.27e+00, 1.23e-01, 1.00e+00, 6.07e+00, -1.55e-01, 8.06e-02, 1.57e+01]
10400 [1.52e+00, 5.39e-02, 1.10e-01, -5.47e-02, 2.27e+00, 1.29e-01, 1.00e+00, 6.07e+00, -1.55e-01, 7.96e-02, 1.57e+01]
10500 [1.52e+00, 5.43e-02, 1.07e-01, -5.45e-02, 2.27e+00, 1.36e-01, 1.00e+00, 6.07e+00, -1.55e-01, 7.87e-02, 1.57e+01]
10600 [1.52e+00, 5.48e-02, 1.05e-01, -5.43e-02, 2.27e+00, 1.43e-01, 1.00e+00, 6.07e+00, -1.56e-01, 7.78e-02, 1.57e+01]
10700 [1.52e+00, 5.53e-02, 1.02e-01, -5.42e-02, 2.27e+00, 1.50e-01, 1.00e+00, 6.07e+00, -1.56e-01, 7.70e-02, 1.57e+01]
10800 [1.52e+00, 5.57e-02, 1.00e-01, -5.42e-02, 2.27e+00, 1.58e-01, 1.00e+00, 6.07e+00, -1.57e-01, 7.63e-02, 1.57e+01]
10900 [1.52e+00, 5.62e-02, 9.79e-02, -5.41e-02, 2.27e+00, 1.65e-01, 1.00e+00, 6.07e+00, -1.58e-01, 7.57e-02, 1.57e+01]
11000 [1.52e+00, 5.66e-02, 9.59e-02, -5.41e-02, 2.27e+00, 1.72e-01, 1.00e+00, 6.07e+00, -1.58e-01, 7.51e-02, 1.57e+01]
11100 [1.47e+00, 5.63e-02, 1.15e-01, -7.21e-02, 2.23e+00, 1.75e-01, 1.00e+00, 6.07e+00, -1.60e-01, 7.16e-02, 1.57e+01]
11200 [1.47e+00, 5.64e-02, 1.10e-01, -7.21e-02, 2.23e+00, 1.82e-01, 1.00e+00, 6.07e+00, -1.60e-01, 7.03e-02, 1.57e+01]
11300 [1.47e+00, 5.69e-02, 1.06e-01, -7.22e-02, 2.23e+00, 1.89e-01, 1.00e+00, 6.07e+00, -1.61e-01, 6.91e-02, 1.57e+01]
11400 [1.47e+00, 5.73e-02, 1.02e-01, -7.22e-02, 2.23e+00, 1.96e-01, 1.00e+00, 6.07e+00, -1.62e-01, 6.79e-02, 1.57e+01]
11500 [1.47e+00, 5.77e-02, 9.93e-02, -7.22e-02, 2.23e+00, 2.04e-01, 1.00e+00, 6.07e+00, -1.62e-01, 6.69e-02, 1.57e+01]
11600 [1.47e+00, 5.80e-02, 9.66e-02, -7.23e-02, 2.23e+00, 2.11e-01, 1.00e+00, 6.07e+00, -1.63e-01, 6.61e-02, 1.57e+01]
11700 [1.47e+00, 5.83e-02, 9.43e-02, -7.24e-02, 2.23e+00, 2.18e-01, 1.00e+00, 6.07e+00, -1.65e-01, 6.54e-02, 1.57e+01]
11800 [1.47e+00, 5.87e-02, 9.24e-02, -7.24e-02, 2.23e+00, 2.25e-01, 1.00e+00, 6.07e+00, -1.66e-01, 6.49e-02, 1.57e+01]
11900 [1.42e+00, 5.63e-02, 9.14e-02, -8.02e-02, 2.20e+00, 9.27e-02, 1.00e+00, 6.08e+00, -1.98e-01, 1.24e-01, 1.57e+01]
12000 [1.42e+00, 5.98e-02, 9.15e-02, -7.83e-02, 2.20e+00, 8.65e-02, 1.00e+00, 6.08e+00, -1.99e-01, 1.19e-01, 1.57e+01]
12100 [1.42e+00, 6.00e-02, 9.35e-02, -7.83e-02, 2.20e+00, 9.08e-02, 1.00e+00, 6.08e+00, -1.98e-01, 1.17e-01, 1.57e+01]
12200 [1.42e+00, 5.99e-02, 9.55e-02, -7.83e-02, 2.20e+00, 9.52e-02, 1.00e+00, 6.08e+00, -1.97e-01, 1.15e-01, 1.57e+01]
12300 [1.42e+00, 5.99e-02, 9.69e-02, -7.81e-02, 2.20e+00, 9.96e-02, 1.00e+00, 6.08e+00, -1.97e-01, 1.13e-01, 1.57e+01]
12400 [1.42e+00, 5.99e-02, 9.79e-02, -7.79e-02, 2.20e+00, 1.04e-01, 1.00e+00, 6.08e+00, -1.96e-01, 1.11e-01, 1.57e+01]
12500 [1.42e+00, 5.99e-02, 9.84e-02, -7.76e-02, 2.20e+00, 1.09e-01, 1.00e+00, 6.08e+00, -1.95e-01, 1.09e-01, 1.57e+01]
12600 [1.42e+00, 6.00e-02, 9.86e-02, -7.73e-02, 2.20e+00, 1.13e-01, 1.00e+00, 6.08e+00, -1.95e-01, 1.07e-01, 1.57e+01]
12700 [1.37e+00, 5.67e-02, 1.13e-01, -8.68e-02, 2.09e+00, 1.17e-01, 1.00e+00, 6.09e+00, -1.69e-01, 1.03e-01, 1.56e+01]
12800 [1.36e+00, 5.98e-02, 1.11e-01, -8.55e-02, 2.06e+00, 1.21e-01, 1.00e+00, 6.10e+00, -1.58e-01, 1.00e-01, 1.56e+01]
12900 [1.36e+00, 6.04e-02, 1.07e-01, -8.54e-02, 2.06e+00, 1.26e-01, 1.00e+00, 6.10e+00, -1.58e-01, 9.88e-02, 1.56e+01]
13000 [1.36e+00, 6.05e-02, 1.05e-01, -8.53e-02, 2.06e+00, 1.30e-01, 1.00e+00, 6.10e+00, -1.58e-01, 9.75e-02, 1.56e+01]
13100 [1.36e+00, 6.06e-02, 1.02e-01, -8.51e-02, 2.06e+00, 1.35e-01, 1.00e+00, 6.10e+00, -1.58e-01, 9.62e-02, 1.56e+01]
13200 [1.36e+00, 6.07e-02, 1.00e-01, -8.49e-02, 2.06e+00, 1.40e-01, 1.00e+00, 6.10e+00, -1.59e-01, 9.50e-02, 1.56e+01]
13300 [1.36e+00, 6.09e-02, 9.82e-02, -8.47e-02, 2.06e+00, 1.44e-01, 1.00e+00, 6.10e+00, -1.59e-01, 9.38e-02, 1.56e+01]
13400 [1.36e+00, 6.11e-02, 9.63e-02, -8.45e-02, 2.06e+00, 1.49e-01, 1.00e+00, 6.10e+00, -1.59e-01, 9.27e-02, 1.56e+01]
13500 [1.30e+00, 5.76e-02, 1.09e-01, -9.64e-02, 2.06e+00, 1.53e-01, 1.00e+00, 6.10e+00, -1.61e-01, 8.97e-02, 1.56e+01]
13600 [1.30e+00, 6.03e-02, 1.05e-01, -9.68e-02, 2.06e+00, 1.57e-01, 1.00e+00, 6.09e+00, -1.61e-01, 8.79e-02, 1.56e+01]
13700 [1.30e+00, 6.08e-02, 1.02e-01, -9.63e-02, 2.06e+00, 1.62e-01, 1.00e+00, 6.09e+00, -1.62e-01, 8.66e-02, 1.56e+01]
13800 [1.30e+00, 6.10e-02, 9.85e-02, -9.59e-02, 2.06e+00, 1.67e-01, 1.00e+00, 6.09e+00, -1.62e-01, 8.53e-02, 1.56e+01]
13900 [1.30e+00, 6.13e-02, 9.59e-02, -9.54e-02, 2.06e+00, 1.71e-01, 1.00e+00, 6.09e+00, -1.63e-01, 8.41e-02, 1.56e+01]
14000 [1.30e+00, 6.15e-02, 9.36e-02, -9.50e-02, 2.06e+00, 1.76e-01, 1.00e+00, 6.09e+00, -1.64e-01, 8.30e-02, 1.56e+01]
14100 [1.30e+00, 6.17e-02, 9.15e-02, -9.45e-02, 2.06e+00, 1.81e-01, 1.00e+00, 6.09e+00, -1.65e-01, 8.19e-02, 1.56e+01]
14200 [1.30e+00, 6.20e-02, 8.96e-02, -9.41e-02, 2.06e+00, 1.85e-01, 1.00e+00, 6.09e+00, -1.65e-01, 8.09e-02, 1.56e+01]
14300 [1.30e+00, 6.20e-02, 8.86e-02, -9.40e-02, 2.06e+00, 1.90e-01, 1.00e+00, 6.09e+00, -1.66e-01, 7.99e-02, 1.56e+01]
14400 [1.23e+00, 6.09e-02, 1.02e-01, -1.14e-01, 2.04e+00, 1.93e-01, 1.00e+00, 6.10e+00, -1.66e-01, 7.63e-02, 1.56e+01]
14500 [1.23e+00, 6.13e-02, 9.75e-02, -1.13e-01, 2.04e+00, 1.97e-01, 1.00e+00, 6.10e+00, -1.67e-01, 7.52e-02, 1.56e+01]
14600 [1.23e+00, 6.16e-02, 9.43e-02, -1.12e-01, 2.04e+00, 2.02e-01, 1.00e+00, 6.10e+00, -1.68e-01, 7.42e-02, 1.56e+01]
14700 [1.23e+00, 6.18e-02, 9.16e-02, -1.12e-01, 2.04e+00, 2.07e-01, 1.00e+00, 6.10e+00, -1.69e-01, 7.32e-02, 1.56e+01]
14800 [1.23e+00, 6.20e-02, 8.93e-02, -1.11e-01, 2.04e+00, 2.11e-01, 1.00e+00, 6.09e+00, -1.70e-01, 7.23e-02, 1.56e+01]
14900 [1.23e+00, 6.22e-02, 8.72e-02, -1.10e-01, 2.04e+00, 2.16e-01, 1.00e+00, 6.09e+00, -1.72e-01, 7.14e-02, 1.56e+01]
15000 [1.23e+00, 6.24e-02, 8.54e-02, -1.09e-01, 2.04e+00, 2.21e-01, 1.00e+00, 6.09e+00, -1.73e-01, 7.07e-02, 1.56e+01]
15100 [1.23e+00, 6.26e-02, 8.37e-02, -1.08e-01, 2.04e+00, 2.26e-01, 1.00e+00, 6.09e+00, -1.75e-01, 6.99e-02, 1.56e+01]
15200 [1.17e+00, 6.55e-02, 8.94e-02, -1.09e-01, 1.97e+00, 1.06e-01, 1.00e+00, 6.09e+00, -1.14e-01, 1.12e-01, 1.56e+01]
15300 [1.17e+00, 6.22e-02, 8.93e-02, -1.08e-01, 1.97e+00, 1.14e-01, 1.00e+00, 6.09e+00, -1.15e-01, 1.11e-01, 1.56e+01]
15400 [1.17e+00, 6.21e-02, 8.96e-02, -1.07e-01, 1.97e+00, 1.23e-01, 1.00e+00, 6.09e+00, -1.16e-01, 1.09e-01, 1.56e+01]
15500 [1.17e+00, 6.21e-02, 8.93e-02, -1.06e-01, 1.97e+00, 1.31e-01, 1.00e+00, 6.09e+00, -1.17e-01, 1.07e-01, 1.56e+01]
15600 [1.17e+00, 6.21e-02, 8.84e-02, -1.05e-01, 1.97e+00, 1.39e-01, 1.00e+00, 6.09e+00, -1.18e-01, 1.06e-01, 1.56e+01]
15700 [1.17e+00, 6.23e-02, 8.72e-02, -1.03e-01, 1.97e+00, 1.47e-01, 1.00e+00, 6.09e+00, -1.19e-01, 1.05e-01, 1.56e+01]
15800 [1.17e+00, 6.25e-02, 8.58e-02, -1.02e-01, 1.97e+00, 1.55e-01, 1.00e+00, 6.09e+00, -1.20e-01, 1.03e-01, 1.56e+01]
15900 [1.15e+00, 5.98e-02, 9.01e-02, -9.28e-02, 1.96e+00, 1.62e-01, 1.00e+00, 6.09e+00, -1.21e-01, 1.02e-01, 1.56e+01]
16000 [1.10e+00, 6.13e-02, 9.32e-02, -1.06e-01, 1.92e+00, 1.66e-01, 1.00e+00, 6.09e+00, -1.26e-01, 8.66e-02, 1.56e+01]
16100 [1.10e+00, 6.15e-02, 9.02e-02, -1.04e-01, 1.92e+00, 1.73e-01, 1.00e+00, 6.08e+00, -1.28e-01, 8.64e-02, 1.56e+01]
16200 [1.10e+00, 6.17e-02, 8.76e-02, -1.02e-01, 1.92e+00, 1.79e-01, 1.00e+00, 6.08e+00, -1.30e-01, 8.61e-02, 1.56e+01]
16300 [1.10e+00, 6.20e-02, 8.52e-02, -1.00e-01, 1.92e+00, 1.86e-01, 1.00e+00, 6.08e+00, -1.32e-01, 8.58e-02, 1.56e+01]
16400 [1.11e+00, 6.22e-02, 8.32e-02, -9.83e-02, 1.92e+00, 1.92e-01, 1.00e+00, 6.08e+00, -1.34e-01, 8.54e-02, 1.56e+01]
16500 [1.11e+00, 6.24e-02, 8.14e-02, -9.62e-02, 1.92e+00, 1.99e-01, 1.00e+00, 6.08e+00, -1.36e-01, 8.50e-02, 1.56e+01]
16600 [1.11e+00, 6.27e-02, 7.99e-02, -9.41e-02, 1.92e+00, 2.05e-01, 1.00e+00, 6.07e+00, -1.38e-01, 8.45e-02, 1.56e+01]
16700 [1.05e+00, 5.88e-02, 8.99e-02, -7.31e-02, 1.82e+00, 1.73e-01, 1.00e+00, 6.07e+00, -1.66e-01, 5.35e-02, 1.56e+01]
16800 [1.05e+00, 6.16e-02, 8.68e-02, -7.04e-02, 1.81e+00, 1.75e-01, 1.00e+00, 6.07e+00, -1.71e-01, 5.54e-02, 1.56e+01]
16900 [1.05e+00, 6.18e-02, 8.49e-02, -6.83e-02, 1.81e+00, 1.84e-01, 1.00e+00, 6.06e+00, -1.73e-01, 5.74e-02, 1.56e+01]
17000 [1.05e+00, 6.20e-02, 8.30e-02, -6.60e-02, 1.81e+00, 1.91e-01, 1.00e+00, 6.06e+00, -1.76e-01, 5.92e-02, 1.56e+01]
17100 [1.05e+00, 6.23e-02, 8.12e-02, -6.37e-02, 1.81e+00, 1.99e-01, 1.00e+00, 6.06e+00, -1.78e-01, 6.06e-02, 1.56e+01]
17200 [1.05e+00, 6.25e-02, 7.96e-02, -6.13e-02, 1.81e+00, 2.07e-01, 1.00e+00, 6.06e+00, -1.81e-01, 6.18e-02, 1.56e+01]
17300 [1.05e+00, 6.27e-02, 7.83e-02, -5.89e-02, 1.81e+00, 2.14e-01, 1.00e+00, 6.05e+00, -1.83e-01, 6.27e-02, 1.56e+01]
17400 [9.86e-01, 6.13e-02, 8.61e-02, -7.61e-02, 1.81e+00, 1.21e-01, 1.00e+00, 6.05e+00, -2.18e-01, 8.41e-02, 1.56e+01]
17500 [9.86e-01, 6.16e-02, 8.63e-02, -7.12e-02, 1.81e+00, 1.34e-01, 1.00e+00, 6.04e+00, -2.17e-01, 7.86e-02, 1.56e+01]
17600 [9.88e-01, 6.17e-02, 8.57e-02, -6.62e-02, 1.81e+00, 1.47e-01, 1.00e+00, 6.03e+00, -2.16e-01, 7.43e-02, 1.56e+01]
17700 [9.89e-01, 6.20e-02, 8.45e-02, -6.13e-02, 1.81e+00, 1.59e-01, 1.00e+00, 6.03e+00, -2.16e-01, 7.08e-02, 1.56e+01]
17800 [9.90e-01, 6.22e-02, 8.32e-02, -5.65e-02, 1.81e+00, 1.70e-01, 1.00e+00, 6.02e+00, -2.17e-01, 6.80e-02, 1.56e+01]
17900 [9.91e-01, 6.25e-02, 8.18e-02, -5.16e-02, 1.81e+00, 1.80e-01, 1.00e+00, 6.01e+00, -2.18e-01, 6.58e-02, 1.56e+01]
18000 [9.93e-01, 6.28e-02, 8.05e-02, -4.68e-02, 1.81e+00, 1.89e-01, 1.00e+00, 6.01e+00, -2.19e-01, 6.39e-02, 1.56e+01]
18100 [9.78e-01, 6.29e-02, 8.18e-02, -3.73e-02, 1.72e+00, 1.93e-01, 1.00e+00, 6.00e+00, -1.72e-01, 6.60e-02, 1.56e+01]
18200 [9.79e-01, 6.27e-02, 8.04e-02, -3.31e-02, 1.72e+00, 2.01e-01, 1.00e+00, 5.99e+00, -1.75e-01, 6.77e-02, 1.56e+01]
18300 [9.47e-01, 6.24e-02, 8.29e-02, -4.21e-02, 1.72e+00, 2.08e-01, 1.00e+00, 5.98e+00, -1.80e-01, 6.63e-02, 1.56e+01]
18400 [9.47e-01, 6.25e-02, 8.12e-02, -3.73e-02, 1.72e+00, 2.16e-01, 1.00e+00, 5.97e+00, -1.83e-01, 6.68e-02, 1.56e+01]
18500 [9.49e-01, 6.27e-02, 7.97e-02, -3.20e-02, 1.72e+00, 2.24e-01, 1.00e+00, 5.96e+00, -1.85e-01, 6.72e-02, 1.56e+01]
18600 [9.47e-01, 6.29e-02, 7.97e-02, -2.83e-02, 1.72e+00, 1.63e-01, 1.00e+00, 5.95e+00, -1.90e-01, 8.61e-02, 1.55e+01]
18700 [9.34e-01, 6.28e-02, 8.11e-02, -2.65e-02, 1.72e+00, 1.74e-01, 1.00e+00, 5.94e+00, -1.91e-01, 8.09e-02, 1.55e+01]
18800 [9.27e-01, 6.28e-02, 8.15e-02, -2.23e-02, 1.72e+00, 1.85e-01, 1.00e+00, 5.92e+00, -1.93e-01, 7.68e-02, 1.55e+01]
18900 [8.95e-01, 6.31e-02, 8.36e-02, -2.19e-02, 1.72e+00, 1.95e-01, 1.00e+00, 5.91e+00, -1.96e-01, 7.07e-02, 1.55e+01]
19000 [8.85e-01, 6.23e-02, 8.36e-02, -1.56e-02, 1.73e+00, 2.04e-01, 1.00e+00, 5.89e+00, -1.99e-01, 6.76e-02, 1.55e+01]
19100 [8.87e-01, 6.26e-02, 8.24e-02, -4.76e-03, 1.69e+00, 2.14e-01, 1.00e+00, 5.87e+00, -1.91e-01, 6.73e-02, 1.55e+01]
19200 [8.90e-01, 6.28e-02, 8.15e-02, 4.84e-03, 1.67e+00, 2.23e-01, 1.00e+00, 5.85e+00, -1.87e-01, 6.86e-02, 1.55e+01]
19300 [8.82e-01, 6.28e-02, 8.26e-02, 2.45e-03, 1.67e+00, 1.65e-01, 1.00e+00, 5.83e+00, -1.98e-01, 8.94e-02, 1.55e+01]
19400 [8.82e-01, 6.32e-02, 8.23e-02, 9.43e-03, 1.67e+00, 1.77e-01, 1.00e+00, 5.81e+00, -1.99e-01, 8.27e-02, 1.55e+01]
19500 [8.57e-01, 6.28e-02, 8.39e-02, 3.94e-03, 1.67e+00, 1.88e-01, 1.00e+00, 5.78e+00, -2.02e-01, 7.04e-02, 1.55e+01]
19600 [8.60e-01, 6.30e-02, 8.31e-02, 1.38e-02, 1.67e+00, 1.99e-01, 1.00e+00, 5.76e+00, -2.04e-01, 6.91e-02, 1.55e+01]
19700 [8.22e-01, 6.53e-02, 8.25e-02, 1.12e-02, 1.61e+00, 2.02e-01, 1.00e+00, 5.73e+00, -1.91e-01, 4.12e-02, 1.55e+01]
19800 [8.24e-01, 6.29e-02, 8.34e-02, 1.83e-02, 1.61e+00, 2.10e-01, 1.00e+00, 5.70e+00, -1.97e-01, 4.86e-02, 1.55e+01]
19900 [8.28e-01, 6.31e-02, 8.35e-02, 2.54e-02, 1.61e+00, 2.20e-01, 1.00e+00, 5.67e+00, -2.03e-01, 5.66e-02, 1.55e+01]
20000 [8.26e-01, 6.28e-02, 8.62e-02, 2.96e-02, 1.61e+00, 1.77e-01, 1.00e+00, 5.65e+00, -2.10e-01, 8.43e-02, 1.55e+01]
20000 [8.26e-01, 6.28e-02, 8.62e-02, 2.96e-02, 1.61e+00, 1.77e-01, 1.00e+00, 5.65e+00, -2.10e-01, 8.43e-02, 1.55e+01]
20100 [8.10e-01, 6.00e-02, 9.58e-02, 2.51e-02, 1.58e+00, 1.54e-01, 1.00e+00, 5.64e+00, -2.08e-01, 8.95e-02, 1.55e+01]
20200 [8.10e-01, 6.15e-02, 9.45e-02, 2.53e-02, 1.58e+00, 1.55e-01, 1.00e+00, 5.64e+00, -2.08e-01, 8.93e-02, 1.55e+01]
20300 [8.10e-01, 6.21e-02, 9.34e-02, 2.56e-02, 1.58e+00, 1.56e-01, 1.00e+00, 5.64e+00, -2.08e-01, 8.90e-02, 1.55e+01]
20400 [8.10e-01, 6.23e-02, 9.23e-02, 2.62e-02, 1.58e+00, 1.57e-01, 1.00e+00, 5.64e+00, -2.08e-01, 8.88e-02, 1.55e+01]
20500 [8.11e-01, 6.23e-02, 9.14e-02, 2.69e-02, 1.58e+00, 1.59e-01, 1.00e+00, 5.64e+00, -2.09e-01, 8.85e-02, 1.55e+01]
20600 [8.11e-01, 6.23e-02, 9.06e-02, 2.76e-02, 1.58e+00, 1.61e-01, 1.00e+00, 5.64e+00, -2.09e-01, 8.82e-02, 1.55e+01]
20700 [8.11e-01, 6.24e-02, 8.99e-02, 2.85e-02, 1.58e+00, 1.63e-01, 1.00e+00, 5.64e+00, -2.09e-01, 8.78e-02, 1.55e+01]
20800 [8.12e-01, 6.25e-02, 8.92e-02, 2.95e-02, 1.58e+00, 1.65e-01, 1.00e+00, 5.63e+00, -2.09e-01, 8.74e-02, 1.55e+01]
20900 [8.12e-01, 6.26e-02, 8.86e-02, 3.06e-02, 1.58e+00, 1.67e-01, 1.00e+00, 5.63e+00, -2.09e-01, 8.70e-02, 1.55e+01]
21000 [8.13e-01, 6.27e-02, 8.81e-02, 3.18e-02, 1.58e+00, 1.70e-01, 1.00e+00, 5.63e+00, -2.09e-01, 8.66e-02, 1.55e+01]
21100 [8.13e-01, 6.29e-02, 8.76e-02, 3.30e-02, 1.58e+00, 1.72e-01, 1.00e+00, 5.63e+00, -2.09e-01, 8.62e-02, 1.55e+01]
21200 [8.14e-01, 6.30e-02, 8.71e-02, 3.43e-02, 1.59e+00, 1.75e-01, 1.00e+00, 5.63e+00, -2.09e-01, 8.57e-02, 1.55e+01]
21300 [8.14e-01, 6.32e-02, 8.67e-02, 3.57e-02, 1.59e+00, 1.78e-01, 1.00e+00, 5.63e+00, -2.09e-01, 8.53e-02, 1.55e+01]
21400 [8.15e-01, 6.33e-02, 8.63e-02, 3.71e-02, 1.59e+00, 1.81e-01, 1.00e+00, 5.62e+00, -2.10e-01, 8.48e-02, 1.55e+01]
21500 [8.15e-01, 6.35e-02, 8.60e-02, 3.86e-02, 1.59e+00, 1.84e-01, 1.00e+00, 5.62e+00, -2.10e-01, 8.43e-02, 1.55e+01]
21600 [8.11e-01, 6.46e-02, 8.60e-02, 4.32e-02, 1.53e+00, 1.85e-01, 1.00e+00, 5.62e+00, -2.05e-01, 8.38e-02, 1.55e+01]
21700 [8.11e-01, 6.37e-02, 8.57e-02, 4.45e-02, 1.52e+00, 1.89e-01, 1.00e+00, 5.62e+00, -2.05e-01, 8.33e-02, 1.55e+01]
21800 [8.12e-01, 6.40e-02, 8.53e-02, 4.60e-02, 1.52e+00, 1.92e-01, 1.00e+00, 5.61e+00, -2.06e-01, 8.29e-02, 1.55e+01]
21900 [8.13e-01, 6.42e-02, 8.50e-02, 4.76e-02, 1.52e+00, 1.95e-01, 1.00e+00, 5.61e+00, -2.06e-01, 8.25e-02, 1.55e+01]
22000 [7.97e-01, 6.32e-02, 9.31e-02, 3.53e-02, 1.51e+00, 1.96e-01, 1.00e+00, 5.61e+00, -2.11e-01, 8.00e-02, 1.55e+01]
22100 [7.97e-01, 6.35e-02, 9.08e-02, 3.83e-02, 1.51e+00, 1.99e-01, 1.00e+00, 5.61e+00, -2.12e-01, 7.93e-02, 1.55e+01]
22200 [7.98e-01, 6.37e-02, 8.90e-02, 4.04e-02, 1.51e+00, 2.03e-01, 1.00e+00, 5.60e+00, -2.13e-01, 7.88e-02, 1.55e+01]
22300 [7.99e-01, 6.40e-02, 8.77e-02, 4.26e-02, 1.51e+00, 2.07e-01, 1.00e+00, 5.60e+00, -2.13e-01, 7.82e-02, 1.55e+01]
22400 [8.00e-01, 6.42e-02, 8.67e-02, 4.48e-02, 1.51e+00, 2.11e-01, 1.00e+00, 5.60e+00, -2.14e-01, 7.76e-02, 1.55e+01]
22500 [7.73e-01, 6.35e-02, 9.43e-02, 5.04e-02, 1.50e+00, 2.04e-01, 1.00e+00, 5.59e+00, -2.15e-01, 7.09e-02, 1.55e+01]
22600 [7.73e-01, 6.36e-02, 9.19e-02, 5.40e-02, 1.50e+00, 2.04e-01, 1.00e+00, 5.59e+00, -2.16e-01, 6.91e-02, 1.55e+01]
22700 [7.74e-01, 6.38e-02, 9.01e-02, 5.64e-02, 1.50e+00, 2.09e-01, 1.00e+00, 5.58e+00, -2.18e-01, 6.89e-02, 1.55e+01]
22800 [7.75e-01, 6.43e-02, 8.88e-02, 5.37e-02, 1.46e+00, 2.14e-01, 1.00e+00, 5.58e+00, -2.16e-01, 6.87e-02, 1.55e+01]
22900 [7.77e-01, 6.43e-02, 8.80e-02, 5.59e-02, 1.46e+00, 2.19e-01, 1.00e+00, 5.57e+00, -2.18e-01, 6.85e-02, 1.55e+01]
23000 [7.78e-01, 6.45e-02, 8.75e-02, 5.83e-02, 1.46e+00, 2.23e-01, 1.00e+00, 5.57e+00, -2.20e-01, 6.83e-02, 1.55e+01]
23100 [7.61e-01, 6.57e-02, 8.81e-02, 3.43e-02, 1.38e+00, 2.22e-01, 1.00e+00, 5.56e+00, -1.99e-01, 6.63e-02, 1.55e+01]
23200 [7.62e-01, 6.47e-02, 8.78e-02, 3.71e-02, 1.38e+00, 2.26e-01, 1.00e+00, 5.56e+00, -1.99e-01, 6.64e-02, 1.55e+01]
23300 [7.64e-01, 6.48e-02, 8.78e-02, 3.99e-02, 1.38e+00, 2.31e-01, 1.00e+00, 5.55e+00, -2.02e-01, 6.66e-02, 1.55e+01]
23400 [7.66e-01, 6.47e-02, 8.94e-02, 4.30e-02, 1.37e+00, 1.99e-01, 1.00e+00, 5.54e+00, -2.14e-01, 6.70e-02, 1.55e+01]
23500 [7.58e-01, 6.48e-02, 8.85e-02, 4.40e-02, 1.38e+00, 2.06e-01, 1.00e+00, 5.54e+00, -2.16e-01, 6.62e-02, 1.55e+01]
23600 [7.50e-01, 6.47e-02, 8.92e-02, 4.26e-02, 1.38e+00, 2.13e-01, 1.00e+00, 5.53e+00, -2.19e-01, 6.52e-02, 1.55e+01]
23700 [7.44e-01, 6.48e-02, 8.95e-02, 4.25e-02, 1.38e+00, 2.19e-01, 1.00e+00, 5.52e+00, -2.22e-01, 6.42e-02, 1.55e+01]
23800 [7.46e-01, 6.49e-02, 8.94e-02, 4.62e-02, 1.38e+00, 2.26e-01, 1.00e+00, 5.51e+00, -2.25e-01, 6.41e-02, 1.55e+01]
23900 [7.41e-01, 6.38e-02, 9.30e-02, 4.47e-02, 1.38e+00, 1.97e-01, 1.00e+00, 5.50e+00, -2.35e-01, 6.35e-02, 1.55e+01]
24000 [7.25e-01, 6.45e-02, 9.38e-02, 3.69e-02, 1.38e+00, 1.84e-01, 1.00e+00, 5.49e+00, -2.39e-01, 5.49e-02, 1.55e+01]
24100 [7.28e-01, 6.46e-02, 9.26e-02, 4.22e-02, 1.38e+00, 1.93e-01, 1.00e+00, 5.48e+00, -2.42e-01, 5.50e-02, 1.55e+01]
24200 [7.31e-01, 6.50e-02, 9.17e-02, 4.96e-02, 1.33e+00, 2.02e-01, 1.00e+00, 5.47e+00, -2.41e-01, 5.49e-02, 1.55e+01]
24300 [7.09e-01, 6.41e-02, 9.42e-02, 3.96e-02, 1.33e+00, 2.11e-01, 1.00e+00, 5.46e+00, -2.45e-01, 5.30e-02, 1.55e+01]
24400 [7.09e-01, 6.46e-02, 9.37e-02, 4.43e-02, 1.33e+00, 2.19e-01, 1.00e+00, 5.45e+00, -2.48e-01, 5.28e-02, 1.55e+01]
24500 [7.13e-01, 6.49e-02, 9.32e-02, 4.95e-02, 1.33e+00, 2.27e-01, 1.00e+00, 5.43e+00, -2.52e-01, 5.30e-02, 1.55e+01]
24600 [7.17e-01, 6.51e-02, 9.35e-02, 5.41e-02, 1.33e+00, 2.22e-01, 1.00e+00, 5.42e+00, -2.54e-01, 5.46e-02, 1.54e+01]
24700 [6.97e-01, 6.48e-02, 9.48e-02, 3.65e-02, 1.33e+00, 1.72e-01, 1.00e+00, 5.41e+00, -2.55e-01, 5.86e-02, 1.54e+01]
24800 [7.01e-01, 6.49e-02, 9.43e-02, 4.46e-02, 1.33e+00, 1.82e-01, 1.00e+00, 5.39e+00, -2.56e-01, 5.70e-02, 1.54e+01]
24900 [7.00e-01, 6.51e-02, 9.43e-02, 5.21e-02, 1.28e+00, 1.92e-01, 1.00e+00, 5.37e+00, -2.55e-01, 5.53e-02, 1.54e+01]
25000 [6.89e-01, 6.49e-02, 9.50e-02, 4.95e-02, 1.28e+00, 2.01e-01, 1.00e+00, 5.35e+00, -2.58e-01, 5.28e-02, 1.54e+01]
25100 [6.94e-01, 6.51e-02, 9.46e-02, 5.67e-02, 1.29e+00, 2.10e-01, 1.00e+00, 5.33e+00, -2.61e-01, 5.23e-02, 1.54e+01]
25200 [6.59e-01, 6.59e-02, 9.54e-02, 1.45e-02, 1.28e+00, 2.16e-01, 1.00e+00, 5.31e+00, -2.64e-01, 2.81e-02, 1.54e+01]
25300 [6.64e-01, 6.49e-02, 9.66e-02, 2.28e-02, 1.28e+00, 2.25e-01, 1.00e+00, 5.29e+00, -2.69e-01, 3.05e-02, 1.54e+01]
25400 [6.70e-01, 6.50e-02, 9.73e-02, 3.73e-02, 1.24e+00, 2.33e-01, 1.00e+00, 5.27e+00, -2.73e-01, 3.35e-02, 1.54e+01]
25500 [6.76e-01, 6.49e-02, 9.92e-02, 4.37e-02, 1.24e+00, 1.93e-01, 1.00e+00, 5.24e+00, -2.76e-01, 4.09e-02, 1.54e+01]
25600 [6.52e-01, 6.48e-02, 9.96e-02, 6.10e-02, 1.23e+00, 2.03e-01, 1.00e+00, 5.22e+00, -2.78e-01, 3.86e-02, 1.54e+01]
25700 [6.59e-01, 6.50e-02, 9.89e-02, 6.88e-02, 1.23e+00, 2.14e-01, 1.00e+00, 5.19e+00, -2.83e-01, 3.99e-02, 1.54e+01]
25800 [6.51e-01, 6.47e-02, 9.92e-02, 5.09e-02, 1.17e+00, 2.23e-01, 1.00e+00, 5.16e+00, -2.83e-01, 3.98e-02, 1.54e+01]
25900 [6.58e-01, 6.53e-02, 9.93e-02, 5.78e-02, 1.17e+00, 2.33e-01, 1.00e+00, 5.13e+00, -2.88e-01, 4.03e-02, 1.54e+01]
26000 [6.33e-01, 6.51e-02, 9.36e-02, 3.73e-02, 1.17e+00, 1.64e-01, 1.00e+00, 5.10e+00, -2.80e-01, 5.42e-02, 1.54e+01]
26100 [6.41e-01, 6.51e-02, 9.70e-02, 4.99e-02, 1.17e+00, 1.75e-01, 1.00e+00, 5.07e+00, -2.80e-01, 4.99e-02, 1.54e+01]
26200 [6.49e-01, 6.53e-02, 9.82e-02, 6.11e-02, 1.17e+00, 1.87e-01, 1.00e+00, 5.03e+00, -2.82e-01, 4.72e-02, 1.54e+01]
26300 [6.13e-01, 6.51e-02, 1.01e-01, 1.55e-02, 1.09e+00, 1.98e-01, 1.00e+00, 4.99e+00, -2.76e-01, 3.78e-02, 1.54e+01]
26400 [6.22e-01, 6.51e-02, 1.02e-01, 2.81e-02, 1.09e+00, 2.08e-01, 1.00e+00, 4.95e+00, -2.80e-01, 3.81e-02, 1.54e+01]
26500 [6.31e-01, 6.54e-02, 1.02e-01, 3.88e-02, 1.09e+00, 2.18e-01, 1.00e+00, 4.91e+00, -2.85e-01, 3.86e-02, 1.54e+01]
26600 [5.59e-01, 6.21e-02, 1.10e-01, 1.88e-02, 1.06e+00, 1.84e-01, 1.00e+00, 4.88e+00, -3.27e-01, 2.39e-02, 1.54e+01]
26700 [5.20e-01, 6.28e-02, 1.06e-01, 1.97e-02, 9.71e-01, 1.04e-01, 1.00e+00, 4.85e+00, -3.73e-01, 1.72e-02, 1.53e+01]
26800 [5.25e-01, 6.31e-02, 1.09e-01, 2.76e-02, 9.72e-01, 1.15e-01, 1.00e+00, 4.82e+00, -3.69e-01, 1.54e-02, 1.53e+01]
26900 [5.31e-01, 6.33e-02, 1.11e-01, 3.50e-02, 9.73e-01, 1.25e-01, 1.00e+00, 4.79e+00, -3.66e-01, 1.39e-02, 1.53e+01]
27000 [5.36e-01, 6.34e-02, 1.12e-01, 4.19e-02, 9.74e-01, 1.35e-01, 1.00e+00, 4.76e+00, -3.64e-01, 1.28e-02, 1.53e+01]
27100 [5.42e-01, 6.36e-02, 1.13e-01, 4.84e-02, 9.75e-01, 1.44e-01, 1.00e+00, 4.73e+00, -3.62e-01, 1.19e-02, 1.53e+01]
27200 [5.47e-01, 6.39e-02, 1.13e-01, 5.44e-02, 9.76e-01, 1.54e-01, 1.00e+00, 4.71e+00, -3.61e-01, 1.13e-02, 1.53e+01]
27300 [5.53e-01, 6.41e-02, 1.13e-01, 5.97e-02, 9.77e-01, 1.63e-01, 1.00e+00, 4.68e+00, -3.60e-01, 1.10e-02, 1.53e+01]
27400 [5.59e-01, 6.44e-02, 1.13e-01, 6.45e-02, 9.78e-01, 1.71e-01, 1.00e+00, 4.66e+00, -3.60e-01, 1.08e-02, 1.53e+01]
27500 [5.65e-01, 6.47e-02, 1.12e-01, 6.87e-02, 9.79e-01, 1.79e-01, 1.00e+00, 4.63e+00, -3.60e-01, 1.08e-02, 1.53e+01]
27600 [5.72e-01, 6.49e-02, 1.11e-01, 7.23e-02, 9.81e-01, 1.87e-01, 1.00e+00, 4.61e+00, -3.60e-01, 1.09e-02, 1.53e+01]
27700 [5.78e-01, 6.52e-02, 1.11e-01, 7.55e-02, 9.82e-01, 1.95e-01, 1.00e+00, 4.59e+00, -3.60e-01, 1.12e-02, 1.53e+01]
27800 [5.83e-01, 6.55e-02, 1.10e-01, 7.70e-02, 9.83e-01, 2.03e-01, 1.00e+00, 4.56e+00, -3.61e-01, 1.15e-02, 1.53e+01]
27900 [5.29e-01, 6.51e-02, 1.13e-01, 2.66e-02, 9.65e-01, 2.02e-01, 1.00e+00, 4.54e+00, -3.48e-01, 1.08e-02, 1.53e+01]
28000 [5.36e-01, 6.50e-02, 1.14e-01, 3.16e-02, 9.66e-01, 2.11e-01, 1.00e+00, 4.52e+00, -3.49e-01, 1.12e-02, 1.53e+01]
28100 [5.43e-01, 6.52e-02, 1.14e-01, 3.63e-02, 9.68e-01, 2.19e-01, 1.00e+00, 4.49e+00, -3.50e-01, 1.16e-02, 1.53e+01]
28200 [5.51e-01, 6.55e-02, 1.14e-01, 4.05e-02, 9.69e-01, 2.27e-01, 1.00e+00, 4.46e+00, -3.52e-01, 1.22e-02, 1.53e+01]
28300 [5.58e-01, 6.57e-02, 1.14e-01, 4.41e-02, 9.71e-01, 2.35e-01, 1.00e+00, 4.44e+00, -3.54e-01, 1.29e-02, 1.53e+01]
28400 [5.65e-01, 6.38e-02, 1.26e-01, 5.38e-02, 8.92e-01, 1.60e-01, 1.00e+00, 4.41e+00, -3.01e-01, 2.46e-02, 1.53e+01]
28500 [5.73e-01, 6.48e-02, 1.19e-01, 6.05e-02, 8.93e-01, 1.67e-01, 1.00e+00, 4.38e+00, -3.02e-01, 2.49e-02, 1.53e+01]
28600 [5.54e-01, 6.54e-02, 1.14e-01, 5.20e-02, 8.94e-01, 1.74e-01, 1.00e+00, 4.35e+00, -3.02e-01, 2.49e-02, 1.53e+01]
28700 [5.63e-01, 6.59e-02, 1.13e-01, 5.81e-02, 8.96e-01, 1.82e-01, 1.00e+00, 4.32e+00, -3.04e-01, 2.55e-02, 1.53e+01]
28800 [5.72e-01, 6.63e-02, 1.11e-01, 6.32e-02, 8.98e-01, 1.89e-01, 1.00e+00, 4.29e+00, -3.05e-01, 2.62e-02, 1.53e+01]
28900 [5.25e-01, 6.56e-02, 1.12e-01, 3.58e-02, 8.98e-01, 1.96e-01, 1.00e+00, 4.25e+00, -3.06e-01, 2.48e-02, 1.53e+01]
29000 [5.35e-01, 6.58e-02, 1.13e-01, 4.27e-02, 9.00e-01, 2.04e-01, 1.00e+00, 4.21e+00, -3.08e-01, 2.54e-02, 1.53e+01]
29100 [5.45e-01, 6.61e-02, 1.14e-01, 4.85e-02, 9.02e-01, 2.11e-01, 1.00e+00, 4.17e+00, -3.10e-01, 2.61e-02, 1.53e+01]
29200 [5.55e-01, 6.65e-02, 1.13e-01, 5.32e-02, 9.04e-01, 2.18e-01, 1.00e+00, 4.14e+00, -3.12e-01, 2.69e-02, 1.53e+01]
29300 [5.65e-01, 6.69e-02, 1.13e-01, 5.69e-02, 9.06e-01, 2.25e-01, 1.00e+00, 4.10e+00, -3.15e-01, 2.76e-02, 1.53e+01]
29400 [4.97e-01, 6.56e-02, 1.08e-01, 2.54e-02, 8.87e-01, 2.25e-01, 1.00e+00, 4.06e+00, -3.25e-01, 2.42e-02, 1.53e+01]
29500 [5.06e-01, 6.62e-02, 1.14e-01, 3.22e-02, 8.88e-01, 2.33e-01, 1.00e+00, 4.01e+00, -3.28e-01, 2.43e-02, 1.53e+01]
29600 [5.16e-01, 6.63e-02, 1.18e-01, 3.77e-02, 8.91e-01, 2.40e-01, 1.00e+00, 3.97e+00, -3.30e-01, 2.46e-02, 1.53e+01]
29700 [5.26e-01, 6.67e-02, 1.19e-01, 4.19e-02, 8.92e-01, 2.45e-01, 1.00e+00, 3.93e+00, -3.32e-01, 2.50e-02, 1.53e+01]
29800 [5.35e-01, 6.60e-02, 1.24e-01, 5.66e-02, 8.18e-01, 1.97e-01, 1.00e+00, 3.89e+00, -2.93e-01, 3.10e-02, 1.53e+01]
29900 [5.45e-01, 6.68e-02, 1.19e-01, 6.08e-02, 8.20e-01, 2.05e-01, 1.00e+00, 3.85e+00, -2.96e-01, 3.19e-02, 1.53e+01]
30000 [5.22e-01, 6.83e-02, 1.17e-01, 3.05e-02, 8.17e-01, 2.14e-01, 1.00e+00, 3.82e+00, -2.99e-01, 2.78e-02, 1.53e+01]
30000 [5.22e-01, 6.83e-02, 1.17e-01, 3.05e-02, 8.17e-01, 2.14e-01, 1.00e+00, 3.82e+00, -2.99e-01, 2.78e-02, 1.53e+01]
30100 [5.10e-01, 6.58e-02, 1.21e-01, 2.58e-02, 8.01e-01, 1.95e-01, 1.00e+00, 3.82e+00, -2.88e-01, 3.16e-02, 1.52e+01]
30200 [5.11e-01, 6.61e-02, 1.21e-01, 2.61e-02, 8.01e-01, 1.96e-01, 1.00e+00, 3.82e+00, -2.89e-01, 3.16e-02, 1.52e+01]
30300 [5.13e-01, 6.59e-02, 1.20e-01, 2.65e-02, 8.01e-01, 1.97e-01, 1.00e+00, 3.82e+00, -2.89e-01, 3.15e-02, 1.52e+01]
30400 [5.15e-01, 6.59e-02, 1.20e-01, 2.71e-02, 8.01e-01, 1.98e-01, 1.00e+00, 3.82e+00, -2.89e-01, 3.15e-02, 1.52e+01]
30500 [5.17e-01, 6.59e-02, 1.20e-01, 2.77e-02, 8.02e-01, 1.99e-01, 1.00e+00, 3.81e+00, -2.89e-01, 3.15e-02, 1.52e+01]
30600 [5.20e-01, 6.61e-02, 1.20e-01, 2.84e-02, 8.02e-01, 2.01e-01, 1.00e+00, 3.81e+00, -2.89e-01, 3.15e-02, 1.52e+01]
30700 [5.22e-01, 6.62e-02, 1.19e-01, 2.91e-02, 8.02e-01, 2.02e-01, 1.00e+00, 3.81e+00, -2.90e-01, 3.16e-02, 1.52e+01]
30800 [5.25e-01, 6.64e-02, 1.19e-01, 2.99e-02, 8.03e-01, 2.04e-01, 1.00e+00, 3.81e+00, -2.90e-01, 3.16e-02, 1.52e+01]
30900 [5.29e-01, 6.66e-02, 1.18e-01, 3.06e-02, 8.03e-01, 2.06e-01, 1.00e+00, 3.81e+00, -2.90e-01, 3.16e-02, 1.52e+01]
31000 [5.32e-01, 6.68e-02, 1.18e-01, 3.14e-02, 8.04e-01, 2.08e-01, 1.00e+00, 3.80e+00, -2.91e-01, 3.17e-02, 1.52e+01]
31100 [5.36e-01, 6.71e-02, 1.17e-01, 3.22e-02, 8.05e-01, 2.10e-01, 1.00e+00, 3.80e+00, -2.91e-01, 3.17e-02, 1.52e+01]
31200 [5.40e-01, 6.73e-02, 1.17e-01, 3.30e-02, 8.05e-01, 2.12e-01, 1.00e+00, 3.80e+00, -2.92e-01, 3.18e-02, 1.52e+01]
31300 [5.44e-01, 6.75e-02, 1.16e-01, 3.38e-02, 8.06e-01, 2.15e-01, 1.00e+00, 3.80e+00, -2.92e-01, 3.19e-02, 1.52e+01]
31400 [5.13e-01, 6.68e-02, 1.21e-01, 2.72e-02, 8.05e-01, 2.17e-01, 1.00e+00, 3.79e+00, -2.93e-01, 3.13e-02, 1.52e+01]
31500 [5.18e-01, 6.69e-02, 1.21e-01, 2.82e-02, 8.06e-01, 2.20e-01, 1.00e+00, 3.79e+00, -2.93e-01, 3.14e-02, 1.52e+01]
31600 [5.23e-01, 6.72e-02, 1.20e-01, 2.92e-02, 8.07e-01, 2.23e-01, 1.00e+00, 3.78e+00, -2.94e-01, 3.14e-02, 1.52e+01]
31700 [5.28e-01, 6.75e-02, 1.20e-01, 3.03e-02, 8.07e-01, 2.26e-01, 1.00e+00, 3.78e+00, -2.95e-01, 3.15e-02, 1.52e+01]
31800 [5.34e-01, 6.78e-02, 1.19e-01, 3.12e-02, 8.08e-01, 2.29e-01, 1.00e+00, 3.78e+00, -2.96e-01, 3.16e-02, 1.52e+01]
31900 [5.40e-01, 6.81e-02, 1.18e-01, 3.22e-02, 8.09e-01, 2.32e-01, 1.00e+00, 3.77e+00, -2.96e-01, 3.17e-02, 1.52e+01]
32000 [5.26e-01, 6.79e-02, 1.19e-01, 2.89e-02, 8.10e-01, 2.35e-01, 1.00e+00, 3.77e+00, -2.97e-01, 3.15e-02, 1.52e+01]
32100 [4.99e-01, 6.71e-02, 1.21e-01, 2.69e-02, 8.04e-01, 2.35e-01, 1.00e+00, 3.76e+00, -2.97e-01, 3.09e-02, 1.52e+01]
32200 [5.06e-01, 6.75e-02, 1.21e-01, 2.83e-02, 8.05e-01, 2.38e-01, 1.00e+00, 3.76e+00, -2.98e-01, 3.10e-02, 1.52e+01]
32300 [5.13e-01, 6.79e-02, 1.22e-01, 2.95e-02, 8.06e-01, 2.42e-01, 1.00e+00, 3.75e+00, -2.99e-01, 3.11e-02, 1.52e+01]
32400 [5.20e-01, 6.82e-02, 1.22e-01, 3.06e-02, 8.07e-01, 2.46e-01, 1.00e+00, 3.75e+00, -3.01e-01, 3.13e-02, 1.52e+01]
32500 [5.27e-01, 6.86e-02, 1.21e-01, 3.17e-02, 8.08e-01, 2.50e-01, 1.00e+00, 3.74e+00, -3.02e-01, 3.15e-02, 1.52e+01]
32600 [5.34e-01, 6.90e-02, 1.21e-01, 3.26e-02, 8.10e-01, 2.54e-01, 1.00e+00, 3.74e+00, -3.03e-01, 3.17e-02, 1.52e+01]
32700 [5.11e-01, 6.92e-02, 1.21e-01, 1.69e-02, 7.79e-01, 2.07e-01, 1.00e+00, 3.73e+00, -2.87e-01, 3.40e-02, 1.52e+01]
32800 [5.17e-01, 6.90e-02, 1.20e-01, 1.81e-02, 7.79e-01, 2.09e-01, 1.00e+00, 3.73e+00, -2.88e-01, 3.38e-02, 1.52e+01]
32900 [5.25e-01, 6.96e-02, 1.19e-01, 2.03e-02, 7.80e-01, 2.14e-01, 1.00e+00, 3.72e+00, -2.89e-01, 3.37e-02, 1.52e+01]
33000 [5.34e-01, 7.01e-02, 1.18e-01, 2.23e-02, 7.82e-01, 2.20e-01, 1.00e+00, 3.71e+00, -2.90e-01, 3.38e-02, 1.52e+01]
33100 [5.35e-01, 7.07e-02, 1.16e-01, 2.23e-02, 7.84e-01, 2.25e-01, 1.00e+00, 3.70e+00, -2.92e-01, 3.38e-02, 1.52e+01]
33200 [4.99e-01, 7.00e-02, 1.19e-01, 1.16e-02, 7.78e-01, 2.30e-01, 1.00e+00, 3.70e+00, -2.93e-01, 3.23e-02, 1.52e+01]
33300 [5.09e-01, 7.03e-02, 1.21e-01, 1.43e-02, 7.80e-01, 2.36e-01, 1.00e+00, 3.69e+00, -2.95e-01, 3.24e-02, 1.52e+01]
33400 [5.19e-01, 7.07e-02, 1.21e-01, 1.66e-02, 7.82e-01, 2.42e-01, 1.00e+00, 3.68e+00, -2.96e-01, 3.25e-02, 1.52e+01]
33500 [5.28e-01, 7.12e-02, 1.21e-01, 1.87e-02, 7.83e-01, 2.48e-01, 1.00e+00, 3.67e+00, -2.98e-01, 3.26e-02, 1.52e+01]
33600 [5.38e-01, 7.17e-02, 1.20e-01, 2.04e-02, 7.85e-01, 2.54e-01, 1.00e+00, 3.66e+00, -3.00e-01, 3.27e-02, 1.52e+01]
33700 [4.81e-01, 7.02e-02, 1.28e-01, -2.65e-03, 7.20e-01, 1.99e-01, 1.00e+00, 3.65e+00, -2.73e-01, 3.02e-02, 1.52e+01]
33800 [4.92e-01, 7.02e-02, 1.26e-01, 3.23e-03, 7.22e-01, 2.07e-01, 1.00e+00, 3.63e+00, -2.75e-01, 3.06e-02, 1.52e+01]
33900 [5.03e-01, 7.09e-02, 1.24e-01, 8.26e-03, 7.24e-01, 2.16e-01, 1.00e+00, 3.62e+00, -2.78e-01, 3.11e-02, 1.52e+01]
34000 [5.14e-01, 7.14e-02, 1.22e-01, 1.23e-02, 7.27e-01, 2.24e-01, 1.00e+00, 3.60e+00, -2.80e-01, 3.17e-02, 1.52e+01]
34100 [5.26e-01, 7.20e-02, 1.21e-01, 1.56e-02, 7.29e-01, 2.32e-01, 1.00e+00, 3.59e+00, -2.83e-01, 3.23e-02, 1.52e+01]
34200 [5.37e-01, 7.25e-02, 1.19e-01, 1.82e-02, 7.32e-01, 2.40e-01, 1.00e+00, 3.58e+00, -2.86e-01, 3.29e-02, 1.52e+01]
34300 [4.77e-01, 7.15e-02, 1.19e-01, -9.16e-03, 7.08e-01, 2.46e-01, 1.00e+00, 3.57e+00, -2.90e-01, 3.05e-02, 1.52e+01]
34400 [4.88e-01, 7.18e-02, 1.23e-01, -4.27e-03, 7.11e-01, 2.54e-01, 1.00e+00, 3.55e+00, -2.93e-01, 3.07e-02, 1.52e+01]
34500 [5.00e-01, 7.23e-02, 1.25e-01, -2.52e-04, 7.13e-01, 2.63e-01, 1.00e+00, 3.53e+00, -2.96e-01, 3.10e-02, 1.52e+01]
34600 [5.11e-01, 7.24e-02, 1.23e-01, 1.91e-03, 6.89e-01, 2.13e-01, 1.00e+00, 3.52e+00, -2.80e-01, 3.91e-02, 1.52e+01]
34700 [5.23e-01, 7.36e-02, 1.20e-01, 6.78e-03, 6.88e-01, 2.18e-01, 1.00e+00, 3.50e+00, -2.82e-01, 3.86e-02, 1.52e+01]
34800 [5.34e-01, 7.44e-02, 1.18e-01, 1.08e-02, 6.91e-01, 2.27e-01, 1.00e+00, 3.49e+00, -2.84e-01, 3.80e-02, 1.52e+01]
34900 [4.95e-01, 7.43e-02, 1.20e-01, -6.34e-03, 6.82e-01, 2.35e-01, 1.00e+00, 3.47e+00, -2.86e-01, 3.59e-02, 1.52e+01]
35000 [5.07e-01, 7.49e-02, 1.22e-01, -1.13e-03, 6.83e-01, 2.44e-01, 1.00e+00, 3.45e+00, -2.89e-01, 3.53e-02, 1.52e+01]
35100 [5.20e-01, 7.56e-02, 1.22e-01, 3.02e-03, 6.86e-01, 2.53e-01, 1.00e+00, 3.44e+00, -2.92e-01, 3.50e-02, 1.52e+01]
35200 [5.32e-01, 7.63e-02, 1.21e-01, 6.12e-03, 6.90e-01, 2.61e-01, 1.00e+00, 3.42e+00, -2.96e-01, 3.48e-02, 1.52e+01]
35300 [5.20e-01, 7.57e-02, 1.20e-01, -1.56e-02, 6.71e-01, 2.36e-01, 1.00e+00, 3.41e+00, -2.78e-01, 3.86e-02, 1.52e+01]
35400 [4.94e-01, 7.74e-02, 1.19e-01, -3.14e-02, 5.94e-01, 1.91e-01, 1.00e+00, 3.38e+00, -2.54e-01, 2.67e-02, 1.52e+01]
35500 [5.06e-01, 7.82e-02, 1.19e-01, -2.31e-02, 5.97e-01, 2.00e-01, 1.00e+00, 3.36e+00, -2.58e-01, 2.92e-02, 1.52e+01]
35600 [5.19e-01, 7.89e-02, 1.18e-01, -1.66e-02, 6.00e-01, 2.09e-01, 1.00e+00, 3.34e+00, -2.62e-01, 3.13e-02, 1.52e+01]
35700 [5.32e-01, 7.97e-02, 1.16e-01, -1.14e-02, 6.03e-01, 2.18e-01, 1.00e+00, 3.32e+00, -2.66e-01, 3.31e-02, 1.52e+01]
35800 [5.45e-01, 8.06e-02, 1.15e-01, -7.49e-03, 6.06e-01, 2.27e-01, 1.00e+00, 3.30e+00, -2.71e-01, 3.45e-02, 1.52e+01]
35900 [4.68e-01, 8.04e-02, 1.13e-01, -5.13e-02, 5.69e-01, 2.28e-01, 1.00e+00, 3.27e+00, -2.86e-01, 3.89e-02, 1.52e+01]
36000 [4.79e-01, 8.07e-02, 1.20e-01, -3.96e-02, 5.71e-01, 2.37e-01, 1.00e+00, 3.23e+00, -2.89e-01, 3.54e-02, 1.52e+01]
36100 [4.90e-01, 8.14e-02, 1.24e-01, -3.14e-02, 5.74e-01, 2.47e-01, 1.00e+00, 3.20e+00, -2.92e-01, 3.31e-02, 1.52e+01]
36200 [5.00e-01, 8.22e-02, 1.25e-01, -2.55e-02, 5.78e-01, 2.56e-01, 1.00e+00, 3.18e+00, -2.95e-01, 3.17e-02, 1.52e+01]
36300 [5.11e-01, 8.32e-02, 1.24e-01, -2.12e-02, 5.81e-01, 2.65e-01, 1.00e+00, 3.16e+00, -2.99e-01, 3.08e-02, 1.52e+01]
36400 [5.21e-01, 8.43e-02, 1.26e-01, -1.93e-02, 5.83e-01, 2.59e-01, 1.00e+00, 3.14e+00, -2.99e-01, 3.51e-02, 1.52e+01]
36500 [5.31e-01, 8.44e-02, 1.26e-01, -1.89e-02, 5.38e-01, 2.03e-01, 1.00e+00, 3.12e+00, -2.72e-01, 4.48e-02, 1.52e+01]
36600 [5.36e-01, 8.62e-02, 1.19e-01, -1.44e-02, 5.42e-01, 2.11e-01, 1.00e+00, 3.10e+00, -2.74e-01, 4.10e-02, 1.52e+01]
36700 [5.21e-01, 8.73e-02, 1.15e-01, -2.33e-02, 5.46e-01, 2.18e-01, 1.00e+00, 3.08e+00, -2.77e-01, 3.75e-02, 1.52e+01]
36800 [5.31e-01, 8.85e-02, 1.15e-01, -1.87e-02, 5.50e-01, 2.26e-01, 1.00e+00, 3.06e+00, -2.80e-01, 3.61e-02, 1.52e+01]
36900 [5.44e-01, 8.98e-02, 1.14e-01, -1.48e-02, 5.55e-01, 2.33e-01, 1.00e+00, 3.04e+00, -2.84e-01, 3.52e-02, 1.52e+01]
37000 [5.03e-01, 9.08e-02, 1.16e-01, -3.90e-02, 5.52e-01, 2.41e-01, 1.00e+00, 3.02e+00, -2.87e-01, 3.18e-02, 1.52e+01]
37100 [5.16e-01, 9.22e-02, 1.19e-01, -3.16e-02, 5.56e-01, 2.48e-01, 1.00e+00, 2.99e+00, -2.91e-01, 3.07e-02, 1.52e+01]
37200 [5.29e-01, 9.38e-02, 1.19e-01, -2.72e-02, 5.60e-01, 2.56e-01, 1.00e+00, 2.97e+00, -2.96e-01, 3.01e-02, 1.52e+01]
37300 [5.42e-01, 9.56e-02, 1.18e-01, -2.47e-02, 5.65e-01, 2.63e-01, 1.00e+00, 2.95e+00, -3.00e-01, 2.98e-02, 1.52e+01]
37400 [4.29e-01, 8.94e-02, 1.03e-01, -1.05e-01, 4.48e-01, 1.67e-01, 1.00e+00, 2.95e+00, -2.78e-01, 5.50e-02, 1.51e+01]
37500 [4.32e-01, 9.89e-02, 1.11e-01, -9.46e-02, 4.27e-01, 1.58e-01, 1.00e+00, 2.91e+00, -2.74e-01, 4.57e-02, 1.51e+01]
37600 [4.43e-01, 9.95e-02, 1.19e-01, -8.19e-02, 4.29e-01, 1.64e-01, 1.00e+00, 2.87e+00, -2.72e-01, 4.32e-02, 1.51e+01]
37700 [4.53e-01, 1.01e-01, 1.22e-01, -7.15e-02, 4.30e-01, 1.71e-01, 1.00e+00, 2.84e+00, -2.71e-01, 4.11e-02, 1.51e+01]
37800 [4.64e-01, 1.02e-01, 1.23e-01, -6.28e-02, 4.32e-01, 1.77e-01, 1.00e+00, 2.82e+00, -2.70e-01, 3.93e-02, 1.51e+01]
37900 [4.74e-01, 1.04e-01, 1.23e-01, -5.56e-02, 4.34e-01, 1.83e-01, 1.00e+00, 2.80e+00, -2.69e-01, 3.78e-02, 1.51e+01]
38000 [4.84e-01, 1.05e-01, 1.23e-01, -4.97e-02, 4.35e-01, 1.89e-01, 1.00e+00, 2.78e+00, -2.70e-01, 3.66e-02, 1.51e+01]
38100 [4.95e-01, 1.07e-01, 1.21e-01, -4.49e-02, 4.37e-01, 1.95e-01, 1.00e+00, 2.76e+00, -2.70e-01, 3.57e-02, 1.51e+01]
38200 [5.05e-01, 1.09e-01, 1.20e-01, -4.13e-02, 4.39e-01, 2.01e-01, 1.00e+00, 2.75e+00, -2.72e-01, 3.49e-02, 1.51e+01]
38300 [5.16e-01, 1.11e-01, 1.18e-01, -3.86e-02, 4.41e-01, 2.07e-01, 1.00e+00, 2.74e+00, -2.73e-01, 3.43e-02, 1.51e+01]
38400 [5.26e-01, 1.13e-01, 1.17e-01, -3.69e-02, 4.43e-01, 2.13e-01, 1.00e+00, 2.73e+00, -2.75e-01, 3.39e-02, 1.51e+01]
38500 [4.67e-01, 1.16e-01, 1.15e-01, -6.36e-02, 4.39e-01, 2.14e-01, 1.00e+00, 2.71e+00, -2.83e-01, 3.10e-02, 1.51e+01]
38600 [4.77e-01, 1.17e-01, 1.21e-01, -5.74e-02, 4.41e-01, 2.20e-01, 1.00e+00, 2.69e+00, -2.85e-01, 2.99e-02, 1.51e+01]
38700 [4.87e-01, 1.19e-01, 1.22e-01, -5.30e-02, 4.43e-01, 2.27e-01, 1.00e+00, 2.67e+00, -2.86e-01, 2.90e-02, 1.51e+01]
38800 [4.98e-01, 1.21e-01, 1.23e-01, -5.00e-02, 4.46e-01, 2.33e-01, 1.00e+00, 2.65e+00, -2.89e-01, 2.83e-02, 1.51e+01]
38900 [5.08e-01, 1.23e-01, 1.22e-01, -4.82e-02, 4.48e-01, 2.40e-01, 1.00e+00, 2.64e+00, -2.91e-01, 2.77e-02, 1.51e+01]
39000 [5.19e-01, 1.26e-01, 1.21e-01, -4.73e-02, 4.51e-01, 2.46e-01, 1.00e+00, 2.63e+00, -2.94e-01, 2.72e-02, 1.51e+01]
39100 [5.30e-01, 1.28e-01, 1.20e-01, -4.71e-02, 4.54e-01, 2.53e-01, 1.00e+00, 2.63e+00, -2.97e-01, 2.67e-02, 1.51e+01]
39200 [5.22e-01, 1.27e-01, 1.29e-01, -4.65e-02, 4.54e-01, 2.52e-01, 1.00e+00, 2.62e+00, -3.00e-01, 2.62e-02, 1.51e+01]
39300 [4.83e-01, 1.32e-01, 1.24e-01, -4.44e-02, 3.91e-01, 2.24e-01, 1.00e+00, 2.59e+00, -3.00e-01, 2.43e-02, 1.51e+01]
39400 [4.93e-01, 1.34e-01, 1.24e-01, -4.16e-02, 3.93e-01, 2.32e-01, 1.00e+00, 2.57e+00, -3.01e-01, 2.36e-02, 1.51e+01]
39500 [5.03e-01, 1.36e-01, 1.24e-01, -4.16e-02, 3.96e-01, 2.41e-01, 1.00e+00, 2.56e+00, -3.03e-01, 2.31e-02, 1.51e+01]
39600 [5.13e-01, 1.38e-01, 1.23e-01, -4.31e-02, 3.99e-01, 2.49e-01, 1.00e+00, 2.55e+00, -3.06e-01, 2.28e-02, 1.51e+01]
39700 [5.23e-01, 1.40e-01, 1.22e-01, -4.55e-02, 4.02e-01, 2.57e-01, 1.00e+00, 2.54e+00, -3.09e-01, 2.25e-02, 1.51e+01]
39800 [5.34e-01, 1.42e-01, 1.21e-01, -4.86e-02, 4.05e-01, 2.65e-01, 1.00e+00, 2.54e+00, -3.12e-01, 2.22e-02, 1.51e+01]
39900 [4.94e-01, 1.43e-01, 1.23e-01, -9.04e-02, 3.57e-01, 1.97e-01, 1.00e+00, 2.55e+00, -2.74e-01, 3.97e-02, 1.51e+01]
40000 [4.95e-01, 1.47e-01, 1.21e-01, -8.52e-02, 3.44e-01, 1.93e-01, 1.00e+00, 2.52e+00, -2.69e-01, 2.97e-02, 1.51e+01]
40000 [4.95e-01, 1.47e-01, 1.21e-01, -8.52e-02, 3.44e-01, 1.93e-01, 1.00e+00, 2.52e+00, -2.69e-01, 2.97e-02, 1.51e+01]
40100 [4.82e-01, 1.46e-01, 1.36e-01, -9.42e-02, 3.17e-01, 1.70e-01, 1.00e+00, 2.52e+00, -2.55e-01, 2.73e-02, 1.51e+01]
40200 [4.83e-01, 1.48e-01, 1.34e-01, -9.30e-02, 3.17e-01, 1.75e-01, 1.00e+00, 2.52e+00, -2.55e-01, 2.71e-02, 1.51e+01]
40300 [4.84e-01, 1.49e-01, 1.32e-01, -9.17e-02, 3.17e-01, 1.80e-01, 1.00e+00, 2.52e+00, -2.55e-01, 2.70e-02, 1.51e+01]
40400 [4.85e-01, 1.50e-01, 1.29e-01, -9.03e-02, 3.18e-01, 1.87e-01, 1.00e+00, 2.51e+00, -2.55e-01, 2.69e-02, 1.51e+01]
40500 [4.87e-01, 1.51e-01, 1.27e-01, -8.90e-02, 3.18e-01, 1.94e-01, 1.00e+00, 2.51e+00, -2.55e-01, 2.68e-02, 1.51e+01]
40600 [4.89e-01, 1.52e-01, 1.25e-01, -8.77e-02, 3.19e-01, 2.02e-01, 1.00e+00, 2.51e+00, -2.56e-01, 2.67e-02, 1.51e+01]
40700 [4.92e-01, 1.54e-01, 1.24e-01, -8.66e-02, 3.19e-01, 2.10e-01, 1.00e+00, 2.51e+00, -2.56e-01, 2.68e-02, 1.51e+01]
40800 [4.94e-01, 1.55e-01, 1.23e-01, -8.56e-02, 3.20e-01, 2.19e-01, 1.00e+00, 2.51e+00, -2.57e-01, 2.68e-02, 1.51e+01]
40900 [4.97e-01, 1.57e-01, 1.23e-01, -8.48e-02, 3.21e-01, 2.27e-01, 1.00e+00, 2.50e+00, -2.58e-01, 2.69e-02, 1.51e+01]
41000 [5.00e-01, 1.58e-01, 1.23e-01, -8.41e-02, 3.21e-01, 2.36e-01, 1.00e+00, 2.50e+00, -2.60e-01, 2.70e-02, 1.51e+01]
41100 [5.03e-01, 1.60e-01, 1.23e-01, -8.36e-02, 3.22e-01, 2.45e-01, 1.00e+00, 2.50e+00, -2.61e-01, 2.71e-02, 1.51e+01]
41200 [5.06e-01, 1.62e-01, 1.23e-01, -8.33e-02, 3.23e-01, 2.54e-01, 1.00e+00, 2.50e+00, -2.63e-01, 2.72e-02, 1.51e+01]
41300 [5.08e-01, 1.63e-01, 1.22e-01, -8.36e-02, 3.22e-01, 2.08e-01, 1.00e+00, 2.50e+00, -2.60e-01, 3.21e-02, 1.50e+01]
41400 [5.12e-01, 1.66e-01, 1.20e-01, -8.27e-02, 3.23e-01, 2.17e-01, 1.00e+00, 2.50e+00, -2.61e-01, 3.15e-02, 1.50e+01]
41500 [5.16e-01, 1.69e-01, 1.19e-01, -8.18e-02, 3.24e-01, 2.26e-01, 1.00e+00, 2.50e+00, -2.62e-01, 3.11e-02, 1.50e+01]
41600 [5.20e-01, 1.71e-01, 1.19e-01, -8.13e-02, 3.25e-01, 2.36e-01, 1.00e+00, 2.49e+00, -2.64e-01, 3.07e-02, 1.50e+01]
41700 [5.07e-01, 1.74e-01, 1.10e-01, -8.40e-02, 3.25e-01, 2.35e-01, 1.00e+00, 2.49e+00, -2.67e-01, 3.05e-02, 1.50e+01]
41800 [5.12e-01, 1.76e-01, 1.16e-01, -8.32e-02, 3.26e-01, 2.44e-01, 1.00e+00, 2.49e+00, -2.69e-01, 3.00e-02, 1.50e+01]
41900 [5.16e-01, 1.79e-01, 1.19e-01, -8.29e-02, 3.27e-01, 2.54e-01, 1.00e+00, 2.49e+00, -2.71e-01, 2.95e-02, 1.50e+01]
42000 [5.21e-01, 1.82e-01, 1.20e-01, -8.31e-02, 3.28e-01, 2.63e-01, 1.00e+00, 2.49e+00, -2.73e-01, 2.90e-02, 1.50e+01]
42100 [5.20e-01, 1.85e-01, 1.22e-01, -8.67e-02, 3.21e-01, 2.08e-01, 1.00e+00, 2.49e+00, -2.67e-01, 3.06e-02, 1.50e+01]
42200 [5.25e-01, 1.88e-01, 1.18e-01, -8.54e-02, 3.23e-01, 2.17e-01, 1.00e+00, 2.49e+00, -2.67e-01, 2.95e-02, 1.50e+01]
42300 [5.18e-01, 1.91e-01, 1.17e-01, -8.75e-02, 3.24e-01, 2.27e-01, 1.00e+00, 2.49e+00, -2.68e-01, 2.92e-02, 1.50e+01]
42400 [5.24e-01, 1.95e-01, 1.17e-01, -8.65e-02, 3.26e-01, 2.37e-01, 1.00e+00, 2.48e+00, -2.70e-01, 2.85e-02, 1.50e+01]
42500 [5.13e-01, 1.96e-01, 1.23e-01, -8.80e-02, 3.28e-01, 2.45e-01, 1.00e+00, 2.48e+00, -2.72e-01, 2.85e-02, 1.50e+01]
42600 [5.12e-01, 2.01e-01, 1.25e-01, -8.61e-02, 3.27e-01, 2.54e-01, 1.00e+00, 2.48e+00, -2.74e-01, 2.78e-02, 1.50e+01]
42700 [5.19e-01, 2.04e-01, 1.23e-01, -8.62e-02, 3.29e-01, 2.64e-01, 1.00e+00, 2.48e+00, -2.77e-01, 2.72e-02, 1.50e+01]
42800 [5.24e-01, 2.07e-01, 1.17e-01, -8.88e-02, 3.21e-01, 2.67e-01, 1.00e+00, 2.48e+00, -2.79e-01, 2.70e-02, 1.50e+01]
42900 [5.19e-01, 2.11e-01, 1.17e-01, -9.45e-02, 3.18e-01, 2.52e-01, 1.00e+00, 2.48e+00, -2.79e-01, 2.95e-02, 1.50e+01]
43000 [5.26e-01, 2.15e-01, 1.18e-01, -9.45e-02, 3.20e-01, 2.61e-01, 1.00e+00, 2.48e+00, -2.80e-01, 2.80e-02, 1.50e+01]
43100 [5.17e-01, 2.14e-01, 1.17e-01, -9.79e-02, 2.92e-01, 2.64e-01, 1.00e+00, 2.48e+00, -2.79e-01, 2.37e-02, 1.50e+01]
43200 [5.25e-01, 2.20e-01, 1.19e-01, -9.81e-02, 2.92e-01, 2.71e-01, 1.00e+00, 2.48e+00, -2.81e-01, 2.32e-02, 1.50e+01]
43300 [5.21e-01, 2.23e-01, 1.21e-01, -1.04e-01, 2.92e-01, 2.41e-01, 1.00e+00, 2.49e+00, -2.81e-01, 2.90e-02, 1.50e+01]
43400 [5.28e-01, 2.27e-01, 1.19e-01, -1.03e-01, 2.94e-01, 2.51e-01, 1.00e+00, 2.49e+00, -2.80e-01, 2.65e-02, 1.50e+01]
43500 [5.12e-01, 2.31e-01, 1.17e-01, -1.10e-01, 2.97e-01, 2.62e-01, 1.00e+00, 2.49e+00, -2.82e-01, 2.61e-02, 1.50e+01]
43600 [5.18e-01, 2.35e-01, 1.20e-01, -1.09e-01, 3.00e-01, 2.72e-01, 1.00e+00, 2.49e+00, -2.83e-01, 2.44e-02, 1.50e+01]
43700 [5.28e-01, 2.38e-01, 1.20e-01, -1.10e-01, 2.99e-01, 2.49e-01, 1.00e+00, 2.49e+00, -2.81e-01, 2.80e-02, 1.50e+01]
43800 [5.27e-01, 2.43e-01, 1.16e-01, -1.13e-01, 2.95e-01, 2.44e-01, 1.00e+00, 2.49e+00, -2.79e-01, 2.36e-02, 1.50e+01]
43900 [5.22e-01, 2.42e-01, 1.13e-01, -1.14e-01, 2.79e-01, 2.57e-01, 1.00e+00, 2.50e+00, -2.79e-01, 2.23e-02, 1.50e+01]
44000 [5.30e-01, 2.49e-01, 1.15e-01, -1.13e-01, 2.74e-01, 2.67e-01, 1.00e+00, 2.50e+00, -2.80e-01, 2.16e-02, 1.50e+01]
44100 [5.09e-01, 2.53e-01, 1.17e-01, -1.21e-01, 2.75e-01, 2.73e-01, 1.00e+00, 2.50e+00, -2.83e-01, 2.35e-02, 1.50e+01]
44200 [5.18e-01, 2.57e-01, 1.20e-01, -1.19e-01, 2.75e-01, 2.84e-01, 1.00e+00, 2.50e+00, -2.84e-01, 2.16e-02, 1.50e+01]
44300 [5.30e-01, 2.61e-01, 1.19e-01, -1.19e-01, 2.70e-01, 2.55e-01, 1.00e+00, 2.50e+00, -2.78e-01, 2.39e-02, 1.50e+01]
44400 [5.14e-01, 2.66e-01, 1.18e-01, -1.25e-01, 2.69e-01, 2.66e-01, 1.00e+00, 2.51e+00, -2.79e-01, 2.37e-02, 1.50e+01]
44500 [5.25e-01, 2.70e-01, 1.19e-01, -1.21e-01, 2.71e-01, 2.78e-01, 1.00e+00, 2.51e+00, -2.81e-01, 2.16e-02, 1.50e+01]
44600 [5.38e-01, 2.71e-01, 1.17e-01, -1.20e-01, 2.56e-01, 2.75e-01, 1.00e+00, 2.52e+00, -2.83e-01, 2.20e-02, 1.50e+01]
44700 [5.29e-01, 2.76e-01, 1.18e-01, -1.25e-01, 2.59e-01, 2.83e-01, 1.00e+00, 2.52e+00, -2.83e-01, 2.23e-02, 1.50e+01]
44800 [5.36e-01, 2.81e-01, 1.17e-01, -1.28e-01, 2.54e-01, 2.53e-01, 1.00e+00, 2.53e+00, -2.79e-01, 2.14e-02, 1.50e+01]
44900 [5.25e-01, 2.86e-01, 1.16e-01, -1.30e-01, 2.58e-01, 2.67e-01, 1.00e+00, 2.53e+00, -2.79e-01, 2.10e-02, 1.50e+01]
45000 [5.40e-01, 2.87e-01, 1.16e-01, -1.26e-01, 2.45e-01, 2.81e-01, 1.00e+00, 2.54e+00, -2.81e-01, 1.92e-02, 1.50e+01]
45100 [5.22e-01, 2.93e-01, 1.18e-01, -1.33e-01, 2.37e-01, 2.85e-01, 1.00e+00, 2.54e+00, -2.79e-01, 2.06e-02, 1.50e+01]
45200 [5.36e-01, 2.97e-01, 1.16e-01, -1.33e-01, 2.30e-01, 2.50e-01, 1.00e+00, 2.55e+00, -2.77e-01, 2.03e-02, 1.50e+01]
45300 [5.30e-01, 3.00e-01, 1.15e-01, -1.33e-01, 2.27e-01, 2.64e-01, 1.00e+00, 2.55e+00, -2.74e-01, 1.99e-02, 1.50e+01]
45400 [5.11e-01, 3.05e-01, 1.15e-01, -1.38e-01, 2.32e-01, 2.74e-01, 1.00e+00, 2.56e+00, -2.80e-01, 2.27e-02, 1.50e+01]
45500 [5.17e-01, 3.10e-01, 1.18e-01, -1.31e-01, 2.16e-01, 2.82e-01, 1.00e+00, 2.56e+00, -2.81e-01, 1.91e-02, 1.50e+01]
45600 [5.33e-01, 3.09e-01, 1.16e-01, -1.28e-01, 2.06e-01, 2.75e-01, 1.00e+00, 2.57e+00, -2.83e-01, 2.38e-02, 1.50e+01]
45700 [5.25e-01, 3.16e-01, 1.16e-01, -1.36e-01, 2.02e-01, 2.79e-01, 1.00e+00, 2.58e+00, -2.80e-01, 2.23e-02, 1.50e+01]
45800 [5.42e-01, 3.21e-01, 1.16e-01, -1.34e-01, 2.06e-01, 2.92e-01, 1.00e+00, 2.59e+00, -2.79e-01, 1.99e-02, 1.50e+01]
45900 [5.25e-01, 3.24e-01, 1.17e-01, -1.44e-01, 1.35e-01, 2.62e-01, 1.00e+00, 2.59e+00, -2.66e-01, 1.68e-02, 1.50e+01]
46000 [5.43e-01, 3.29e-01, 1.15e-01, -1.41e-01, 1.38e-01, 2.77e-01, 1.00e+00, 2.60e+00, -2.61e-01, 2.04e-02, 1.50e+01]
46100 [5.15e-01, 3.32e-01, 1.12e-01, -1.46e-01, 1.33e-01, 2.83e-01, 1.00e+00, 2.60e+00, -2.57e-01, 2.21e-02, 1.50e+01]
46200 [5.33e-01, 3.36e-01, 1.16e-01, -1.46e-01, 1.32e-01, 2.59e-01, 1.00e+00, 2.61e+00, -2.61e-01, 3.21e-02, 1.50e+01]
46300 [5.26e-01, 3.39e-01, 1.15e-01, -1.48e-01, 1.29e-01, 2.61e-01, 1.00e+00, 2.62e+00, -2.46e-01, 2.75e-02, 1.50e+01]
46400 [5.44e-01, 3.44e-01, 1.14e-01, -1.43e-01, 1.30e-01, 2.76e-01, 1.00e+00, 2.63e+00, -2.44e-01, 2.64e-02, 1.50e+01]
46500 [5.00e-01, 3.44e-01, 1.20e-01, -1.49e-01, 1.04e-01, 2.72e-01, 1.00e+00, 2.62e+00, -2.38e-01, 2.40e-02, 1.50e+01]
46600 [5.18e-01, 3.51e-01, 1.20e-01, -1.41e-01, 1.05e-01, 2.87e-01, 1.00e+00, 2.62e+00, -2.38e-01, 2.69e-02, 1.50e+01]
46700 [5.30e-01, 3.55e-01, 1.15e-01, -1.52e-01, 1.02e-01, 2.59e-01, 1.00e+00, 2.64e+00, -2.47e-01, 4.38e-02, 1.49e+01]
46800 [5.38e-01, 3.59e-01, 1.12e-01, -1.48e-01, 8.54e-02, 2.40e-01, 1.00e+00, 2.64e+00, -2.34e-01, 2.18e-02, 1.49e+01]
46900 [5.16e-01, 3.61e-01, 1.13e-01, -1.51e-01, 8.80e-02, 2.54e-01, 1.00e+00, 2.64e+00, -2.24e-01, 2.99e-02, 1.49e+01]
47000 [5.35e-01, 3.66e-01, 1.13e-01, -1.43e-01, 8.73e-02, 2.67e-01, 1.00e+00, 2.64e+00, -2.23e-01, 3.14e-02, 1.49e+01]
47100 [5.05e-01, 3.71e-01, 1.09e-01, -1.68e-01, 9.32e-02, 2.76e-01, 1.00e+00, 2.66e+00, -2.27e-01, 3.63e-02, 1.49e+01]
47200 [4.99e-01, 3.76e-01, 1.15e-01, -1.47e-01, 6.72e-02, 2.76e-01, 1.00e+00, 2.63e+00, -2.21e-01, 2.91e-02, 1.49e+01]
47300 [5.16e-01, 3.82e-01, 1.17e-01, -1.42e-01, 6.55e-02, 2.89e-01, 1.00e+00, 2.64e+00, -2.21e-01, 3.15e-02, 1.49e+01]
47400 [5.32e-01, 3.81e-01, 1.09e-01, -1.51e-01, 6.38e-02, 2.55e-01, 1.00e+00, 2.66e+00, -2.33e-01, 5.39e-02, 1.49e+01]
47500 [5.29e-01, 3.85e-01, 1.12e-01, -1.57e-01, 6.29e-02, 2.57e-01, 1.00e+00, 2.67e+00, -2.17e-01, 3.48e-02, 1.49e+01]
47600 [5.42e-01, 3.90e-01, 1.11e-01, -1.49e-01, 6.03e-02, 2.70e-01, 1.00e+00, 2.68e+00, -2.13e-01, 3.37e-02, 1.49e+01]
47700 [5.00e-01, 3.95e-01, 1.14e-01, -1.73e-01, 6.08e-02, 2.69e-01, 1.00e+00, 2.68e+00, -2.18e-01, 3.65e-02, 1.49e+01]
47800 [5.16e-01, 4.01e-01, 1.16e-01, -1.48e-01, 5.46e-02, 2.81e-01, 1.00e+00, 2.67e+00, -2.13e-01, 3.19e-02, 1.49e+01]
47900 [5.33e-01, 4.06e-01, 1.16e-01, -1.49e-01, 5.09e-02, 2.94e-01, 1.00e+00, 2.68e+00, -2.14e-01, 3.35e-02, 1.49e+01]
48000 [5.44e-01, 4.05e-01, 1.14e-01, -1.58e-01, 4.30e-02, 2.87e-01, 1.00e+00, 2.71e+00, -2.18e-01, 3.37e-02, 1.49e+01]
48100 [5.45e-01, 4.11e-01, 1.13e-01, -1.58e-01, 4.16e-02, 2.96e-01, 1.00e+00, 2.72e+00, -2.17e-01, 3.20e-02, 1.49e+01]
48200 [5.29e-01, 4.15e-01, 1.12e-01, -1.63e-01, 3.46e-02, 2.72e-01, 1.00e+00, 2.73e+00, -2.17e-01, 2.71e-02, 1.49e+01]
48300 [5.47e-01, 4.21e-01, 1.12e-01, -1.56e-01, 3.00e-02, 2.87e-01, 1.00e+00, 2.75e+00, -2.12e-01, 3.27e-02, 1.49e+01]
48400 [5.21e-01, 4.11e-01, 1.14e-01, -1.61e-01, -6.76e-03, 2.69e-01, 1.00e+00, 2.73e+00, -2.15e-01, 2.11e-02, 1.49e+01]
48500 [5.39e-01, 4.17e-01, 1.13e-01, -1.54e-01, -1.16e-02, 2.84e-01, 1.00e+00, 2.74e+00, -2.05e-01, 3.29e-02, 1.48e+01]
48600 [5.03e-01, 4.22e-01, 1.15e-01, -1.86e-01, 4.21e-03, 2.54e-01, 1.00e+00, 2.74e+00, -2.08e-01, 3.80e-02, 1.48e+01]
48700 [5.20e-01, 4.28e-01, 1.15e-01, -1.52e-01, 1.73e-04, 2.69e-01, 1.00e+00, 2.71e+00, -1.93e-01, 3.53e-02, 1.48e+01]
48800 [5.38e-01, 4.33e-01, 1.14e-01, -1.53e-01, -7.19e-03, 2.86e-01, 1.00e+00, 2.73e+00, -1.91e-01, 3.88e-02, 1.48e+01]
48900 [5.13e-01, 4.38e-01, 1.10e-01, -1.94e-01, -3.70e-03, 2.56e-01, 1.00e+00, 2.76e+00, -2.23e-01, 4.90e-02, 1.48e+01]
49000 [4.99e-01, 4.43e-01, 1.12e-01, -1.55e-01, -6.54e-03, 2.44e-01, 1.00e+00, 2.67e+00, -2.07e-01, 2.35e-02, 1.48e+01]
49100 [5.15e-01, 4.48e-01, 1.13e-01, -1.44e-01, -1.11e-02, 2.59e-01, 1.00e+00, 2.66e+00, -1.96e-01, 3.49e-02, 1.48e+01]
49200 [5.31e-01, 4.54e-01, 1.12e-01, -1.48e-01, -1.82e-02, 2.73e-01, 1.00e+00, 2.68e+00, -1.90e-01, 3.91e-02, 1.48e+01]
49300 [5.46e-01, 4.59e-01, 1.12e-01, -1.55e-01, -2.75e-02, 2.86e-01, 1.00e+00, 2.72e+00, -1.86e-01, 4.04e-02, 1.48e+01]
49400 [5.42e-01, 4.55e-01, 1.09e-01, -1.63e-01, -6.89e-03, 2.77e-01, 1.00e+00, 2.73e+00, -1.78e-01, 4.37e-02, 1.48e+01]
49500 [5.16e-01, 4.61e-01, 1.11e-01, -1.88e-01, 6.79e-03, 2.86e-01, 1.00e+00, 2.75e+00, -1.77e-01, 5.17e-02, 1.48e+01]
49600 [5.27e-01, 4.66e-01, 1.14e-01, -1.62e-01, -3.45e-03, 2.97e-01, 1.00e+00, 2.73e+00, -1.78e-01, 4.14e-02, 1.48e+01]
49700 [5.43e-01, 4.71e-01, 1.13e-01, -1.62e-01, -1.18e-02, 2.59e-01, 1.00e+00, 2.75e+00, -1.96e-01, 3.79e-02, 1.47e+01]
49800 [5.07e-01, 4.74e-01, 1.15e-01, -1.95e-01, 1.99e-02, 2.69e-01, 1.00e+00, 2.77e+00, -1.87e-01, 4.79e-02, 1.47e+01]
49900 [5.19e-01, 4.79e-01, 1.15e-01, -1.59e-01, 1.55e-02, 2.79e-01, 1.00e+00, 2.73e+00, -1.85e-01, 3.85e-02, 1.47e+01]
50000 [5.36e-01, 4.82e-01, 1.14e-01, -1.57e-01, 5.22e-03, 2.93e-01, 1.00e+00, 2.76e+00, -1.90e-01, 3.70e-02, 1.47e+01]
50000 [5.36e-01, 4.82e-01, 1.14e-01, -1.57e-01, 5.22e-03, 2.93e-01, 1.00e+00, 2.76e+00, -1.90e-01, 3.70e-02, 1.47e+01]
50100 [5.22e-01, 4.75e-01, 1.12e-01, -1.72e-01, -3.99e-03, 2.73e-01, 1.00e+00, 2.75e+00, -2.14e-01, 2.29e-02, 1.47e+01]
50200 [5.23e-01, 4.75e-01, 1.12e-01, -1.68e-01, -4.20e-03, 2.74e-01, 1.00e+00, 2.75e+00, -2.13e-01, 2.34e-02, 1.47e+01]
50300 [5.25e-01, 4.76e-01, 1.12e-01, -1.66e-01, -4.57e-03, 2.76e-01, 1.00e+00, 2.74e+00, -2.12e-01, 2.41e-02, 1.47e+01]
50400 [5.26e-01, 4.76e-01, 1.12e-01, -1.63e-01, -4.97e-03, 2.79e-01, 1.00e+00, 2.74e+00, -2.11e-01, 2.50e-02, 1.47e+01]
50500 [5.28e-01, 4.77e-01, 1.13e-01, -1.61e-01, -5.49e-03, 2.81e-01, 1.00e+00, 2.75e+00, -2.10e-01, 2.60e-02, 1.47e+01]
50600 [5.31e-01, 4.78e-01, 1.13e-01, -1.59e-01, -6.19e-03, 2.84e-01, 1.00e+00, 2.75e+00, -2.09e-01, 2.72e-02, 1.47e+01]
50700 [5.33e-01, 4.78e-01, 1.13e-01, -1.58e-01, -7.10e-03, 2.88e-01, 1.00e+00, 2.75e+00, -2.08e-01, 2.83e-02, 1.47e+01]
50800 [5.36e-01, 4.79e-01, 1.13e-01, -1.57e-01, -8.22e-03, 2.91e-01, 1.00e+00, 2.76e+00, -2.07e-01, 2.94e-02, 1.47e+01]
50900 [5.39e-01, 4.80e-01, 1.13e-01, -1.58e-01, -9.56e-03, 2.95e-01, 1.00e+00, 2.76e+00, -2.06e-01, 3.05e-02, 1.47e+01]
51000 [5.42e-01, 4.81e-01, 1.13e-01, -1.59e-01, -1.11e-02, 2.99e-01, 1.00e+00, 2.77e+00, -2.05e-01, 3.15e-02, 1.47e+01]
51100 [5.45e-01, 4.82e-01, 1.13e-01, -1.60e-01, -1.29e-02, 3.03e-01, 1.00e+00, 2.78e+00, -2.04e-01, 3.24e-02, 1.47e+01]
51200 [5.49e-01, 4.83e-01, 1.13e-01, -1.62e-01, -1.50e-02, 3.08e-01, 1.00e+00, 2.79e+00, -2.03e-01, 3.31e-02, 1.47e+01]
51300 [5.53e-01, 4.84e-01, 1.13e-01, -1.64e-01, -1.73e-02, 3.13e-01, 1.00e+00, 2.80e+00, -2.03e-01, 3.37e-02, 1.47e+01]
51400 [5.53e-01, 4.85e-01, 1.14e-01, -1.71e-01, -1.80e-02, 2.98e-01, 1.00e+00, 2.81e+00, -2.04e-01, 3.90e-02, 1.47e+01]
51500 [5.50e-01, 4.86e-01, 1.14e-01, -1.76e-01, -1.86e-02, 2.81e-01, 1.00e+00, 2.82e+00, -2.00e-01, 4.11e-02, 1.47e+01]
51600 [5.55e-01, 4.88e-01, 1.13e-01, -1.71e-01, -2.11e-02, 2.86e-01, 1.00e+00, 2.83e+00, -1.93e-01, 3.91e-02, 1.47e+01]
51700 [5.59e-01, 4.89e-01, 1.13e-01, -1.70e-01, -2.41e-02, 2.92e-01, 1.00e+00, 2.84e+00, -1.90e-01, 3.84e-02, 1.47e+01]
51800 [5.40e-01, 4.91e-01, 1.14e-01, -1.90e-01, -1.59e-02, 2.97e-01, 1.00e+00, 2.85e+00, -1.87e-01, 4.11e-02, 1.47e+01]
51900 [5.45e-01, 4.92e-01, 1.14e-01, -1.77e-01, -1.97e-02, 3.02e-01, 1.00e+00, 2.85e+00, -1.85e-01, 3.93e-02, 1.47e+01]
52000 [5.51e-01, 4.94e-01, 1.14e-01, -1.72e-01, -2.40e-02, 3.08e-01, 1.00e+00, 2.85e+00, -1.85e-01, 3.87e-02, 1.47e+01]
52100 [5.56e-01, 4.96e-01, 1.14e-01, -1.71e-01, -2.88e-02, 3.15e-01, 1.00e+00, 2.87e+00, -1.86e-01, 3.86e-02, 1.47e+01]
52200 [5.59e-01, 4.98e-01, 1.13e-01, -1.76e-01, -3.19e-02, 2.72e-01, 1.00e+00, 2.88e+00, -1.93e-01, 4.60e-02, 1.47e+01]
52300 [5.56e-01, 5.00e-01, 1.12e-01, -1.76e-01, -3.17e-02, 2.79e-01, 1.00e+00, 2.89e+00, -1.83e-01, 4.32e-02, 1.47e+01]
52400 [5.59e-01, 5.02e-01, 1.11e-01, -1.73e-01, -3.48e-02, 2.87e-01, 1.00e+00, 2.90e+00, -1.79e-01, 4.19e-02, 1.47e+01]
52500 [5.55e-01, 5.04e-01, 1.12e-01, -1.75e-01, -3.28e-02, 2.95e-01, 1.00e+00, 2.90e+00, -1.77e-01, 4.17e-02, 1.47e+01]
52600 [5.47e-01, 5.06e-01, 1.12e-01, -1.91e-01, -2.62e-02, 2.99e-01, 1.00e+00, 2.91e+00, -1.82e-01, 4.26e-02, 1.47e+01]
52700 [5.43e-01, 5.09e-01, 1.13e-01, -1.79e-01, -1.39e-02, 2.94e-01, 1.00e+00, 2.90e+00, -1.82e-01, 4.19e-02, 1.47e+01]
52800 [5.52e-01, 5.12e-01, 1.13e-01, -1.70e-01, -2.06e-02, 3.03e-01, 1.00e+00, 2.90e+00, -1.82e-01, 4.02e-02, 1.47e+01]
52900 [5.59e-01, 5.15e-01, 1.13e-01, -1.73e-01, -2.78e-02, 3.01e-01, 1.00e+00, 2.92e+00, -1.91e-01, 4.14e-02, 1.47e+01]
53000 [5.43e-01, 5.17e-01, 1.13e-01, -1.75e-01, -1.38e-02, 2.64e-01, 1.00e+00, 2.90e+00, -1.98e-01, 3.30e-02, 1.47e+01]
53100 [5.52e-01, 5.21e-01, 1.11e-01, -1.65e-01, -1.88e-02, 2.74e-01, 1.00e+00, 2.91e+00, -1.91e-01, 3.51e-02, 1.47e+01]
53200 [5.62e-01, 5.24e-01, 1.10e-01, -1.65e-01, -2.54e-02, 2.84e-01, 1.00e+00, 2.93e+00, -1.89e-01, 3.74e-02, 1.47e+01]
53300 [5.31e-01, 5.27e-01, 1.05e-01, -1.68e-01, -4.08e-02, 2.81e-01, 1.00e+00, 2.90e+00, -1.86e-01, 3.92e-02, 1.47e+01]
53400 [5.42e-01, 5.31e-01, 1.08e-01, -1.59e-01, -4.89e-02, 2.91e-01, 1.00e+00, 2.90e+00, -1.82e-01, 3.98e-02, 1.47e+01]
53500 [5.51e-01, 5.32e-01, 1.10e-01, -1.67e-01, -3.07e-02, 3.00e-01, 1.00e+00, 2.91e+00, -1.81e-01, 3.97e-02, 1.47e+01]
53600 [5.52e-01, 5.36e-01, 1.13e-01, -1.84e-01, -2.29e-02, 2.73e-01, 1.00e+00, 2.93e+00, -1.99e-01, 4.33e-02, 1.46e+01]
53700 [5.55e-01, 5.39e-01, 1.10e-01, -1.77e-01, -2.67e-02, 2.83e-01, 1.00e+00, 2.94e+00, -1.87e-01, 3.91e-02, 1.46e+01]
53800 [5.49e-01, 5.43e-01, 1.08e-01, -1.70e-01, -3.37e-02, 2.92e-01, 1.00e+00, 2.93e+00, -1.83e-01, 3.88e-02, 1.46e+01]
53900 [5.60e-01, 5.45e-01, 1.10e-01, -1.70e-01, -3.40e-02, 3.03e-01, 1.00e+00, 2.95e+00, -1.83e-01, 3.89e-02, 1.46e+01]
54000 [5.50e-01, 5.49e-01, 1.12e-01, -1.75e-01, -2.99e-02, 2.97e-01, 1.00e+00, 2.94e+00, -1.93e-01, 3.59e-02, 1.46e+01]
54100 [5.63e-01, 5.52e-01, 1.11e-01, -1.73e-01, -3.45e-02, 2.99e-01, 1.00e+00, 2.97e+00, -1.93e-01, 3.85e-02, 1.46e+01]
54200 [5.45e-01, 5.54e-01, 1.09e-01, -1.72e-01, -9.75e-03, 2.84e-01, 1.00e+00, 2.94e+00, -1.89e-01, 3.61e-02, 1.46e+01]
54300 [5.59e-01, 5.59e-01, 1.10e-01, -1.66e-01, -2.03e-02, 2.97e-01, 1.00e+00, 2.97e+00, -1.89e-01, 3.79e-02, 1.46e+01]
54400 [5.56e-01, 5.58e-01, 1.09e-01, -1.71e-01, -8.90e-03, 2.88e-01, 1.00e+00, 2.97e+00, -1.91e-01, 3.88e-02, 1.46e+01]
54500 [5.33e-01, 5.63e-01, 1.09e-01, -1.92e-01, -2.36e-03, 2.87e-01, 1.00e+00, 2.98e+00, -1.95e-01, 4.35e-02, 1.46e+01]
54600 [5.47e-01, 5.68e-01, 1.11e-01, -1.65e-01, -1.40e-02, 2.97e-01, 1.00e+00, 2.97e+00, -1.88e-01, 3.79e-02, 1.46e+01]
54700 [5.52e-01, 5.72e-01, 1.10e-01, -1.82e-01, -3.23e-02, 2.60e-01, 1.00e+00, 3.00e+00, -2.13e-01, 4.81e-02, 1.46e+01]
54800 [5.60e-01, 5.75e-01, 1.08e-01, -1.65e-01, -3.16e-02, 2.58e-01, 1.00e+00, 3.00e+00, -1.99e-01, 3.14e-02, 1.46e+01]
54900 [5.65e-01, 5.76e-01, 1.08e-01, -1.65e-01, -2.43e-02, 2.71e-01, 1.00e+00, 3.01e+00, -1.90e-01, 3.67e-02, 1.46e+01]
55000 [5.38e-01, 5.81e-01, 1.08e-01, -1.68e-01, -1.07e-02, 2.82e-01, 1.00e+00, 2.98e+00, -1.83e-01, 3.90e-02, 1.46e+01]
55100 [5.56e-01, 5.83e-01, 1.10e-01, -1.64e-01, -2.07e-02, 2.94e-01, 1.00e+00, 3.00e+00, -1.84e-01, 3.91e-02, 1.46e+01]
55200 [5.32e-01, 5.87e-01, 1.10e-01, -1.94e-01, -1.56e-02, 2.83e-01, 1.00e+00, 3.01e+00, -2.02e-01, 4.17e-02, 1.46e+01]
55300 [5.48e-01, 5.92e-01, 1.11e-01, -1.64e-01, -2.31e-02, 2.95e-01, 1.00e+00, 2.99e+00, -1.91e-01, 3.63e-02, 1.46e+01]
55400 [5.58e-01, 5.94e-01, 1.11e-01, -1.78e-01, -3.03e-02, 2.90e-01, 1.00e+00, 3.03e+00, -1.99e-01, 4.41e-02, 1.46e+01]
55500 [5.67e-01, 5.97e-01, 1.10e-01, -1.71e-01, -3.03e-02, 2.96e-01, 1.00e+00, 3.05e+00, -1.89e-01, 3.75e-02, 1.46e+01]
55600 [5.43e-01, 6.02e-01, 1.12e-01, -1.72e-01, 1.73e-03, 2.93e-01, 1.00e+00, 3.02e+00, -1.86e-01, 3.86e-02, 1.46e+01]
55700 [5.62e-01, 6.04e-01, 1.12e-01, -1.68e-01, -1.29e-02, 3.05e-01, 1.00e+00, 3.05e+00, -1.91e-01, 3.82e-02, 1.46e+01]
55800 [5.53e-01, 6.06e-01, 1.10e-01, -1.87e-01, -1.01e-02, 2.90e-01, 1.00e+00, 3.08e+00, -1.96e-01, 3.68e-02, 1.46e+01]
55900 [5.60e-01, 6.09e-01, 1.12e-01, -1.70e-01, -1.40e-02, 3.00e-01, 1.00e+00, 3.07e+00, -1.93e-01, 3.58e-02, 1.46e+01]
56000 [5.46e-01, 6.11e-01, 1.04e-01, -1.68e-01, -1.41e-02, 2.81e-01, 1.00e+00, 3.06e+00, -1.95e-01, 3.76e-02, 1.45e+01]
56100 [5.67e-01, 6.17e-01, 1.07e-01, -1.64e-01, -2.93e-02, 2.96e-01, 1.00e+00, 3.09e+00, -1.90e-01, 3.87e-02, 1.45e+01]
56200 [5.44e-01, 6.13e-01, 1.13e-01, -1.74e-01, -4.69e-03, 2.95e-01, 1.00e+00, 3.04e+00, -2.08e-01, 2.73e-02, 1.45e+01]
56300 [5.62e-01, 6.18e-01, 1.13e-01, -1.76e-01, -1.47e-02, 2.78e-01, 1.00e+00, 3.08e+00, -2.15e-01, 4.70e-02, 1.45e+01]
56400 [5.47e-01, 6.23e-01, 1.08e-01, -1.81e-01, -1.18e-02, 2.74e-01, 1.00e+00, 3.10e+00, -1.94e-01, 3.83e-02, 1.45e+01]
56500 [5.65e-01, 6.28e-01, 1.09e-01, -1.66e-01, -2.63e-02, 2.89e-01, 1.00e+00, 3.10e+00, -1.87e-01, 3.87e-02, 1.45e+01]
56600 [5.20e-01, 6.33e-01, 1.10e-01, -1.92e-01, 1.64e-02, 2.75e-01, 1.00e+00, 3.06e+00, -1.87e-01, 4.89e-02, 1.45e+01]
56700 [5.39e-01, 6.35e-01, 1.12e-01, -1.60e-01, 3.47e-03, 2.90e-01, 1.00e+00, 3.02e+00, -1.85e-01, 3.87e-02, 1.45e+01]
56800 [5.58e-01, 6.38e-01, 1.12e-01, -1.65e-01, -8.88e-03, 2.97e-01, 1.00e+00, 3.07e+00, -1.92e-01, 4.38e-02, 1.45e+01]
56900 [5.45e-01, 6.42e-01, 1.10e-01, -1.91e-01, -1.78e-02, 2.83e-01, 1.00e+00, 3.11e+00, -2.08e-01, 4.21e-02, 1.45e+01]
57000 [5.61e-01, 6.44e-01, 1.11e-01, -1.68e-01, -2.58e-02, 2.97e-01, 1.00e+00, 3.10e+00, -1.92e-01, 3.53e-02, 1.45e+01]
57100 [5.37e-01, 6.48e-01, 1.08e-01, -1.93e-01, -3.47e-02, 2.77e-01, 1.00e+00, 3.10e+00, -2.08e-01, 3.98e-02, 1.45e+01]
57200 [5.55e-01, 6.51e-01, 1.11e-01, -1.66e-01, -4.27e-02, 2.93e-01, 1.00e+00, 3.07e+00, -1.89e-01, 3.59e-02, 1.45e+01]
57300 [5.61e-01, 6.54e-01, 1.11e-01, -1.88e-01, -4.41e-02, 2.93e-01, 1.00e+00, 3.13e+00, -1.96e-01, 3.85e-02, 1.45e+01]
57400 [5.72e-01, 6.57e-01, 1.10e-01, -1.76e-01, -4.99e-02, 3.00e-01, 1.00e+00, 3.12e+00, -1.90e-01, 3.51e-02, 1.45e+01]
57500 [5.61e-01, 6.61e-01, 1.11e-01, -1.81e-01, -3.30e-02, 2.78e-01, 1.00e+00, 3.12e+00, -1.95e-01, 4.71e-02, 1.45e+01]
57600 [5.44e-01, 6.63e-01, 1.09e-01, -1.96e-01, -1.37e-02, 2.86e-01, 1.00e+00, 3.14e+00, -1.83e-01, 4.35e-02, 1.45e+01]
57700 [5.63e-01, 6.67e-01, 1.11e-01, -1.70e-01, -2.65e-02, 2.99e-01, 1.00e+00, 3.12e+00, -1.83e-01, 3.90e-02, 1.45e+01]
57800 [5.60e-01, 6.69e-01, 1.10e-01, -1.81e-01, -2.67e-02, 2.91e-01, 1.00e+00, 3.14e+00, -1.91e-01, 3.81e-02, 1.44e+01]
57900 [5.56e-01, 6.70e-01, 1.09e-01, -1.92e-01, -1.68e-02, 2.93e-01, 1.00e+00, 3.17e+00, -1.91e-01, 4.67e-02, 1.44e+01]
58000 [5.77e-01, 6.75e-01, 1.10e-01, -1.74e-01, -3.13e-02, 3.04e-01, 1.00e+00, 3.18e+00, -1.86e-01, 3.89e-02, 1.44e+01]
58100 [5.39e-01, 6.77e-01, 1.10e-01, -1.65e-01, -1.97e-03, 2.84e-01, 1.00e+00, 3.09e+00, -2.08e-01, 2.76e-02, 1.44e+01]
58200 [5.62e-01, 6.82e-01, 1.12e-01, -1.63e-01, -1.57e-02, 3.03e-01, 1.00e+00, 3.13e+00, -2.00e-01, 3.53e-02, 1.44e+01]
58300 [5.72e-01, 6.81e-01, 1.13e-01, -1.74e-01, -1.41e-02, 2.59e-01, 1.00e+00, 3.18e+00, -2.07e-01, 3.21e-02, 1.44e+01]
58400 [5.53e-01, 6.86e-01, 1.09e-01, -1.74e-01, -1.79e-02, 2.76e-01, 1.00e+00, 3.16e+00, -1.86e-01, 3.71e-02, 1.44e+01]
58500 [5.76e-01, 6.90e-01, 1.10e-01, -1.70e-01, -3.47e-02, 2.91e-01, 1.00e+00, 3.19e+00, -1.83e-01, 3.99e-02, 1.44e+01]
58600 [5.67e-01, 6.91e-01, 1.09e-01, -1.74e-01, -3.85e-02, 2.98e-01, 1.00e+00, 3.19e+00, -1.82e-01, 3.82e-02, 1.44e+01]
58700 [5.20e-01, 6.95e-01, 1.07e-01, -2.03e-01, -3.68e-02, 2.71e-01, 1.00e+00, 3.15e+00, -2.01e-01, 4.55e-02, 1.44e+01]
58800 [5.40e-01, 6.98e-01, 1.11e-01, -1.60e-01, -3.97e-02, 2.85e-01, 1.00e+00, 3.07e+00, -1.84e-01, 3.73e-02, 1.44e+01]
58900 [5.62e-01, 7.02e-01, 1.12e-01, -1.66e-01, -5.26e-02, 3.00e-01, 1.00e+00, 3.11e+00, -1.79e-01, 4.14e-02, 1.44e+01]
59000 [5.62e-01, 7.04e-01, 1.12e-01, -1.93e-01, -4.50e-02, 2.89e-01, 1.00e+00, 3.16e+00, -1.86e-01, 4.25e-02, 1.44e+01]
59100 [5.82e-01, 7.07e-01, 1.11e-01, -1.80e-01, -5.90e-02, 3.02e-01, 1.00e+00, 3.18e+00, -1.77e-01, 3.99e-02, 1.44e+01]
59200 [5.39e-01, 7.11e-01, 1.12e-01, -1.78e-01, 1.33e-02, 2.77e-01, 1.00e+00, 3.10e+00, -1.82e-01, 3.52e-02, 1.43e+01]
59300 [5.60e-01, 7.14e-01, 1.13e-01, -1.69e-01, -2.10e-03, 2.95e-01, 1.00e+00, 3.12e+00, -1.87e-01, 3.83e-02, 1.43e+01]
59400 [5.66e-01, 7.15e-01, 1.09e-01, -1.86e-01, -2.44e-02, 2.89e-01, 1.00e+00, 3.19e+00, -2.00e-01, 4.96e-02, 1.43e+01]
59500 [5.71e-01, 7.18e-01, 1.10e-01, -1.73e-01, -2.81e-02, 2.93e-01, 1.00e+00, 3.19e+00, -1.86e-01, 3.70e-02, 1.43e+01]
59600 [5.63e-01, 7.21e-01, 1.11e-01, -1.85e-01, -2.99e-02, 2.92e-01, 1.00e+00, 3.21e+00, -1.94e-01, 3.47e-02, 1.43e+01]
59700 [5.63e-01, 7.23e-01, 1.09e-01, -1.96e-01, -4.40e-02, 2.93e-01, 1.00e+00, 3.25e+00, -2.00e-01, 4.19e-02, 1.43e+01]
59800 [5.70e-01, 7.26e-01, 1.11e-01, -1.76e-01, -4.07e-02, 3.03e-01, 1.00e+00, 3.22e+00, -1.90e-01, 3.54e-02, 1.43e+01]
59900 [5.70e-01, 7.27e-01, 1.10e-01, -1.91e-01, -3.81e-02, 2.99e-01, 1.00e+00, 3.27e+00, -1.87e-01, 4.03e-02, 1.43e+01]
60000 [5.42e-01, 7.31e-01, 1.08e-01, -2.08e-01, -3.33e-02, 2.84e-01, 1.00e+00, 3.26e+00, -2.02e-01, 4.19e-02, 1.43e+01]
60000 [5.42e-01, 7.31e-01, 1.08e-01, -2.08e-01, -3.33e-02, 2.84e-01, 1.00e+00, 3.26e+00, -2.02e-01, 4.19e-02, 1.43e+01]
60100 [5.25e-01, 7.28e-01, 9.40e-02, -2.14e-01, -2.34e-02, 2.64e-01, 1.00e+00, 3.25e+00, -2.14e-01, 4.43e-02, 1.43e+01]
60200 [5.26e-01, 7.29e-01, 9.56e-02, -2.04e-01, -2.36e-02, 2.66e-01, 1.00e+00, 3.25e+00, -2.07e-01, 4.24e-02, 1.43e+01]
60300 [5.28e-01, 7.32e-01, 9.74e-02, -1.93e-01, -2.40e-02, 2.67e-01, 1.00e+00, 3.24e+00, -2.00e-01, 4.06e-02, 1.43e+01]
60400 [5.29e-01, 7.34e-01, 9.93e-02, -1.84e-01, -2.45e-02, 2.70e-01, 1.00e+00, 3.24e+00, -1.94e-01, 3.92e-02, 1.43e+01]
60500 [5.31e-01, 7.38e-01, 1.01e-01, -1.76e-01, -2.53e-02, 2.72e-01, 1.00e+00, 3.24e+00, -1.89e-01, 3.84e-02, 1.43e+01]
60600 [5.34e-01, 7.41e-01, 1.03e-01, -1.70e-01, -2.64e-02, 2.75e-01, 1.00e+00, 3.24e+00, -1.86e-01, 3.81e-02, 1.43e+01]
60700 [5.36e-01, 7.45e-01, 1.05e-01, -1.65e-01, -2.76e-02, 2.78e-01, 1.00e+00, 3.23e+00, -1.84e-01, 3.82e-02, 1.43e+01]
60800 [5.39e-01, 7.49e-01, 1.07e-01, -1.62e-01, -2.91e-02, 2.81e-01, 1.00e+00, 3.23e+00, -1.83e-01, 3.85e-02, 1.43e+01]
60900 [5.41e-01, 7.53e-01, 1.08e-01, -1.60e-01, -3.07e-02, 2.85e-01, 1.00e+00, 3.23e+00, -1.82e-01, 3.89e-02, 1.43e+01]
61000 [5.44e-01, 7.58e-01, 1.10e-01, -1.60e-01, -3.26e-02, 2.88e-01, 1.00e+00, 3.23e+00, -1.81e-01, 3.93e-02, 1.43e+01]
61100 [5.48e-01, 7.55e-01, 1.11e-01, -1.61e-01, -3.41e-02, 2.92e-01, 1.00e+00, 3.23e+00, -1.81e-01, 3.96e-02, 1.43e+01]
61200 [5.51e-01, 7.60e-01, 1.13e-01, -1.62e-01, -3.64e-02, 2.97e-01, 1.00e+00, 3.23e+00, -1.81e-01, 3.99e-02, 1.43e+01]
61300 [5.55e-01, 7.64e-01, 1.14e-01, -1.63e-01, -3.90e-02, 3.01e-01, 1.00e+00, 3.24e+00, -1.80e-01, 4.00e-02, 1.43e+01]
61400 [5.58e-01, 7.64e-01, 1.15e-01, -1.66e-01, -4.03e-02, 3.05e-01, 1.00e+00, 3.24e+00, -1.80e-01, 4.01e-02, 1.43e+01]
61500 [5.62e-01, 7.68e-01, 1.16e-01, -1.69e-01, -4.34e-02, 3.10e-01, 1.00e+00, 3.24e+00, -1.80e-01, 4.00e-02, 1.43e+01]
61600 [5.65e-01, 7.69e-01, 1.17e-01, -1.74e-01, -4.25e-02, 3.08e-01, 1.00e+00, 3.24e+00, -1.80e-01, 4.17e-02, 1.43e+01]
61700 [5.66e-01, 7.71e-01, 1.20e-01, -1.83e-01, -4.05e-02, 3.07e-01, 1.00e+00, 3.25e+00, -1.90e-01, 4.05e-02, 1.43e+01]
61800 [5.66e-01, 7.73e-01, 1.20e-01, -1.87e-01, -3.88e-02, 3.01e-01, 1.00e+00, 3.25e+00, -1.86e-01, 4.32e-02, 1.43e+01]
61900 [5.67e-01, 7.77e-01, 1.20e-01, -1.88e-01, -3.81e-02, 3.07e-01, 1.00e+00, 3.25e+00, -1.80e-01, 4.11e-02, 1.43e+01]
62000 [5.68e-01, 7.79e-01, 1.20e-01, -1.88e-01, -3.71e-02, 3.11e-01, 1.00e+00, 3.25e+00, -1.78e-01, 4.01e-02, 1.43e+01]
62100 [5.70e-01, 7.80e-01, 1.18e-01, -1.86e-01, -3.88e-02, 3.03e-01, 1.00e+00, 3.26e+00, -1.81e-01, 4.13e-02, 1.43e+01]
62200 [5.65e-01, 7.82e-01, 1.14e-01, -1.87e-01, -4.34e-02, 3.03e-01, 1.00e+00, 3.26e+00, -1.79e-01, 4.22e-02, 1.43e+01]
62300 [5.68e-01, 7.83e-01, 1.17e-01, -1.88e-01, -4.10e-02, 3.04e-01, 1.00e+00, 3.26e+00, -1.86e-01, 3.91e-02, 1.43e+01]
62400 [5.65e-01, 7.86e-01, 1.18e-01, -1.95e-01, -4.01e-02, 3.01e-01, 1.00e+00, 3.26e+00, -1.95e-01, 3.69e-02, 1.43e+01]
62500 [5.70e-01, 7.88e-01, 1.17e-01, -1.86e-01, -4.30e-02, 3.09e-01, 1.00e+00, 3.26e+00, -1.86e-01, 3.53e-02, 1.43e+01]
62600 [5.67e-01, 7.91e-01, 1.14e-01, -1.87e-01, -4.58e-02, 3.02e-01, 1.00e+00, 3.26e+00, -1.87e-01, 3.82e-02, 1.43e+01]
62700 [5.66e-01, 7.92e-01, 1.17e-01, -1.96e-01, -4.15e-02, 3.02e-01, 1.00e+00, 3.27e+00, -1.96e-01, 3.62e-02, 1.43e+01]
62800 [5.71e-01, 7.94e-01, 1.16e-01, -1.86e-01, -4.45e-02, 3.08e-01, 1.00e+00, 3.27e+00, -1.88e-01, 3.50e-02, 1.43e+01]
62900 [5.72e-01, 7.97e-01, 1.15e-01, -1.86e-01, -4.78e-02, 3.08e-01, 1.00e+00, 3.27e+00, -1.86e-01, 3.61e-02, 1.43e+01]
63000 [5.71e-01, 7.99e-01, 1.15e-01, -1.91e-01, -4.63e-02, 3.05e-01, 1.00e+00, 3.28e+00, -1.87e-01, 3.67e-02, 1.43e+01]
63100 [5.68e-01, 8.01e-01, 1.13e-01, -1.91e-01, -4.92e-02, 3.04e-01, 1.00e+00, 3.28e+00, -1.88e-01, 3.67e-02, 1.43e+01]
63200 [5.66e-01, 8.03e-01, 1.14e-01, -2.01e-01, -3.83e-02, 2.89e-01, 1.00e+00, 3.28e+00, -1.97e-01, 4.21e-02, 1.43e+01]
63300 [5.72e-01, 8.05e-01, 1.14e-01, -1.85e-01, -4.07e-02, 2.97e-01, 1.00e+00, 3.28e+00, -1.82e-01, 3.66e-02, 1.43e+01]
63400 [5.69e-01, 8.08e-01, 1.14e-01, -1.91e-01, -4.36e-02, 3.01e-01, 1.00e+00, 3.29e+00, -1.85e-01, 3.67e-02, 1.43e+01]
63500 [5.66e-01, 8.08e-01, 1.13e-01, -1.98e-01, -4.68e-02, 2.98e-01, 1.00e+00, 3.29e+00, -1.94e-01, 3.84e-02, 1.43e+01]
63600 [5.75e-01, 8.10e-01, 1.15e-01, -1.84e-01, -5.11e-02, 3.08e-01, 1.00e+00, 3.30e+00, -1.81e-01, 3.64e-02, 1.43e+01]
63700 [5.73e-01, 8.13e-01, 1.15e-01, -1.88e-01, -4.33e-02, 2.96e-01, 1.00e+00, 3.30e+00, -1.87e-01, 3.44e-02, 1.43e+01]
63800 [5.59e-01, 8.13e-01, 1.12e-01, -2.00e-01, -4.01e-02, 2.86e-01, 1.00e+00, 3.30e+00, -1.90e-01, 4.10e-02, 1.43e+01]
63900 [5.72e-01, 8.17e-01, 1.14e-01, -1.80e-01, -4.94e-02, 2.99e-01, 1.00e+00, 3.30e+00, -1.77e-01, 3.80e-02, 1.43e+01]
64000 [5.59e-01, 8.18e-01, 1.13e-01, -2.08e-01, -3.05e-02, 2.96e-01, 1.00e+00, 3.31e+00, -1.93e-01, 3.70e-02, 1.43e+01]
64100 [5.71e-01, 8.22e-01, 1.15e-01, -1.83e-01, -3.64e-02, 3.05e-01, 1.00e+00, 3.31e+00, -1.81e-01, 3.63e-02, 1.43e+01]
64200 [5.74e-01, 8.22e-01, 1.16e-01, -1.90e-01, -3.57e-02, 2.76e-01, 1.00e+00, 3.32e+00, -1.98e-01, 3.67e-02, 1.42e+01]
64300 [5.58e-01, 8.25e-01, 1.12e-01, -1.99e-01, -3.63e-02, 2.89e-01, 1.00e+00, 3.32e+00, -1.81e-01, 3.84e-02, 1.42e+01]
64400 [5.72e-01, 8.28e-01, 1.15e-01, -1.80e-01, -4.46e-02, 3.04e-01, 1.00e+00, 3.32e+00, -1.76e-01, 3.85e-02, 1.42e+01]
64500 [5.67e-01, 8.29e-01, 1.15e-01, -1.98e-01, -3.22e-02, 2.87e-01, 1.00e+00, 3.33e+00, -1.91e-01, 3.33e-02, 1.42e+01]
64600 [5.82e-01, 8.31e-01, 1.16e-01, -1.84e-01, -4.21e-02, 3.03e-01, 1.00e+00, 3.34e+00, -1.82e-01, 3.64e-02, 1.42e+01]
64700 [5.54e-01, 8.34e-01, 1.12e-01, -1.86e-01, -3.50e-02, 2.82e-01, 1.00e+00, 3.33e+00, -1.91e-01, 3.20e-02, 1.42e+01]
64800 [5.71e-01, 8.35e-01, 1.15e-01, -1.76e-01, -4.59e-02, 2.98e-01, 1.00e+00, 3.33e+00, -1.82e-01, 3.72e-02, 1.42e+01]
64900 [5.77e-01, 8.37e-01, 1.17e-01, -1.95e-01, -5.25e-02, 3.02e-01, 1.00e+00, 3.35e+00, -1.90e-01, 4.00e-02, 1.42e+01]
65000 [5.82e-01, 8.39e-01, 1.16e-01, -1.92e-01, -6.11e-02, 3.08e-01, 1.00e+00, 3.36e+00, -1.83e-01, 3.68e-02, 1.42e+01]
65100 [5.81e-01, 8.41e-01, 1.15e-01, -1.90e-01, -6.45e-02, 3.08e-01, 1.00e+00, 3.36e+00, -1.79e-01, 3.59e-02, 1.42e+01]
65200 [5.81e-01, 8.43e-01, 1.17e-01, -1.94e-01, -4.08e-02, 3.03e-01, 1.00e+00, 3.37e+00, -1.83e-01, 3.32e-02, 1.42e+01]
65300 [5.60e-01, 8.44e-01, 1.15e-01, -1.95e-01, -4.27e-02, 2.89e-01, 1.00e+00, 3.36e+00, -1.93e-01, 3.08e-02, 1.42e+01]
65400 [5.79e-01, 8.46e-01, 1.17e-01, -1.82e-01, -5.57e-02, 3.07e-01, 1.00e+00, 3.37e+00, -1.81e-01, 3.67e-02, 1.42e+01]
65500 [5.68e-01, 8.49e-01, 1.18e-01, -1.95e-01, -1.36e-02, 2.77e-01, 1.00e+00, 3.37e+00, -1.89e-01, 3.29e-02, 1.42e+01]
65600 [5.87e-01, 8.50e-01, 1.17e-01, -1.84e-01, -2.75e-02, 2.95e-01, 1.00e+00, 3.39e+00, -1.83e-01, 3.70e-02, 1.42e+01]
65700 [5.76e-01, 8.53e-01, 1.15e-01, -1.85e-01, -4.15e-02, 3.03e-01, 1.00e+00, 3.40e+00, -1.81e-01, 3.62e-02, 1.42e+01]
65800 [5.80e-01, 8.54e-01, 1.16e-01, -1.96e-01, -4.69e-02, 3.01e-01, 1.00e+00, 3.42e+00, -1.85e-01, 3.76e-02, 1.42e+01]
65900 [5.85e-01, 8.55e-01, 1.17e-01, -1.95e-01, -5.45e-02, 3.07e-01, 1.00e+00, 3.43e+00, -1.83e-01, 3.52e-02, 1.42e+01]
66000 [5.61e-01, 8.58e-01, 1.14e-01, -1.88e-01, -5.72e-02, 2.91e-01, 1.00e+00, 3.41e+00, -1.84e-01, 3.35e-02, 1.42e+01]
66100 [5.84e-01, 8.60e-01, 1.18e-01, -1.82e-01, -7.02e-02, 3.09e-01, 1.00e+00, 3.42e+00, -1.75e-01, 3.89e-02, 1.42e+01]
66200 [5.81e-01, 8.62e-01, 1.19e-01, -1.96e-01, -2.73e-02, 2.96e-01, 1.00e+00, 3.43e+00, -1.84e-01, 3.24e-02, 1.42e+01]
66300 [5.86e-01, 8.64e-01, 1.18e-01, -1.93e-01, -4.36e-02, 3.08e-01, 1.00e+00, 3.45e+00, -1.83e-01, 3.59e-02, 1.42e+01]
66400 [5.88e-01, 8.65e-01, 1.18e-01, -1.95e-01, -5.55e-02, 3.07e-01, 1.00e+00, 3.47e+00, -1.85e-01, 3.68e-02, 1.42e+01]
66500 [5.74e-01, 8.67e-01, 1.18e-01, -2.12e-01, -4.30e-02, 2.99e-01, 1.00e+00, 3.48e+00, -1.91e-01, 4.04e-02, 1.42e+01]
66600 [5.83e-01, 8.69e-01, 1.18e-01, -2.01e-01, -4.12e-02, 3.04e-01, 1.00e+00, 3.49e+00, -1.83e-01, 3.64e-02, 1.42e+01]
66700 [5.95e-01, 8.71e-01, 1.18e-01, -1.90e-01, -4.90e-02, 3.01e-01, 1.00e+00, 3.50e+00, -1.78e-01, 3.78e-02, 1.42e+01]
66800 [5.69e-01, 8.73e-01, 1.18e-01, -1.81e-01, -3.89e-02, 2.89e-01, 1.00e+00, 3.47e+00, -1.73e-01, 3.77e-02, 1.42e+01]
66900 [5.93e-01, 8.75e-01, 1.19e-01, -1.86e-01, -5.92e-02, 3.09e-01, 1.00e+00, 3.50e+00, -1.71e-01, 4.05e-02, 1.42e+01]
67000 [5.55e-01, 8.76e-01, 1.20e-01, -1.89e-01, -1.26e-02, 2.89e-01, 1.00e+00, 3.43e+00, -1.93e-01, 2.91e-02, 1.41e+01]
67100 [5.78e-01, 8.80e-01, 1.22e-01, -1.82e-01, -2.78e-02, 3.09e-01, 1.00e+00, 3.45e+00, -1.87e-01, 3.60e-02, 1.41e+01]
67200 [5.96e-01, 8.81e-01, 1.20e-01, -1.88e-01, -3.88e-02, 3.03e-01, 1.00e+00, 3.49e+00, -1.83e-01, 3.67e-02, 1.41e+01]
67300 [5.58e-01, 8.82e-01, 1.17e-01, -1.85e-01, -3.10e-02, 2.74e-01, 1.00e+00, 3.45e+00, -1.79e-01, 3.43e-02, 1.41e+01]
67400 [5.79e-01, 8.86e-01, 1.19e-01, -1.79e-01, -4.76e-02, 2.95e-01, 1.00e+00, 3.46e+00, -1.73e-01, 4.03e-02, 1.41e+01]
67500 [5.75e-01, 8.86e-01, 1.21e-01, -2.11e-01, -5.20e-02, 2.93e-01, 1.00e+00, 3.50e+00, -1.88e-01, 4.35e-02, 1.41e+01]
67600 [5.92e-01, 8.88e-01, 1.21e-01, -1.93e-01, -6.61e-02, 3.08e-01, 1.00e+00, 3.51e+00, -1.73e-01, 3.83e-02, 1.41e+01]
67700 [5.94e-01, 8.90e-01, 1.21e-01, -2.00e-01, -8.15e-02, 3.09e-01, 1.00e+00, 3.54e+00, -1.74e-01, 3.83e-02, 1.41e+01]
67800 [5.89e-01, 8.92e-01, 1.22e-01, -1.96e-01, -7.63e-02, 3.08e-01, 1.00e+00, 3.53e+00, -1.75e-01, 3.57e-02, 1.41e+01]
67900 [5.76e-01, 8.93e-01, 1.20e-01, -2.25e-01, -7.12e-02, 2.95e-01, 1.00e+00, 3.56e+00, -1.91e-01, 3.58e-02, 1.41e+01]
68000 [5.83e-01, 8.96e-01, 1.22e-01, -1.94e-01, -7.36e-02, 3.05e-01, 1.00e+00, 3.52e+00, -1.79e-01, 3.52e-02, 1.41e+01]
68100 [5.88e-01, 8.97e-01, 1.22e-01, -2.03e-01, -4.95e-02, 2.97e-01, 1.00e+00, 3.55e+00, -1.75e-01, 3.89e-02, 1.41e+01]
68200 [5.64e-01, 8.96e-01, 1.21e-01, -2.20e-01, -1.96e-02, 2.79e-01, 1.00e+00, 3.54e+00, -1.93e-01, 3.67e-02, 1.41e+01]
68300 [5.87e-01, 9.00e-01, 1.23e-01, -1.92e-01, -3.97e-02, 2.99e-01, 1.00e+00, 3.53e+00, -1.78e-01, 3.66e-02, 1.41e+01]
68400 [5.46e-01, 9.01e-01, 1.15e-01, -2.20e-01, -4.61e-02, 2.75e-01, 1.00e+00, 3.53e+00, -1.97e-01, 3.14e-02, 1.41e+01]
68500 [5.65e-01, 9.05e-01, 1.21e-01, -1.80e-01, -5.47e-02, 2.93e-01, 1.00e+00, 3.47e+00, -1.77e-01, 3.69e-02, 1.41e+01]
68600 [5.85e-01, 9.06e-01, 1.25e-01, -1.88e-01, -7.33e-02, 3.12e-01, 1.00e+00, 3.51e+00, -1.68e-01, 4.03e-02, 1.41e+01]
68700 [5.98e-01, 9.09e-01, 1.25e-01, -2.00e-01, -5.24e-02, 2.88e-01, 1.00e+00, 3.56e+00, -1.70e-01, 3.64e-02, 1.41e+01]
68800 [5.79e-01, 9.10e-01, 1.24e-01, -2.00e-01, -5.54e-02, 3.00e-01, 1.00e+00, 3.55e+00, -1.66e-01, 3.74e-02, 1.41e+01]
68900 [5.84e-01, 9.11e-01, 1.26e-01, -2.16e-01, -7.34e-02, 2.94e-01, 1.00e+00, 3.59e+00, -1.81e-01, 4.88e-02, 1.41e+01]
69000 [6.00e-01, 9.14e-01, 1.26e-01, -2.01e-01, -8.69e-02, 3.08e-01, 1.00e+00, 3.60e+00, -1.62e-01, 3.94e-02, 1.41e+01]
69100 [5.71e-01, 9.16e-01, 1.24e-01, -2.02e-01, -6.34e-02, 2.90e-01, 1.00e+00, 3.54e+00, -1.76e-01, 3.13e-02, 1.41e+01]
69200 [5.93e-01, 9.17e-01, 1.27e-01, -1.97e-01, -8.52e-02, 3.10e-01, 1.00e+00, 3.56e+00, -1.64e-01, 3.96e-02, 1.41e+01]
69300 [5.88e-01, 9.20e-01, 1.28e-01, -2.06e-01, -6.93e-02, 2.99e-01, 1.00e+00, 3.57e+00, -1.69e-01, 3.49e-02, 1.41e+01]
69400 [5.90e-01, 9.20e-01, 1.28e-01, -2.13e-01, -7.20e-02, 3.03e-01, 1.00e+00, 3.60e+00, -1.68e-01, 3.63e-02, 1.41e+01]
69500 [5.68e-01, 9.22e-01, 1.24e-01, -2.22e-01, -7.55e-02, 2.86e-01, 1.00e+00, 3.59e+00, -1.78e-01, 3.27e-02, 1.41e+01]
69600 [5.89e-01, 9.24e-01, 1.28e-01, -2.00e-01, -9.01e-02, 3.05e-01, 1.00e+00, 3.57e+00, -1.61e-01, 3.89e-02, 1.41e+01]
69700 [5.59e-01, 9.26e-01, 1.29e-01, -2.31e-01, -2.25e-02, 2.88e-01, 1.00e+00, 3.56e+00, -1.81e-01, 1.83e-02, 1.40e+01]
69800 [5.81e-01, 9.28e-01, 1.32e-01, -2.03e-01, -3.53e-02, 3.07e-01, 1.00e+00, 3.54e+00, -1.77e-01, 3.42e-02, 1.41e+01]
69900 [5.86e-01, 9.28e-01, 1.28e-01, -2.11e-01, -4.48e-02, 2.81e-01, 1.00e+00, 3.60e+00, -1.78e-01, 4.53e-02, 1.40e+01]
70000 [5.74e-01, 9.31e-01, 1.29e-01, -2.28e-01, -4.55e-02, 2.95e-01, 1.00e+00, 3.65e+00, -1.67e-01, 4.14e-02, 1.40e+01]
