0 [2.37e+00, 4.89e-02, 1.53e-01, -1.15e+00, -3.51e+00, 7.82e-01, 9.88e-01, 1.40e+00, -1.22e+00, -1.22e+00, 1.25e+01]
100 [2.36e+00, 5.66e-02, 1.53e-01, -1.14e+00, -3.46e+00, 7.52e-01, 9.81e-01, 1.41e+00, -1.19e+00, -1.21e+00, 1.25e+01]
200 [2.36e+00, 5.64e-02, 1.53e-01, -1.14e+00, -3.46e+00, 7.50e-01, 9.81e-01, 1.41e+00, -1.19e+00, -1.21e+00, 1.25e+01]
300 [2.36e+00, 5.49e-02, 1.52e-01, -1.14e+00, -3.45e+00, 7.50e-01, 9.81e-01, 1.41e+00, -1.19e+00, -1.21e+00, 1.25e+01]
400 [2.36e+00, 5.29e-02, 1.52e-01, -1.14e+00, -3.45e+00, 7.49e-01, 9.81e-01, 1.41e+00, -1.19e+00, -1.20e+00, 1.25e+01]
500 [2.36e+00, 5.09e-02, 1.51e-01, -1.14e+00, -3.45e+00, 7.49e-01, 9.81e-01, 1.41e+00, -1.19e+00, -1.20e+00, 1.25e+01]
600 [2.36e+00, 4.85e-02, 1.51e-01, -1.14e+00, -3.45e+00, 7.49e-01, 9.81e-01, 1.41e+00, -1.19e+00, -1.20e+00, 1.25e+01]
700 [2.36e+00, 4.57e-02, 1.51e-01, -1.14e+00, -3.45e+00, 7.48e-01, 9.81e-01, 1.41e+00, -1.19e+00, -1.20e+00, 1.25e+01]
800 [2.36e+00, 4.27e-02, 1.50e-01, -1.14e+00, -3.44e+00, 7.48e-01, 9.81e-01, 1.41e+00, -1.19e+00, -1.20e+00, 1.25e+01]
900 [2.36e+00, 3.97e-02, 1.50e-01, -1.14e+00, -3.44e+00, 7.48e-01, 9.81e-01, 1.41e+00, -1.19e+00, -1.20e+00, 1.25e+01]
1000 [2.36e+00, 3.67e-02, 1.49e-01, -1.14e+00, -3.44e+00, 7.48e-01, 9.81e-01, 1.41e+00, -1.19e+00, -1.20e+00, 1.25e+01]
1100 [2.36e+00, 3.39e-02, 1.49e-01, -1.14e+00, -3.44e+00, 7.47e-01, 9.81e-01, 1.41e+00, -1.19e+00, -1.20e+00, 1.25e+01]
1200 [2.36e+00, 3.12e-02, 1.48e-01, -1.14e+00, -3.44e+00, 7.47e-01, 9.81e-01, 1.41e+00, -1.19e+00, -1.20e+00, 1.25e+01]
1300 [2.36e+00, 2.88e-02, 1.48e-01, -1.14e+00, -3.44e+00, 7.47e-01, 9.81e-01, 1.41e+00, -1.19e+00, -1.20e+00, 1.25e+01]
1400 [2.36e+00, 2.67e-02, 1.47e-01, -1.14e+00, -3.44e+00, 7.47e-01, 9.81e-01, 1.41e+00, -1.19e+00, -1.20e+00, 1.25e+01]
1500 [2.36e+00, 2.48e-02, 1.47e-01, -1.14e+00, -3.44e+00, 7.47e-01, 9.81e-01, 1.41e+00, -1.19e+00, -1.20e+00, 1.25e+01]
1600 [2.36e+00, 2.31e-02, 1.46e-01, -1.14e+00, -3.44e+00, 7.47e-01, 9.81e-01, 1.41e+00, -1.19e+00, -1.20e+00, 1.25e+01]
1700 [2.36e+00, 2.16e-02, 1.46e-01, -1.14e+00, -3.44e+00, 7.46e-01, 9.81e-01, 1.41e+00, -1.19e+00, -1.20e+00, 1.25e+01]
1800 [2.36e+00, 2.04e-02, 1.45e-01, -1.14e+00, -3.43e+00, 7.46e-01, 9.81e-01, 1.41e+00, -1.19e+00, -1.20e+00, 1.25e+01]
1900 [2.36e+00, 1.92e-02, 1.45e-01, -1.14e+00, -3.43e+00, 7.46e-01, 9.81e-01, 1.41e+00, -1.18e+00, -1.20e+00, 1.25e+01]
2000 [2.36e+00, 1.81e-02, 1.44e-01, -1.14e+00, -3.43e+00, 7.46e-01, 9.81e-01, 1.41e+00, -1.18e+00, -1.20e+00, 1.25e+01]
2100 [2.36e+00, 1.72e-02, 1.43e-01, -1.14e+00, -3.43e+00, 7.46e-01, 9.81e-01, 1.41e+00, -1.18e+00, -1.20e+00, 1.25e+01]
2200 [2.36e+00, 1.63e-02, 1.43e-01, -1.14e+00, -3.43e+00, 7.46e-01, 9.81e-01, 1.41e+00, -1.18e+00, -1.20e+00, 1.25e+01]
2300 [2.36e+00, 1.55e-02, 1.42e-01, -1.14e+00, -3.43e+00, 7.46e-01, 9.81e-01, 1.41e+00, -1.18e+00, -1.20e+00, 1.25e+01]
2400 [2.36e+00, 1.48e-02, 1.42e-01, -1.14e+00, -3.43e+00, 7.46e-01, 9.81e-01, 1.41e+00, -1.18e+00, -1.20e+00, 1.25e+01]
2500 [2.36e+00, 1.41e-02, 1.41e-01, -1.14e+00, -3.43e+00, 7.46e-01, 9.81e-01, 1.41e+00, -1.18e+00, -1.20e+00, 1.25e+01]
2600 [2.36e+00, 1.35e-02, 1.40e-01, -1.14e+00, -3.43e+00, 7.46e-01, 9.81e-01, 1.41e+00, -1.18e+00, -1.20e+00, 1.25e+01]
2700 [2.36e+00, 1.29e-02, 1.40e-01, -1.14e+00, -3.43e+00, 7.46e-01, 9.81e-01, 1.41e+00, -1.18e+00, -1.20e+00, 1.25e+01]
2800 [2.36e+00, 1.23e-02, 1.39e-01, -1.14e+00, -3.43e+00, 7.46e-01, 9.81e-01, 1.41e+00, -1.18e+00, -1.20e+00, 1.25e+01]
2900 [2.36e+00, 1.18e-02, 1.38e-01, -1.14e+00, -3.43e+00, 7.46e-01, 9.81e-01, 1.41e+00, -1.18e+00, -1.20e+00, 1.25e+01]
3000 [2.36e+00, 1.14e-02, 1.37e-01, -1.14e+00, -3.43e+00, 7.47e-01, 9.81e-01, 1.41e+00, -1.18e+00, -1.20e+00, 1.25e+01]
3100 [2.36e+00, 1.10e-02, 1.37e-01, -1.14e+00, -3.43e+00, 7.47e-01, 9.81e-01, 1.41e+00, -1.18e+00, -1.20e+00, 1.25e+01]
3200 [2.36e+00, 1.06e-02, 1.36e-01, -1.14e+00, -3.43e+00, 7.47e-01, 9.81e-01, 1.41e+00, -1.18e+00, -1.20e+00, 1.25e+01]
3300 [2.36e+00, 1.02e-02, 1.35e-01, -1.14e+00, -3.43e+00, 7.47e-01, 9.81e-01, 1.41e+00, -1.18e+00, -1.20e+00, 1.25e+01]
3400 [2.36e+00, 9.95e-03, 1.35e-01, -1.14e+00, -3.43e+00, 7.47e-01, 9.81e-01, 1.41e+00, -1.18e+00, -1.20e+00, 1.25e+01]
3500 [2.36e+00, 9.68e-03, 1.34e-01, -1.14e+00, -3.43e+00, 7.47e-01, 9.81e-01, 1.41e+00, -1.18e+00, -1.20e+00, 1.25e+01]
3600 [2.36e+00, 9.45e-03, 1.33e-01, -1.14e+00, -3.43e+00, 7.48e-01, 9.81e-01, 1.41e+00, -1.18e+00, -1.20e+00, 1.25e+01]
3700 [2.35e+00, 1.32e-02, 1.32e-01, -1.15e+00, -3.41e+00, 7.35e-01, 9.81e-01, 1.41e+00, -1.17e+00, -1.20e+00, 1.25e+01]
3800 [2.35e+00, 1.14e-02, 1.32e-01, -1.15e+00, -3.41e+00, 7.35e-01, 9.81e-01, 1.41e+00, -1.17e+00, -1.20e+00, 1.25e+01]
3900 [2.35e+00, 1.05e-02, 1.31e-01, -1.15e+00, -3.41e+00, 7.36e-01, 9.81e-01, 1.41e+00, -1.17e+00, -1.20e+00, 1.25e+01]
4000 [2.35e+00, 1.02e-02, 1.30e-01, -1.15e+00, -3.41e+00, 7.36e-01, 9.81e-01, 1.41e+00, -1.17e+00, -1.19e+00, 1.25e+01]
4100 [2.35e+00, 1.01e-02, 1.29e-01, -1.15e+00, -3.41e+00, 7.36e-01, 9.81e-01, 1.41e+00, -1.17e+00, -1.19e+00, 1.25e+01]
4200 [2.35e+00, 1.00e-02, 1.28e-01, -1.15e+00, -3.41e+00, 7.36e-01, 9.81e-01, 1.41e+00, -1.17e+00, -1.19e+00, 1.25e+01]
4300 [2.35e+00, 9.94e-03, 1.27e-01, -1.15e+00, -3.41e+00, 7.36e-01, 9.81e-01, 1.41e+00, -1.17e+00, -1.19e+00, 1.25e+01]
4400 [2.34e+00, 1.22e-02, 1.26e-01, -1.14e+00, -3.41e+00, 7.33e-01, 9.81e-01, 1.41e+00, -1.16e+00, -1.19e+00, 1.25e+01]
4500 [2.34e+00, 1.43e-02, 1.24e-01, -1.14e+00, -3.40e+00, 7.27e-01, 9.81e-01, 1.41e+00, -1.15e+00, -1.19e+00, 1.25e+01]
4600 [2.34e+00, 1.26e-02, 1.23e-01, -1.14e+00, -3.40e+00, 7.27e-01, 9.81e-01, 1.41e+00, -1.15e+00, -1.19e+00, 1.25e+01]
4700 [2.34e+00, 1.22e-02, 1.22e-01, -1.14e+00, -3.40e+00, 7.27e-01, 9.81e-01, 1.41e+00, -1.15e+00, -1.19e+00, 1.25e+01]
4800 [2.34e+00, 1.21e-02, 1.22e-01, -1.14e+00, -3.40e+00, 7.28e-01, 9.81e-01, 1.41e+00, -1.15e+00, -1.19e+00, 1.25e+01]
4900 [2.34e+00, 1.20e-02, 1.21e-01, -1.14e+00, -3.40e+00, 7.28e-01, 9.81e-01, 1.41e+00, -1.15e+00, -1.19e+00, 1.25e+01]
5000 [2.34e+00, 1.19e-02, 1.20e-01, -1.14e+00, -3.40e+00, 7.28e-01, 9.81e-01, 1.41e+00, -1.15e+00, -1.19e+00, 1.25e+01]
5100 [2.34e+00, 1.17e-02, 1.18e-01, -1.14e+00, -3.37e+00, 7.06e-01, 9.81e-01, 1.41e+00, -1.13e+00, -1.19e+00, 1.25e+01]
5200 [2.33e+00, 1.26e-02, 1.17e-01, -1.14e+00, -3.36e+00, 6.98e-01, 9.81e-01, 1.41e+00, -1.12e+00, -1.19e+00, 1.25e+01]
5300 [2.33e+00, 1.26e-02, 1.16e-01, -1.14e+00, -3.36e+00, 6.99e-01, 9.81e-01, 1.41e+00, -1.12e+00, -1.19e+00, 1.25e+01]
5400 [2.33e+00, 1.54e-02, 1.15e-01, -1.14e+00, -3.36e+00, 6.97e-01, 9.81e-01, 1.41e+00, -1.12e+00, -1.19e+00, 1.25e+01]
5500 [2.33e+00, 1.38e-02, 1.14e-01, -1.14e+00, -3.36e+00, 6.97e-01, 9.81e-01, 1.41e+00, -1.12e+00, -1.19e+00, 1.25e+01]
5600 [2.33e+00, 1.39e-02, 1.13e-01, -1.14e+00, -3.36e+00, 6.98e-01, 9.81e-01, 1.41e+00, -1.12e+00, -1.19e+00, 1.25e+01]
5700 [2.33e+00, 1.41e-02, 1.12e-01, -1.14e+00, -3.35e+00, 6.98e-01, 9.81e-01, 1.41e+00, -1.12e+00, -1.19e+00, 1.25e+01]
5800 [2.32e+00, 1.61e-02, 1.10e-01, -1.14e+00, -3.35e+00, 6.97e-01, 9.81e-01, 1.41e+00, -1.12e+00, -1.19e+00, 1.25e+01]
5900 [2.32e+00, 1.60e-02, 1.09e-01, -1.14e+00, -3.35e+00, 6.97e-01, 9.81e-01, 1.41e+00, -1.12e+00, -1.19e+00, 1.25e+01]
6000 [2.32e+00, 1.59e-02, 1.08e-01, -1.13e+00, -3.35e+00, 6.96e-01, 9.81e-01, 1.41e+00, -1.12e+00, -1.19e+00, 1.25e+01]
6100 [2.32e+00, 1.61e-02, 1.06e-01, -1.14e+00, -3.33e+00, 6.81e-01, 9.81e-01, 1.41e+00, -1.10e+00, -1.19e+00, 1.25e+01]
6200 [2.32e+00, 1.62e-02, 1.05e-01, -1.13e+00, -3.33e+00, 6.82e-01, 9.81e-01, 1.41e+00, -1.10e+00, -1.19e+00, 1.25e+01]
6300 [2.32e+00, 1.64e-02, 1.04e-01, -1.13e+00, -3.33e+00, 6.82e-01, 9.81e-01, 1.41e+00, -1.10e+00, -1.19e+00, 1.25e+01]
6400 [2.31e+00, 1.73e-02, 1.02e-01, -1.14e+00, -3.27e+00, 6.42e-01, 9.81e-01, 1.41e+00, -1.04e+00, -1.19e+00, 1.25e+01]
6500 [2.31e+00, 1.77e-02, 1.01e-01, -1.13e+00, -3.27e+00, 6.42e-01, 9.81e-01, 1.41e+00, -1.04e+00, -1.19e+00, 1.25e+01]
6600 [2.31e+00, 1.79e-02, 9.93e-02, -1.13e+00, -3.27e+00, 6.43e-01, 9.81e-01, 1.41e+00, -1.05e+00, -1.19e+00, 1.25e+01]
6700 [2.31e+00, 1.82e-02, 9.81e-02, -1.13e+00, -3.27e+00, 6.44e-01, 9.81e-01, 1.41e+00, -1.05e+00, -1.18e+00, 1.25e+01]
6800 [2.29e+00, 1.96e-02, 9.59e-02, -1.13e+00, -3.26e+00, 6.37e-01, 9.81e-01, 1.41e+00, -1.04e+00, -1.18e+00, 1.25e+01]
6900 [2.29e+00, 1.97e-02, 9.47e-02, -1.13e+00, -3.26e+00, 6.38e-01, 9.81e-01, 1.40e+00, -1.04e+00, -1.18e+00, 1.25e+01]
7000 [2.29e+00, 1.98e-02, 9.36e-02, -1.13e+00, -3.26e+00, 6.39e-01, 9.81e-01, 1.40e+00, -1.04e+00, -1.18e+00, 1.25e+01]
7100 [2.29e+00, 1.99e-02, 9.26e-02, -1.13e+00, -3.26e+00, 6.39e-01, 9.81e-01, 1.40e+00, -1.04e+00, -1.18e+00, 1.25e+01]
7200 [2.29e+00, 2.00e-02, 9.17e-02, -1.13e+00, -3.26e+00, 6.40e-01, 9.81e-01, 1.40e+00, -1.04e+00, -1.18e+00, 1.25e+01]
7300 [2.28e+00, 2.14e-02, 8.80e-02, -1.12e+00, -3.14e+00, 5.58e-01, 9.81e-01, 1.40e+00, -9.36e-01, -1.18e+00, 1.25e+01]
7400 [2.28e+00, 2.20e-02, 8.61e-02, -1.12e+00, -3.14e+00, 5.57e-01, 9.81e-01, 1.40e+00, -9.35e-01, -1.18e+00, 1.25e+01]
7500 [2.28e+00, 2.20e-02, 8.43e-02, -1.12e+00, -3.14e+00, 5.58e-01, 9.81e-01, 1.40e+00, -9.35e-01, -1.18e+00, 1.25e+01]
7600 [2.28e+00, 2.21e-02, 8.28e-02, -1.12e+00, -3.14e+00, 5.58e-01, 9.81e-01, 1.40e+00, -9.36e-01, -1.18e+00, 1.25e+01]
7700 [2.28e+00, 2.22e-02, 8.15e-02, -1.12e+00, -3.14e+00, 5.59e-01, 9.81e-01, 1.40e+00, -9.36e-01, -1.18e+00, 1.25e+01]
7800 [2.26e+00, 2.63e-02, 7.96e-02, -1.12e+00, -3.13e+00, 5.56e-01, 9.81e-01, 1.40e+00, -9.35e-01, -1.18e+00, 1.25e+01]
7900 [2.25e+00, 2.38e-02, 7.87e-02, -1.12e+00, -3.13e+00, 5.57e-01, 9.81e-01, 1.40e+00, -9.36e-01, -1.18e+00, 1.25e+01]
8000 [2.25e+00, 2.38e-02, 7.78e-02, -1.12e+00, -3.13e+00, 5.58e-01, 9.81e-01, 1.40e+00, -9.36e-01, -1.18e+00, 1.25e+01]
8100 [2.25e+00, 2.39e-02, 7.71e-02, -1.12e+00, -3.13e+00, 5.58e-01, 9.81e-01, 1.40e+00, -9.37e-01, -1.18e+00, 1.25e+01]
8200 [2.25e+00, 2.39e-02, 7.66e-02, -1.12e+00, -3.13e+00, 5.59e-01, 9.81e-01, 1.40e+00, -9.37e-01, -1.18e+00, 1.25e+01]
8300 [2.25e+00, 2.40e-02, 7.62e-02, -1.11e+00, -3.13e+00, 5.60e-01, 9.81e-01, 1.40e+00, -9.38e-01, -1.18e+00, 1.25e+01]
8400 [2.25e+00, 2.41e-02, 7.59e-02, -1.11e+00, -3.13e+00, 5.60e-01, 9.81e-01, 1.40e+00, -9.38e-01, -1.18e+00, 1.25e+01]
8500 [2.22e+00, 2.60e-02, 7.46e-02, -1.11e+00, -3.13e+00, 5.55e-01, 9.81e-01, 1.40e+00, -9.35e-01, -1.17e+00, 1.25e+01]
8600 [2.22e+00, 2.62e-02, 7.43e-02, -1.10e+00, -3.13e+00, 5.56e-01, 9.81e-01, 1.40e+00, -9.36e-01, -1.17e+00, 1.25e+01]
8700 [2.22e+00, 2.60e-02, 7.43e-02, -1.10e+00, -3.13e+00, 5.57e-01, 9.81e-01, 1.40e+00, -9.36e-01, -1.17e+00, 1.25e+01]
8800 [2.22e+00, 2.59e-02, 7.43e-02, -1.10e+00, -3.11e+00, 5.49e-01, 9.81e-01, 1.40e+00, -9.24e-01, -1.17e+00, 1.25e+01]
8900 [2.22e+00, 2.59e-02, 7.34e-02, -1.10e+00, -3.06e+00, 5.20e-01, 9.81e-01, 1.40e+00, -8.81e-01, -1.17e+00, 1.25e+01]
9000 [2.22e+00, 2.61e-02, 7.27e-02, -1.10e+00, -3.06e+00, 5.21e-01, 9.81e-01, 1.40e+00, -8.82e-01, -1.17e+00, 1.25e+01]
9100 [2.22e+00, 2.63e-02, 7.23e-02, -1.10e+00, -3.06e+00, 5.22e-01, 9.81e-01, 1.40e+00, -8.82e-01, -1.17e+00, 1.25e+01]
9200 [2.20e+00, 2.65e-02, 7.14e-02, -1.10e+00, -3.00e+00, 4.89e-01, 9.81e-01, 1.40e+00, -8.35e-01, -1.17e+00, 1.25e+01]
9300 [2.20e+00, 2.74e-02, 7.02e-02, -1.09e+00, -3.00e+00, 4.90e-01, 9.81e-01, 1.40e+00, -8.34e-01, -1.17e+00, 1.25e+01]
9400 [2.20e+00, 2.75e-02, 6.95e-02, -1.09e+00, -3.00e+00, 4.91e-01, 9.81e-01, 1.40e+00, -8.35e-01, -1.17e+00, 1.25e+01]
9500 [2.20e+00, 2.76e-02, 6.91e-02, -1.09e+00, -3.00e+00, 4.92e-01, 9.81e-01, 1.40e+00, -8.35e-01, -1.17e+00, 1.25e+01]
9600 [2.17e+00, 2.97e-02, 6.78e-02, -1.08e+00, -3.00e+00, 4.89e-01, 9.81e-01, 1.40e+00, -8.33e-01, -1.16e+00, 1.25e+01]
9700 [2.16e+00, 2.88e-02, 6.79e-02, -1.08e+00, -2.99e+00, 4.87e-01, 9.81e-01, 1.40e+00, -8.30e-01, -1.16e+00, 1.25e+01]
9800 [2.16e+00, 2.88e-02, 6.80e-02, -1.07e+00, -2.99e+00, 4.88e-01, 9.81e-01, 1.40e+00, -8.31e-01, -1.16e+00, 1.25e+01]
9900 [2.16e+00, 2.88e-02, 6.82e-02, -1.07e+00, -2.99e+00, 4.90e-01, 9.81e-01, 1.40e+00, -8.32e-01, -1.16e+00, 1.25e+01]
10000 [2.16e+00, 2.88e-02, 6.85e-02, -1.07e+00, -2.99e+00, 4.91e-01, 9.81e-01, 1.40e+00, -8.32e-01, -1.16e+00, 1.25e+01]
10000 [2.16e+00, 2.88e-02, 6.85e-02, -1.07e+00, -2.99e+00, 4.91e-01, 9.81e-01, 1.40e+00, -8.32e-01, -1.16e+00, 1.25e+01]
10100 [2.15e+00, 2.96e-02, 6.96e-02, -1.08e+00, -2.95e+00, 4.67e-01, 9.81e-01, 1.40e+00, -8.21e-01, -1.15e+00, 1.25e+01]
10200 [2.15e+00, 2.94e-02, 6.93e-02, -1.08e+00, -2.95e+00, 4.67e-01, 9.81e-01, 1.40e+00, -8.21e-01, -1.15e+00, 1.25e+01]
10300 [2.15e+00, 3.02e-02, 6.88e-02, -1.08e+00, -2.95e+00, 4.67e-01, 9.81e-01, 1.40e+00, -8.22e-01, -1.15e+00, 1.25e+01]
10400 [2.15e+00, 3.07e-02, 6.84e-02, -1.08e+00, -2.95e+00, 4.67e-01, 9.81e-01, 1.40e+00, -8.22e-01, -1.15e+00, 1.25e+01]
10500 [2.15e+00, 3.09e-02, 6.81e-02, -1.08e+00, -2.95e+00, 4.68e-01, 9.81e-01, 1.40e+00, -8.22e-01, -1.15e+00, 1.25e+01]
10600 [2.15e+00, 3.10e-02, 6.79e-02, -1.08e+00, -2.95e+00, 4.68e-01, 9.81e-01, 1.40e+00, -8.22e-01, -1.15e+00, 1.25e+01]
10700 [2.15e+00, 3.11e-02, 6.77e-02, -1.07e+00, -2.95e+00, 4.68e-01, 9.81e-01, 1.40e+00, -8.22e-01, -1.15e+00, 1.25e+01]
10800 [2.15e+00, 3.12e-02, 6.75e-02, -1.07e+00, -2.95e+00, 4.68e-01, 9.81e-01, 1.40e+00, -8.22e-01, -1.15e+00, 1.25e+01]
10900 [2.15e+00, 3.13e-02, 6.73e-02, -1.07e+00, -2.95e+00, 4.68e-01, 9.81e-01, 1.40e+00, -8.23e-01, -1.15e+00, 1.25e+01]
11000 [2.15e+00, 3.14e-02, 6.72e-02, -1.07e+00, -2.95e+00, 4.68e-01, 9.81e-01, 1.40e+00, -8.23e-01, -1.15e+00, 1.25e+01]
11100 [2.15e+00, 3.16e-02, 6.71e-02, -1.07e+00, -2.95e+00, 4.69e-01, 9.81e-01, 1.40e+00, -8.23e-01, -1.15e+00, 1.25e+01]
11200 [2.15e+00, 3.17e-02, 6.70e-02, -1.07e+00, -2.95e+00, 4.69e-01, 9.81e-01, 1.40e+00, -8.23e-01, -1.15e+00, 1.25e+01]
11300 [2.13e+00, 4.10e-02, 6.30e-02, -1.05e+00, -2.95e+00, 4.68e-01, 9.81e-01, 1.40e+00, -8.19e-01, -1.14e+00, 1.25e+01]
11400 [2.13e+00, 3.38e-02, 6.40e-02, -1.05e+00, -2.95e+00, 4.68e-01, 9.81e-01, 1.40e+00, -8.18e-01, -1.14e+00, 1.25e+01]
11500 [2.13e+00, 3.33e-02, 6.45e-02, -1.05e+00, -2.95e+00, 4.68e-01, 9.81e-01, 1.40e+00, -8.18e-01, -1.14e+00, 1.25e+01]
11600 [2.13e+00, 3.31e-02, 6.50e-02, -1.05e+00, -2.95e+00, 4.68e-01, 9.81e-01, 1.40e+00, -8.19e-01, -1.14e+00, 1.25e+01]
11700 [2.13e+00, 3.31e-02, 6.54e-02, -1.04e+00, -2.95e+00, 4.69e-01, 9.81e-01, 1.40e+00, -8.19e-01, -1.14e+00, 1.25e+01]
11800 [2.13e+00, 3.32e-02, 6.57e-02, -1.04e+00, -2.95e+00, 4.69e-01, 9.81e-01, 1.39e+00, -8.19e-01, -1.14e+00, 1.25e+01]
11900 [2.13e+00, 3.33e-02, 6.60e-02, -1.04e+00, -2.95e+00, 4.69e-01, 9.81e-01, 1.39e+00, -8.19e-01, -1.14e+00, 1.25e+01]
12000 [2.09e+00, 3.40e-02, 6.52e-02, -1.03e+00, -2.93e+00, 4.56e-01, 9.81e-01, 1.39e+00, -7.85e-01, -1.12e+00, 1.25e+01]
12100 [2.09e+00, 3.43e-02, 6.51e-02, -1.03e+00, -2.93e+00, 4.57e-01, 9.81e-01, 1.39e+00, -7.85e-01, -1.12e+00, 1.25e+01]
12200 [2.09e+00, 3.43e-02, 6.52e-02, -1.03e+00, -2.93e+00, 4.57e-01, 9.81e-01, 1.39e+00, -7.86e-01, -1.12e+00, 1.25e+01]
12300 [2.09e+00, 3.44e-02, 6.53e-02, -1.03e+00, -2.93e+00, 4.57e-01, 9.81e-01, 1.39e+00, -7.86e-01, -1.12e+00, 1.25e+01]
12400 [2.10e+00, 3.44e-02, 6.54e-02, -1.02e+00, -2.93e+00, 4.58e-01, 9.81e-01, 1.39e+00, -7.86e-01, -1.12e+00, 1.25e+01]
12500 [2.10e+00, 3.46e-02, 6.55e-02, -1.02e+00, -2.93e+00, 4.58e-01, 9.81e-01, 1.39e+00, -7.87e-01, -1.12e+00, 1.25e+01]
12600 [2.10e+00, 3.48e-02, 6.56e-02, -1.02e+00, -2.93e+00, 4.59e-01, 9.81e-01, 1.39e+00, -7.87e-01, -1.12e+00, 1.25e+01]
12700 [2.06e+00, 3.58e-02, 6.29e-02, -1.00e+00, -2.90e+00, 4.34e-01, 9.81e-01, 1.39e+00, -7.26e-01, -1.09e+00, 1.25e+01]
12800 [2.06e+00, 3.56e-02, 6.30e-02, -9.99e-01, -2.90e+00, 4.34e-01, 9.81e-01, 1.39e+00, -7.26e-01, -1.09e+00, 1.25e+01]
12900 [2.06e+00, 3.56e-02, 6.31e-02, -9.95e-01, -2.90e+00, 4.35e-01, 9.81e-01, 1.39e+00, -7.27e-01, -1.09e+00, 1.25e+01]
13000 [2.06e+00, 3.57e-02, 6.31e-02, -9.91e-01, -2.90e+00, 4.35e-01, 9.81e-01, 1.39e+00, -7.27e-01, -1.09e+00, 1.25e+01]
13100 [2.06e+00, 3.58e-02, 6.31e-02, -9.87e-01, -2.90e+00, 4.36e-01, 9.81e-01, 1.39e+00, -7.28e-01, -1.09e+00, 1.25e+01]
13200 [2.02e+00, 3.62e-02, 6.20e-02, -9.85e-01, -2.89e+00, 4.30e-01, 9.81e-01, 1.39e+00, -7.13e-01, -1.06e+00, 1.25e+01]
13300 [2.03e+00, 3.63e-02, 6.28e-02, -9.80e-01, -2.89e+00, 4.31e-01, 9.81e-01, 1.39e+00, -7.14e-01, -1.06e+00, 1.25e+01]
13400 [2.03e+00, 3.65e-02, 6.32e-02, -9.76e-01, -2.89e+00, 4.31e-01, 9.81e-01, 1.38e+00, -7.14e-01, -1.06e+00, 1.25e+01]
13500 [2.03e+00, 3.67e-02, 6.33e-02, -9.71e-01, -2.89e+00, 4.32e-01, 9.81e-01, 1.38e+00, -7.15e-01, -1.06e+00, 1.25e+01]
13600 [2.03e+00, 3.68e-02, 6.33e-02, -9.66e-01, -2.89e+00, 4.33e-01, 9.81e-01, 1.38e+00, -7.15e-01, -1.06e+00, 1.25e+01]
13700 [1.99e+00, 3.70e-02, 6.12e-02, -9.56e-01, -2.88e+00, 4.13e-01, 9.81e-01, 1.38e+00, -7.11e-01, -1.02e+00, 1.25e+01]
13800 [1.99e+00, 3.73e-02, 6.17e-02, -9.51e-01, -2.88e+00, 4.14e-01, 9.81e-01, 1.38e+00, -7.11e-01, -1.02e+00, 1.25e+01]
13900 [1.99e+00, 3.75e-02, 6.19e-02, -9.46e-01, -2.88e+00, 4.14e-01, 9.81e-01, 1.38e+00, -7.12e-01, -1.02e+00, 1.25e+01]
14000 [2.00e+00, 3.77e-02, 6.19e-02, -9.40e-01, -2.88e+00, 4.15e-01, 9.81e-01, 1.38e+00, -7.13e-01, -1.02e+00, 1.25e+01]
14100 [1.96e+00, 3.86e-02, 5.99e-02, -9.34e-01, -2.85e+00, 4.06e-01, 9.81e-01, 1.38e+00, -6.92e-01, -9.97e-01, 1.25e+01]
14200 [1.96e+00, 3.81e-02, 6.06e-02, -9.28e-01, -2.85e+00, 4.06e-01, 9.81e-01, 1.37e+00, -6.89e-01, -9.95e-01, 1.25e+01]
14300 [1.97e+00, 3.84e-02, 6.10e-02, -9.22e-01, -2.85e+00, 4.07e-01, 9.81e-01, 1.37e+00, -6.90e-01, -9.93e-01, 1.25e+01]
14400 [1.97e+00, 3.86e-02, 6.10e-02, -9.16e-01, -2.85e+00, 4.08e-01, 9.81e-01, 1.37e+00, -6.91e-01, -9.92e-01, 1.25e+01]
14500 [1.93e+00, 3.87e-02, 5.94e-02, -9.11e-01, -2.84e+00, 3.94e-01, 9.81e-01, 1.37e+00, -6.79e-01, -9.68e-01, 1.25e+01]
14600 [1.94e+00, 3.90e-02, 6.00e-02, -9.04e-01, -2.84e+00, 3.95e-01, 9.81e-01, 1.36e+00, -6.80e-01, -9.66e-01, 1.25e+01]
14700 [1.94e+00, 3.93e-02, 6.01e-02, -8.97e-01, -2.84e+00, 3.96e-01, 9.81e-01, 1.36e+00, -6.80e-01, -9.65e-01, 1.25e+01]
14800 [1.91e+00, 3.98e-02, 5.80e-02, -8.88e-01, -2.83e+00, 3.81e-01, 9.81e-01, 1.36e+00, -6.76e-01, -9.42e-01, 1.25e+01]
14900 [1.90e+00, 3.97e-02, 5.78e-02, -8.81e-01, -2.82e+00, 3.68e-01, 9.81e-01, 1.36e+00, -6.74e-01, -9.35e-01, 1.25e+01]
15000 [1.90e+00, 4.00e-02, 5.78e-02, -8.73e-01, -2.82e+00, 3.69e-01, 9.81e-01, 1.35e+00, -6.75e-01, -9.33e-01, 1.25e+01]
15100 [1.91e+00, 4.03e-02, 5.76e-02, -8.66e-01, -2.82e+00, 3.70e-01, 9.81e-01, 1.35e+00, -6.76e-01, -9.31e-01, 1.25e+01]
15200 [1.87e+00, 4.02e-02, 5.61e-02, -8.61e-01, -2.78e+00, 3.64e-01, 9.81e-01, 1.35e+00, -6.53e-01, -9.01e-01, 1.25e+01]
15300 [1.87e+00, 4.07e-02, 5.70e-02, -8.54e-01, -2.78e+00, 3.65e-01, 9.81e-01, 1.34e+00, -6.54e-01, -8.99e-01, 1.25e+01]
15400 [1.88e+00, 4.10e-02, 5.71e-02, -8.46e-01, -2.78e+00, 3.67e-01, 9.81e-01, 1.34e+00, -6.55e-01, -8.96e-01, 1.25e+01]
15500 [1.85e+00, 3.95e-02, 5.53e-02, -8.43e-01, -2.78e+00, 3.64e-01, 9.81e-01, 1.33e+00, -6.51e-01, -8.73e-01, 1.25e+01]
15600 [1.83e+00, 4.12e-02, 5.60e-02, -8.35e-01, -2.75e+00, 3.55e-01, 9.81e-01, 1.33e+00, -6.57e-01, -8.42e-01, 1.25e+01]
15700 [1.83e+00, 4.16e-02, 5.67e-02, -8.27e-01, -2.75e+00, 3.57e-01, 9.81e-01, 1.32e+00, -6.59e-01, -8.39e-01, 1.25e+01]
15800 [1.84e+00, 4.19e-02, 5.66e-02, -8.19e-01, -2.76e+00, 3.58e-01, 9.81e-01, 1.32e+00, -6.60e-01, -8.36e-01, 1.25e+01]
15900 [1.84e+00, 4.20e-02, 5.64e-02, -8.12e-01, -2.76e+00, 3.60e-01, 9.81e-01, 1.31e+00, -6.62e-01, -8.33e-01, 1.25e+01]
16000 [1.78e+00, 4.18e-02, 5.18e-02, -8.01e-01, -2.69e+00, 2.71e-01, 9.81e-01, 1.31e+00, -7.38e-01, -7.34e-01, 1.25e+01]
16100 [1.78e+00, 4.26e-02, 5.15e-02, -7.91e-01, -2.69e+00, 2.72e-01, 9.81e-01, 1.30e+00, -7.38e-01, -7.30e-01, 1.25e+01]
16200 [1.79e+00, 4.29e-02, 5.11e-02, -7.83e-01, -2.69e+00, 2.74e-01, 9.81e-01, 1.30e+00, -7.39e-01, -7.26e-01, 1.25e+01]
16300 [1.79e+00, 4.31e-02, 5.09e-02, -7.74e-01, -2.70e+00, 2.75e-01, 9.81e-01, 1.29e+00, -7.39e-01, -7.22e-01, 1.25e+01]
16400 [1.79e+00, 4.32e-02, 5.06e-02, -7.66e-01, -2.70e+00, 2.76e-01, 9.81e-01, 1.28e+00, -7.40e-01, -7.18e-01, 1.25e+01]
16500 [1.73e+00, 4.34e-02, 4.97e-02, -7.76e-01, -2.66e+00, 2.65e-01, 9.81e-01, 1.27e+00, -7.03e-01, -6.49e-01, 1.25e+01]
16600 [1.73e+00, 4.37e-02, 5.10e-02, -7.67e-01, -2.67e+00, 2.66e-01, 9.81e-01, 1.27e+00, -7.03e-01, -6.45e-01, 1.25e+01]
16700 [1.74e+00, 4.39e-02, 5.11e-02, -7.58e-01, -2.67e+00, 2.68e-01, 9.81e-01, 1.26e+00, -7.04e-01, -6.40e-01, 1.25e+01]
16800 [1.74e+00, 4.41e-02, 5.10e-02, -7.50e-01, -2.67e+00, 2.69e-01, 9.81e-01, 1.25e+00, -7.05e-01, -6.35e-01, 1.25e+01]
16900 [1.75e+00, 4.42e-02, 5.09e-02, -7.42e-01, -2.67e+00, 2.70e-01, 9.81e-01, 1.24e+00, -7.07e-01, -6.30e-01, 1.25e+01]
17000 [1.67e+00, 4.38e-02, 4.68e-02, -7.72e-01, -2.63e+00, 2.12e-01, 9.81e-01, 1.24e+00, -6.76e-01, -5.28e-01, 1.25e+01]
17100 [1.67e+00, 4.42e-02, 4.99e-02, -7.54e-01, -2.62e+00, 2.03e-01, 9.81e-01, 1.23e+00, -6.64e-01, -5.13e-01, 1.25e+01]
17200 [1.67e+00, 4.45e-02, 5.09e-02, -7.40e-01, -2.62e+00, 2.04e-01, 9.81e-01, 1.21e+00, -6.64e-01, -5.10e-01, 1.25e+01]
17300 [1.67e+00, 4.47e-02, 5.10e-02, -7.27e-01, -2.62e+00, 2.06e-01, 9.81e-01, 1.20e+00, -6.65e-01, -5.07e-01, 1.25e+01]
17400 [1.68e+00, 4.48e-02, 5.10e-02, -7.15e-01, -2.63e+00, 2.07e-01, 9.81e-01, 1.19e+00, -6.65e-01, -5.04e-01, 1.25e+01]
17500 [1.68e+00, 4.49e-02, 5.09e-02, -7.03e-01, -2.63e+00, 2.09e-01, 9.81e-01, 1.18e+00, -6.66e-01, -5.00e-01, 1.25e+01]
17600 [1.69e+00, 4.50e-02, 5.09e-02, -6.92e-01, -2.64e+00, 2.10e-01, 9.81e-01, 1.17e+00, -6.67e-01, -4.96e-01, 1.25e+01]
17700 [1.61e+00, 4.48e-02, 4.91e-02, -6.97e-01, -2.50e+00, 1.79e-01, 9.81e-01, 1.16e+00, -5.64e-01, -4.36e-01, 1.25e+01]
17800 [1.62e+00, 4.51e-02, 5.22e-02, -6.88e-01, -2.51e+00, 1.80e-01, 9.81e-01, 1.15e+00, -5.64e-01, -4.32e-01, 1.25e+01]
17900 [1.62e+00, 4.53e-02, 5.26e-02, -6.80e-01, -2.51e+00, 1.82e-01, 9.81e-01, 1.13e+00, -5.65e-01, -4.28e-01, 1.25e+01]
18000 [1.63e+00, 4.54e-02, 5.26e-02, -6.72e-01, -2.51e+00, 1.83e-01, 9.81e-01, 1.12e+00, -5.65e-01, -4.24e-01, 1.25e+01]
18100 [1.63e+00, 4.55e-02, 5.25e-02, -6.64e-01, -2.51e+00, 1.84e-01, 9.81e-01, 1.11e+00, -5.66e-01, -4.19e-01, 1.25e+01]
18200 [1.64e+00, 4.55e-02, 5.25e-02, -6.57e-01, -2.52e+00, 1.85e-01, 9.81e-01, 1.09e+00, -5.67e-01, -4.15e-01, 1.25e+01]
18300 [1.60e+00, 4.45e-02, 4.94e-02, -6.65e-01, -2.52e+00, 1.84e-01, 9.81e-01, 1.09e+00, -5.63e-01, -3.96e-01, 1.25e+01]
18400 [1.57e+00, 4.52e-02, 5.25e-02, -6.62e-01, -2.47e+00, 1.71e-01, 9.81e-01, 1.08e+00, -5.33e-01, -3.53e-01, 1.24e+01]
18500 [1.57e+00, 4.55e-02, 5.44e-02, -6.52e-01, -2.47e+00, 1.73e-01, 9.81e-01, 1.06e+00, -5.33e-01, -3.48e-01, 1.24e+01]
18600 [1.57e+00, 4.56e-02, 5.47e-02, -6.43e-01, -2.47e+00, 1.74e-01, 9.81e-01, 1.05e+00, -5.33e-01, -3.42e-01, 1.24e+01]
18700 [1.58e+00, 4.57e-02, 5.47e-02, -6.33e-01, -2.48e+00, 1.75e-01, 9.81e-01, 1.03e+00, -5.34e-01, -3.36e-01, 1.24e+01]
18800 [1.58e+00, 4.57e-02, 5.48e-02, -6.25e-01, -2.48e+00, 1.77e-01, 9.81e-01, 1.02e+00, -5.34e-01, -3.30e-01, 1.24e+01]
18900 [1.59e+00, 4.57e-02, 5.48e-02, -6.16e-01, -2.49e+00, 1.78e-01, 9.81e-01, 9.99e-01, -5.35e-01, -3.24e-01, 1.24e+01]
19000 [1.56e+00, 4.55e-02, 5.24e-02, -6.26e-01, -2.49e+00, 1.74e-01, 9.81e-01, 9.84e-01, -5.31e-01, -3.06e-01, 1.24e+01]
19100 [1.51e+00, 4.57e-02, 5.43e-02, -6.42e-01, -2.47e+00, 1.34e-01, 9.81e-01, 9.68e-01, -5.18e-01, -2.48e-01, 1.24e+01]
19200 [1.52e+00, 4.57e-02, 5.82e-02, -6.26e-01, -2.47e+00, 1.38e-01, 9.81e-01, 9.49e-01, -5.13e-01, -2.44e-01, 1.24e+01]
19300 [1.52e+00, 4.57e-02, 5.93e-02, -6.11e-01, -2.48e+00, 1.40e-01, 9.81e-01, 9.30e-01, -5.09e-01, -2.40e-01, 1.24e+01]
19400 [1.53e+00, 4.57e-02, 5.97e-02, -5.97e-01, -2.49e+00, 1.41e-01, 9.81e-01, 9.11e-01, -5.05e-01, -2.36e-01, 1.24e+01]
19500 [1.53e+00, 4.58e-02, 5.99e-02, -5.83e-01, -2.49e+00, 1.42e-01, 9.81e-01, 8.92e-01, -5.02e-01, -2.31e-01, 1.24e+01]
19600 [1.54e+00, 4.58e-02, 6.01e-02, -5.71e-01, -2.50e+00, 1.43e-01, 9.81e-01, 8.73e-01, -4.98e-01, -2.26e-01, 1.24e+01]
19700 [1.54e+00, 4.58e-02, 6.02e-02, -5.60e-01, -2.51e+00, 1.43e-01, 9.81e-01, 8.53e-01, -4.95e-01, -2.20e-01, 1.24e+01]
19800 [1.48e+00, 4.46e-02, 5.55e-02, -6.03e-01, -2.45e+00, 1.41e-01, 9.81e-01, 8.41e-01, -4.28e-01, -1.48e-01, 1.24e+01]
19900 [1.48e+00, 4.56e-02, 6.11e-02, -5.95e-01, -2.40e+00, 1.24e-01, 9.81e-01, 8.20e-01, -3.95e-01, -1.18e-01, 1.24e+01]
20000 [1.48e+00, 4.57e-02, 6.31e-02, -5.81e-01, -2.40e+00, 1.24e-01, 9.81e-01, 7.99e-01, -3.90e-01, -1.17e-01, 1.24e+01]
20000 [1.48e+00, 4.57e-02, 6.31e-02, -5.81e-01, -2.40e+00, 1.24e-01, 9.81e-01, 7.99e-01, -3.90e-01, -1.17e-01, 1.24e+01]
20100 [1.47e+00, 4.64e-02, 6.42e-02, -5.80e-01, -2.38e+00, 1.08e-01, 9.81e-01, 8.02e-01, -3.80e-01, -1.04e-01, 1.24e+01]
20200 [1.47e+00, 4.59e-02, 6.53e-02, -5.77e-01, -2.38e+00, 1.07e-01, 9.81e-01, 8.00e-01, -3.78e-01, -1.03e-01, 1.24e+01]
20300 [1.47e+00, 4.58e-02, 6.65e-02, -5.74e-01, -2.39e+00, 1.07e-01, 9.81e-01, 7.97e-01, -3.77e-01, -1.03e-01, 1.24e+01]
20400 [1.47e+00, 4.59e-02, 6.75e-02, -5.70e-01, -2.39e+00, 1.05e-01, 9.81e-01, 7.94e-01, -3.75e-01, -1.02e-01, 1.24e+01]
20500 [1.47e+00, 4.59e-02, 6.84e-02, -5.66e-01, -2.39e+00, 1.04e-01, 9.81e-01, 7.90e-01, -3.72e-01, -1.01e-01, 1.24e+01]
20600 [1.47e+00, 4.59e-02, 6.93e-02, -5.61e-01, -2.39e+00, 1.02e-01, 9.81e-01, 7.85e-01, -3.69e-01, -1.00e-01, 1.24e+01]
20700 [1.48e+00, 4.59e-02, 7.02e-02, -5.56e-01, -2.39e+00, 9.91e-02, 9.81e-01, 7.80e-01, -3.66e-01, -9.90e-02, 1.24e+01]
20800 [1.48e+00, 4.59e-02, 7.11e-02, -5.50e-01, -2.40e+00, 9.59e-02, 9.81e-01, 7.74e-01, -3.63e-01, -9.77e-02, 1.24e+01]
20900 [1.48e+00, 4.59e-02, 7.22e-02, -5.44e-01, -2.40e+00, 9.21e-02, 9.81e-01, 7.68e-01, -3.59e-01, -9.63e-02, 1.24e+01]
21000 [1.48e+00, 4.58e-02, 7.35e-02, -5.38e-01, -2.40e+00, 8.75e-02, 9.81e-01, 7.61e-01, -3.55e-01, -9.49e-02, 1.24e+01]
21100 [1.48e+00, 4.58e-02, 7.51e-02, -5.32e-01, -2.40e+00, 8.17e-02, 9.81e-01, 7.54e-01, -3.50e-01, -9.33e-02, 1.24e+01]
21200 [1.49e+00, 4.58e-02, 7.72e-02, -5.26e-01, -2.41e+00, 7.44e-02, 9.81e-01, 7.47e-01, -3.45e-01, -9.18e-02, 1.24e+01]
21300 [1.45e+00, 4.54e-02, 7.59e-02, -5.54e-01, -2.39e+00, 6.39e-02, 9.81e-01, 7.43e-01, -3.30e-01, -7.44e-02, 1.24e+01]
21400 [1.45e+00, 4.56e-02, 8.23e-02, -5.46e-01, -2.39e+00, 5.32e-02, 9.81e-01, 7.34e-01, -3.22e-01, -7.47e-02, 1.24e+01]
21500 [1.45e+00, 4.54e-02, 8.87e-02, -5.40e-01, -2.40e+00, 3.45e-02, 9.81e-01, 7.24e-01, -3.14e-01, -7.48e-02, 1.24e+01]
21600 [1.46e+00, 4.50e-02, 9.82e-02, -5.35e-01, -2.40e+00, 3.42e-03, 9.81e-01, 7.14e-01, -3.07e-01, -7.41e-02, 1.24e+01]
21700 [1.46e+00, 4.44e-02, 1.14e-01, -5.34e-01, -2.41e+00, -4.86e-02, 9.81e-01, 7.05e-01, -3.01e-01, -6.83e-02, 1.24e+01]
21800 [1.46e+00, 4.37e-02, 1.37e-01, -5.37e-01, -2.41e+00, -1.07e-01, 9.81e-01, 6.97e-01, -2.95e-01, -5.26e-02, 1.24e+01]
21900 [1.44e+00, 4.34e-02, 1.35e-01, -5.46e-01, -2.40e+00, -4.24e-02, 9.81e-01, 6.87e-01, -2.80e-01, -2.79e-02, 1.23e+01]
22000 [1.45e+00, 4.36e-02, 1.42e-01, -5.50e-01, -2.41e+00, -5.31e-02, 9.81e-01, 6.75e-01, -2.80e-01, -2.35e-02, 1.23e+01]
22100 [1.45e+00, 4.35e-02, 1.50e-01, -5.55e-01, -2.41e+00, -6.50e-02, 9.81e-01, 6.63e-01, -2.80e-01, -1.79e-02, 1.23e+01]
22200 [1.45e+00, 4.34e-02, 1.57e-01, -5.72e-01, -2.42e+00, -7.78e-02, 9.81e-01, 6.52e-01, -2.80e-01, -9.46e-03, 1.23e+01]
22300 [1.42e+00, 4.32e-02, 1.64e-01, -6.00e-01, -2.42e+00, -9.09e-02, 9.81e-01, 6.40e-01, -2.78e-01, 2.22e-03, 1.23e+01]
22400 [1.43e+00, 4.31e-02, 1.75e-01, -6.07e-01, -2.42e+00, -1.05e-01, 9.81e-01, 6.27e-01, -2.78e-01, 1.00e-02, 1.23e+01]
22500 [1.43e+00, 4.29e-02, 1.85e-01, -6.17e-01, -2.43e+00, -1.19e-01, 9.81e-01, 6.13e-01, -2.79e-01, 1.85e-02, 1.23e+01]
22600 [1.43e+00, 4.27e-02, 1.97e-01, -6.27e-01, -2.39e+00, -1.34e-01, 9.81e-01, 5.99e-01, -2.78e-01, 2.72e-02, 1.23e+01]
22700 [1.43e+00, 4.26e-02, 2.06e-01, -6.41e-01, -2.40e+00, -1.49e-01, 9.81e-01, 5.85e-01, -2.81e-01, 3.78e-02, 1.23e+01]
22800 [1.42e+00, 4.26e-02, 2.18e-01, -6.54e-01, -2.41e+00, -1.63e-01, 9.81e-01, 5.70e-01, -2.84e-01, 4.67e-02, 1.23e+01]
22900 [1.41e+00, 4.24e-02, 2.29e-01, -6.73e-01, -2.41e+00, -1.78e-01, 9.81e-01, 5.54e-01, -2.86e-01, 5.62e-02, 1.23e+01]
23000 [1.42e+00, 4.23e-02, 2.43e-01, -6.84e-01, -2.42e+00, -1.93e-01, 9.81e-01, 5.38e-01, -2.89e-01, 6.23e-02, 1.23e+01]
23100 [1.39e+00, 4.21e-02, 2.52e-01, -6.95e-01, -2.36e+00, -2.04e-01, 9.81e-01, 5.22e-01, -2.83e-01, 7.39e-02, 1.22e+01]
23200 [1.39e+00, 4.22e-02, 2.66e-01, -7.06e-01, -2.35e+00, -2.19e-01, 9.81e-01, 5.04e-01, -2.88e-01, 7.78e-02, 1.22e+01]
23300 [1.40e+00, 4.22e-02, 2.82e-01, -7.17e-01, -2.36e+00, -2.36e-01, 9.81e-01, 4.86e-01, -2.94e-01, 8.07e-02, 1.22e+01]
23400 [1.40e+00, 4.29e-02, 2.86e-01, -7.33e-01, -2.36e+00, -2.06e-01, 9.81e-01, 4.68e-01, -2.80e-01, 9.33e-02, 1.22e+01]
23500 [1.39e+00, 4.27e-02, 2.94e-01, -7.52e-01, -2.37e+00, -2.28e-01, 9.81e-01, 4.48e-01, -2.91e-01, 1.02e-01, 1.21e+01]
23600 [1.38e+00, 4.27e-02, 3.06e-01, -7.68e-01, -2.37e+00, -2.48e-01, 9.81e-01, 4.27e-01, -2.99e-01, 1.06e-01, 1.21e+01]
23700 [1.37e+00, 4.28e-02, 3.21e-01, -7.81e-01, -2.38e+00, -2.67e-01, 9.81e-01, 4.05e-01, -3.02e-01, 1.07e-01, 1.21e+01]
23800 [1.38e+00, 4.29e-02, 3.38e-01, -7.89e-01, -2.39e+00, -2.80e-01, 9.81e-01, 3.83e-01, -3.00e-01, 1.04e-01, 1.21e+01]
23900 [1.37e+00, 4.36e-02, 3.39e-01, -8.10e-01, -2.37e+00, -2.57e-01, 9.81e-01, 3.62e-01, -2.83e-01, 1.08e-01, 1.20e+01]
24000 [1.37e+00, 4.37e-02, 3.53e-01, -8.25e-01, -2.38e+00, -2.82e-01, 9.81e-01, 3.37e-01, -2.94e-01, 1.10e-01, 1.20e+01]
24100 [1.34e+00, 4.40e-02, 3.65e-01, -8.41e-01, -2.39e+00, -3.03e-01, 9.81e-01, 3.13e-01, -2.99e-01, 1.13e-01, 1.20e+01]
24200 [1.35e+00, 4.44e-02, 3.84e-01, -8.46e-01, -2.40e+00, -3.25e-01, 9.81e-01, 2.88e-01, -3.00e-01, 1.06e-01, 1.19e+01]
24300 [1.34e+00, 4.49e-02, 3.89e-01, -8.64e-01, -2.36e+00, -3.04e-01, 9.81e-01, 2.67e-01, -2.63e-01, 1.13e-01, 1.19e+01]
24400 [1.34e+00, 4.54e-02, 4.04e-01, -8.78e-01, -2.37e+00, -3.31e-01, 9.81e-01, 2.40e-01, -2.74e-01, 1.12e-01, 1.18e+01]
24500 [1.30e+00, 4.69e-02, 4.15e-01, -8.90e-01, -2.32e+00, -3.09e-01, 9.81e-01, 2.11e-01, -3.14e-01, 1.06e-01, 1.18e+01]
24600 [1.19e+00, 4.50e-02, 4.04e-01, -8.98e-01, -2.18e+00, -2.75e-01, 9.81e-01, 1.53e-01, -3.04e-01, 5.74e-02, 1.17e+01]
24700 [1.19e+00, 4.56e-02, 4.12e-01, -9.04e-01, -2.18e+00, -3.07e-01, 9.81e-01, 1.40e-01, -3.10e-01, 6.26e-02, 1.16e+01]
24800 [1.19e+00, 4.60e-02, 4.23e-01, -9.05e-01, -2.18e+00, -3.33e-01, 9.81e-01, 1.29e-01, -3.10e-01, 6.49e-02, 1.15e+01]
24900 [1.20e+00, 4.65e-02, 4.35e-01, -9.04e-01, -2.18e+00, -3.56e-01, 9.81e-01, 1.18e-01, -3.08e-01, 6.52e-02, 1.15e+01]
25000 [1.20e+00, 4.70e-02, 4.50e-01, -9.02e-01, -2.19e+00, -3.78e-01, 9.81e-01, 1.08e-01, -3.04e-01, 6.41e-02, 1.14e+01]
25100 [1.20e+00, 4.76e-02, 4.66e-01, -8.99e-01, -2.19e+00, -3.99e-01, 9.81e-01, 9.86e-02, -2.98e-01, 6.19e-02, 1.14e+01]
25200 [1.21e+00, 4.84e-02, 4.82e-01, -8.96e-01, -2.19e+00, -4.20e-01, 9.81e-01, 8.94e-02, -2.93e-01, 5.91e-02, 1.14e+01]
25300 [1.21e+00, 5.22e-02, 4.91e-01, -8.95e-01, -2.18e+00, -3.59e-01, 9.81e-01, 8.10e-02, -2.33e-01, 6.70e-02, 1.13e+01]
25400 [1.21e+00, 5.03e-02, 4.97e-01, -9.08e-01, -2.18e+00, -3.73e-01, 9.81e-01, 7.26e-02, -2.48e-01, 7.51e-02, 1.12e+01]
25500 [1.22e+00, 5.02e-02, 5.08e-01, -9.17e-01, -2.18e+00, -3.92e-01, 9.81e-01, 6.27e-02, -2.60e-01, 7.93e-02, 1.11e+01]
25600 [1.22e+00, 5.07e-02, 5.21e-01, -9.23e-01, -2.19e+00, -4.09e-01, 9.81e-01, 5.28e-02, -2.67e-01, 8.09e-02, 1.10e+01]
25700 [1.22e+00, 5.13e-02, 5.36e-01, -9.27e-01, -2.19e+00, -4.26e-01, 9.81e-01, 4.31e-02, -2.72e-01, 8.06e-02, 1.10e+01]
25800 [1.23e+00, 5.20e-02, 5.53e-01, -9.29e-01, -2.19e+00, -4.43e-01, 9.81e-01, 3.38e-02, -2.74e-01, 7.91e-02, 1.09e+01]
25900 [1.23e+00, 5.29e-02, 5.70e-01, -9.29e-01, -2.19e+00, -4.61e-01, 9.81e-01, 2.48e-02, -2.75e-01, 7.67e-02, 1.08e+01]
26000 [1.20e+00, 5.50e-02, 5.71e-01, -9.30e-01, -2.18e+00, -4.09e-01, 9.81e-01, 1.60e-02, -2.35e-01, 8.95e-02, 1.07e+01]
26100 [1.20e+00, 5.34e-02, 5.74e-01, -9.40e-01, -2.16e+00, -4.08e-01, 9.81e-01, 8.97e-03, -2.51e-01, 1.03e-01, 1.06e+01]
26200 [1.20e+00, 5.28e-02, 5.83e-01, -9.50e-01, -2.16e+00, -4.26e-01, 9.81e-01, -9.18e-04, -2.67e-01, 1.08e-01, 1.05e+01]
26300 [1.20e+00, 5.29e-02, 5.95e-01, -9.55e-01, -2.16e+00, -4.43e-01, 9.81e-01, -1.08e-02, -2.75e-01, 1.09e-01, 1.04e+01]
26400 [1.21e+00, 5.34e-02, 6.09e-01, -9.58e-01, -2.16e+00, -4.59e-01, 9.81e-01, -2.05e-02, -2.79e-01, 1.07e-01, 1.03e+01]
26500 [1.21e+00, 5.40e-02, 6.25e-01, -9.58e-01, -2.17e+00, -4.75e-01, 9.81e-01, -2.97e-02, -2.79e-01, 1.03e-01, 1.03e+01]
26600 [1.20e+00, 5.51e-02, 6.38e-01, -9.49e-01, -2.17e+00, -4.91e-01, 9.81e-01, -3.85e-02, -2.79e-01, 1.01e-01, 1.02e+01]
26700 [1.15e+00, 5.53e-02, 6.47e-01, -9.18e-01, -2.17e+00, -5.04e-01, 9.81e-01, -4.59e-02, -2.75e-01, 1.04e-01, 1.01e+01]
26800 [1.15e+00, 5.62e-02, 6.64e-01, -9.15e-01, -2.17e+00, -5.20e-01, 9.81e-01, -5.41e-02, -2.70e-01, 9.47e-02, 1.01e+01]
26900 [1.16e+00, 5.83e-02, 6.74e-01, -9.23e-01, -2.14e+00, -4.86e-01, 9.81e-01, -6.13e-02, -2.33e-01, 9.67e-02, 9.96e+00]
27000 [1.16e+00, 5.68e-02, 6.86e-01, -9.32e-01, -2.14e+00, -5.06e-01, 9.81e-01, -6.85e-02, -2.49e-01, 9.96e-02, 9.85e+00]
27100 [1.16e+00, 5.69e-02, 7.00e-01, -9.36e-01, -2.15e+00, -5.25e-01, 9.81e-01, -7.57e-02, -2.56e-01, 9.63e-02, 9.76e+00]
27200 [1.17e+00, 5.75e-02, 7.16e-01, -9.36e-01, -2.15e+00, -5.44e-01, 9.81e-01, -8.25e-02, -2.56e-01, 8.98e-02, 9.68e+00]
27300 [1.15e+00, 6.07e-02, 7.20e-01, -9.40e-01, -2.09e+00, -4.98e-01, 9.81e-01, -8.92e-02, -2.35e-01, 8.70e-02, 9.59e+00]
27400 [1.15e+00, 5.68e-02, 7.29e-01, -9.50e-01, -2.08e+00, -5.14e-01, 9.81e-01, -9.61e-02, -2.55e-01, 9.58e-02, 9.46e+00]
27500 [1.15e+00, 5.65e-02, 7.41e-01, -9.53e-01, -2.08e+00, -5.33e-01, 9.81e-01, -1.03e-01, -2.62e-01, 9.58e-02, 9.36e+00]
27600 [1.15e+00, 5.69e-02, 7.55e-01, -9.52e-01, -2.09e+00, -5.51e-01, 9.81e-01, -1.10e-01, -2.60e-01, 9.04e-02, 9.28e+00]
27700 [1.11e+00, 5.79e-02, 7.64e-01, -9.08e-01, -2.08e+00, -5.62e-01, 9.81e-01, -1.17e-01, -2.48e-01, 9.54e-02, 9.19e+00]
27800 [1.11e+00, 5.83e-02, 7.79e-01, -8.97e-01, -2.07e+00, -5.80e-01, 9.81e-01, -1.23e-01, -2.42e-01, 8.53e-02, 9.12e+00]
27900 [1.11e+00, 5.99e-02, 7.90e-01, -8.97e-01, -2.05e+00, -5.57e-01, 9.81e-01, -1.28e-01, -1.98e-01, 8.16e-02, 9.03e+00]
28000 [1.11e+00, 5.88e-02, 8.01e-01, -9.06e-01, -2.04e+00, -5.77e-01, 9.81e-01, -1.32e-01, -2.13e-01, 8.53e-02, 8.92e+00]
28100 [1.11e+00, 5.91e-02, 8.15e-01, -9.08e-01, -2.04e+00, -5.96e-01, 9.81e-01, -1.37e-01, -2.17e-01, 8.01e-02, 8.83e+00]
28200 [1.09e+00, 6.12e-02, 8.21e-01, -9.16e-01, -2.00e+00, -5.63e-01, 9.81e-01, -1.41e-01, -1.90e-01, 7.36e-02, 8.74e+00]
28300 [1.09e+00, 5.86e-02, 8.30e-01, -9.25e-01, -1.94e+00, -5.77e-01, 9.81e-01, -1.45e-01, -2.10e-01, 8.40e-02, 8.62e+00]
28400 [1.09e+00, 5.86e-02, 8.42e-01, -9.27e-01, -1.94e+00, -5.96e-01, 9.81e-01, -1.49e-01, -2.14e-01, 8.19e-02, 8.53e+00]
28500 [1.09e+00, 5.92e-02, 8.55e-01, -9.25e-01, -1.94e+00, -6.15e-01, 9.81e-01, -1.53e-01, -2.07e-01, 7.37e-02, 8.44e+00]
28600 [1.04e+00, 6.06e-02, 8.58e-01, -9.36e-01, -1.93e+00, -6.00e-01, 9.81e-01, -1.59e-01, -1.89e-01, 5.90e-02, 8.36e+00]
28700 [1.03e+00, 5.97e-02, 8.69e-01, -9.41e-01, -1.92e+00, -6.17e-01, 9.81e-01, -1.63e-01, -1.89e-01, 5.82e-02, 8.27e+00]
28800 [1.03e+00, 6.04e-02, 8.81e-01, -9.38e-01, -1.92e+00, -6.36e-01, 9.81e-01, -1.67e-01, -1.79e-01, 5.37e-02, 8.19e+00]
28900 [1.04e+00, 6.10e-02, 8.90e-01, -9.21e-01, -1.89e+00, -5.94e-01, 9.81e-01, -1.70e-01, -1.25e-01, 6.94e-02, 8.08e+00]
29000 [1.04e+00, 5.99e-02, 8.98e-01, -9.36e-01, -1.89e+00, -6.16e-01, 9.81e-01, -1.73e-01, -1.56e-01, 8.06e-02, 7.95e+00]
29100 [1.04e+00, 6.02e-02, 9.09e-01, -9.39e-01, -1.89e+00, -6.35e-01, 9.81e-01, -1.76e-01, -1.59e-01, 7.55e-02, 7.86e+00]
29200 [1.04e+00, 6.11e-02, 9.20e-01, -9.33e-01, -1.89e+00, -6.51e-01, 9.81e-01, -1.78e-01, -1.50e-01, 6.65e-02, 7.79e+00]
29300 [9.97e-01, 6.12e-02, 9.27e-01, -8.91e-01, -1.88e+00, -6.57e-01, 9.81e-01, -1.82e-01, -1.38e-01, 6.83e-02, 7.71e+00]
29400 [9.98e-01, 6.18e-02, 9.36e-01, -8.92e-01, -1.87e+00, -6.29e-01, 9.81e-01, -1.84e-01, -1.02e-01, 6.59e-02, 7.62e+00]
29500 [1.00e+00, 6.09e-02, 9.46e-01, -9.03e-01, -1.87e+00, -6.51e-01, 9.81e-01, -1.85e-01, -1.25e-01, 7.08e-02, 7.51e+00]
29600 [1.00e+00, 6.15e-02, 9.57e-01, -9.05e-01, -1.86e+00, -6.70e-01, 9.81e-01, -1.87e-01, -1.22e-01, 6.24e-02, 7.43e+00]
29700 [9.87e-01, 6.15e-02, 9.61e-01, -9.15e-01, -1.77e+00, -6.29e-01, 9.81e-01, -1.88e-01, -9.52e-02, 6.65e-02, 7.33e+00]
29800 [9.90e-01, 6.05e-02, 9.69e-01, -9.27e-01, -1.77e+00, -6.49e-01, 9.81e-01, -1.90e-01, -1.17e-01, 7.38e-02, 7.21e+00]
29900 [9.93e-01, 6.09e-02, 9.79e-01, -9.29e-01, -1.77e+00, -6.68e-01, 9.81e-01, -1.92e-01, -1.11e-01, 6.56e-02, 7.13e+00]
30000 [9.57e-01, 6.15e-02, 9.86e-01, -8.93e-01, -1.77e+00, -6.78e-01, 9.81e-01, -1.95e-01, -9.54e-02, 6.21e-02, 7.06e+00]
30000 [9.57e-01, 6.15e-02, 9.86e-01, -8.93e-01, -1.77e+00, -6.78e-01, 9.81e-01, -1.95e-01, -9.54e-02, 6.21e-02, 7.06e+00]
30100 [9.41e-01, 6.07e-02, 9.84e-01, -8.77e-01, -1.75e+00, -6.71e-01, 9.81e-01, -1.92e-01, -9.84e-02, 5.25e-02, 7.03e+00]
30200 [9.41e-01, 6.13e-02, 9.85e-01, -8.77e-01, -1.75e+00, -6.78e-01, 9.81e-01, -1.92e-01, -9.79e-02, 5.22e-02, 7.00e+00]
30300 [9.41e-01, 6.13e-02, 9.87e-01, -8.77e-01, -1.75e+00, -6.87e-01, 9.81e-01, -1.92e-01, -9.56e-02, 5.15e-02, 6.96e+00]
30400 [9.41e-01, 6.15e-02, 9.89e-01, -8.76e-01, -1.75e+00, -6.97e-01, 9.81e-01, -1.92e-01, -9.13e-02, 5.04e-02, 6.93e+00]
30500 [9.41e-01, 6.17e-02, 9.92e-01, -8.76e-01, -1.75e+00, -7.08e-01, 9.81e-01, -1.92e-01, -8.49e-02, 4.90e-02, 6.90e+00]
30600 [9.41e-01, 6.22e-02, 9.95e-01, -8.76e-01, -1.75e+00, -7.19e-01, 9.81e-01, -1.92e-01, -7.64e-02, 4.72e-02, 6.87e+00]
30700 [9.42e-01, 6.27e-02, 9.99e-01, -8.76e-01, -1.75e+00, -7.31e-01, 9.81e-01, -1.92e-01, -6.61e-02, 4.50e-02, 6.84e+00]
30800 [9.42e-01, 6.29e-02, 1.00e+00, -8.76e-01, -1.75e+00, -6.80e-01, 9.81e-01, -1.92e-01, -4.75e-02, 4.57e-02, 6.77e+00]
30900 [9.42e-01, 6.26e-02, 1.00e+00, -8.76e-01, -1.75e+00, -6.93e-01, 9.81e-01, -1.92e-01, -5.06e-02, 4.57e-02, 6.69e+00]
31000 [9.42e-01, 6.28e-02, 1.01e+00, -8.76e-01, -1.75e+00, -7.05e-01, 9.81e-01, -1.92e-01, -4.83e-02, 4.47e-02, 6.63e+00]
31100 [9.43e-01, 6.32e-02, 1.01e+00, -8.76e-01, -1.75e+00, -7.17e-01, 9.81e-01, -1.93e-01, -4.20e-02, 4.31e-02, 6.58e+00]
31200 [9.43e-01, 6.37e-02, 1.02e+00, -8.76e-01, -1.75e+00, -7.30e-01, 9.81e-01, -1.93e-01, -3.29e-02, 4.09e-02, 6.53e+00]
31300 [9.43e-01, 6.43e-02, 1.02e+00, -8.76e-01, -1.75e+00, -7.42e-01, 9.81e-01, -1.93e-01, -2.19e-02, 3.82e-02, 6.49e+00]
31400 [9.42e-01, 6.51e-02, 1.03e+00, -8.79e-01, -1.73e+00, -6.82e-01, 9.81e-01, -1.93e-01, 2.87e-03, 4.02e-02, 6.40e+00]
31500 [9.42e-01, 6.37e-02, 1.03e+00, -8.80e-01, -1.73e+00, -6.95e-01, 9.81e-01, -1.93e-01, -9.63e-03, 4.15e-02, 6.29e+00]
31600 [9.43e-01, 6.36e-02, 1.03e+00, -8.80e-01, -1.73e+00, -7.07e-01, 9.81e-01, -1.93e-01, -1.20e-02, 4.10e-02, 6.21e+00]
31700 [9.43e-01, 6.38e-02, 1.04e+00, -8.80e-01, -1.73e+00, -7.18e-01, 9.81e-01, -1.93e-01, -7.83e-03, 3.94e-02, 6.15e+00]
31800 [9.43e-01, 6.42e-02, 1.04e+00, -8.80e-01, -1.73e+00, -7.29e-01, 9.81e-01, -1.93e-01, 2.96e-04, 3.69e-02, 6.09e+00]
31900 [9.44e-01, 6.47e-02, 1.05e+00, -8.81e-01, -1.73e+00, -7.40e-01, 9.81e-01, -1.93e-01, 1.07e-02, 3.39e-02, 6.03e+00]
32000 [9.38e-01, 6.65e-02, 1.05e+00, -8.84e-01, -1.70e+00, -6.79e-01, 9.81e-01, -1.93e-01, 4.67e-02, 3.76e-02, 5.94e+00]
32100 [9.39e-01, 6.36e-02, 1.06e+00, -8.86e-01, -1.70e+00, -6.89e-01, 9.81e-01, -1.93e-01, 2.31e-02, 4.08e-02, 5.81e+00]
32200 [9.39e-01, 6.31e-02, 1.06e+00, -8.87e-01, -1.70e+00, -7.00e-01, 9.81e-01, -1.93e-01, 1.57e-02, 4.08e-02, 5.71e+00]
32300 [9.39e-01, 6.32e-02, 1.07e+00, -8.88e-01, -1.70e+00, -7.10e-01, 9.81e-01, -1.93e-01, 1.81e-02, 3.89e-02, 5.64e+00]
32400 [9.40e-01, 6.35e-02, 1.07e+00, -8.88e-01, -1.70e+00, -7.21e-01, 9.81e-01, -1.93e-01, 2.58e-02, 3.59e-02, 5.57e+00]
32500 [9.19e-01, 6.34e-02, 1.07e+00, -8.84e-01, -1.67e+00, -7.10e-01, 9.81e-01, -1.93e-01, 3.13e-02, 3.73e-02, 5.50e+00]
32600 [9.19e-01, 6.36e-02, 1.08e+00, -8.84e-01, -1.66e+00, -7.21e-01, 9.81e-01, -1.93e-01, 3.72e-02, 3.41e-02, 5.43e+00]
32700 [9.20e-01, 6.41e-02, 1.08e+00, -8.85e-01, -1.66e+00, -7.33e-01, 9.81e-01, -1.93e-01, 4.74e-02, 3.01e-02, 5.36e+00]
32800 [9.20e-01, 6.46e-02, 1.09e+00, -8.85e-01, -1.66e+00, -7.44e-01, 9.81e-01, -1.93e-01, 5.95e-02, 2.58e-02, 5.30e+00]
32900 [9.18e-01, 6.50e-02, 1.09e+00, -8.85e-01, -1.60e+00, -6.96e-01, 9.81e-01, -1.93e-01, 9.89e-02, 3.22e-02, 5.19e+00]
33000 [9.18e-01, 6.37e-02, 1.10e+00, -8.87e-01, -1.59e+00, -7.09e-01, 9.81e-01, -1.93e-01, 7.43e-02, 3.36e-02, 5.07e+00]
33100 [9.18e-01, 6.36e-02, 1.10e+00, -8.88e-01, -1.59e+00, -7.22e-01, 9.81e-01, -1.93e-01, 7.19e-02, 3.10e-02, 4.99e+00]
33200 [9.04e-01, 6.38e-02, 1.11e+00, -8.84e-01, -1.59e+00, -7.30e-01, 9.81e-01, -1.93e-01, 7.71e-02, 2.81e-02, 4.92e+00]
33300 [9.05e-01, 6.44e-02, 1.11e+00, -8.85e-01, -1.59e+00, -7.42e-01, 9.81e-01, -1.93e-01, 8.71e-02, 2.30e-02, 4.86e+00]
33400 [8.98e-01, 6.55e-02, 1.12e+00, -8.82e-01, -1.58e+00, -7.12e-01, 9.81e-01, -1.93e-01, 1.21e-01, 2.48e-02, 4.79e+00]
33500 [8.98e-01, 6.42e-02, 1.12e+00, -8.84e-01, -1.57e+00, -7.23e-01, 9.81e-01, -1.93e-01, 1.04e-01, 2.55e-02, 4.68e+00]
33600 [8.98e-01, 6.44e-02, 1.13e+00, -8.85e-01, -1.57e+00, -7.37e-01, 9.81e-01, -1.93e-01, 1.05e-01, 2.15e-02, 4.60e+00]
33700 [8.81e-01, 6.50e-02, 1.13e+00, -8.78e-01, -1.56e+00, -7.40e-01, 9.81e-01, -1.93e-01, 1.14e-01, 2.09e-02, 4.54e+00]
33800 [8.81e-01, 6.53e-02, 1.14e+00, -8.80e-01, -1.56e+00, -7.53e-01, 9.81e-01, -1.93e-01, 1.22e-01, 1.53e-02, 4.48e+00]
33900 [8.78e-01, 6.49e-02, 1.14e+00, -8.81e-01, -1.51e+00, -7.22e-01, 9.81e-01, -1.93e-01, 1.33e-01, 2.16e-02, 4.37e+00]
34000 [8.79e-01, 6.48e-02, 1.14e+00, -8.83e-01, -1.51e+00, -7.37e-01, 9.81e-01, -1.93e-01, 1.27e-01, 1.82e-02, 4.29e+00]
34100 [8.60e-01, 6.50e-02, 1.15e+00, -8.74e-01, -1.51e+00, -7.41e-01, 9.81e-01, -1.93e-01, 1.36e-01, 1.67e-02, 4.22e+00]
34200 [8.61e-01, 6.56e-02, 1.15e+00, -8.76e-01, -1.51e+00, -7.56e-01, 9.81e-01, -1.93e-01, 1.44e-01, 1.08e-02, 4.16e+00]
34300 [8.58e-01, 6.54e-02, 1.16e+00, -8.78e-01, -1.49e+00, -7.32e-01, 9.81e-01, -1.93e-01, 1.55e-01, 1.28e-02, 4.07e+00]
34400 [8.59e-01, 6.55e-02, 1.16e+00, -8.80e-01, -1.49e+00, -7.48e-01, 9.81e-01, -1.93e-01, 1.52e-01, 9.32e-03, 3.99e+00]
34500 [8.40e-01, 6.59e-02, 1.16e+00, -8.71e-01, -1.47e+00, -7.49e-01, 9.81e-01, -1.93e-01, 1.58e-01, 8.20e-03, 3.93e+00]
34600 [8.40e-01, 6.69e-02, 1.17e+00, -8.74e-01, -1.47e+00, -7.37e-01, 9.81e-01, -1.93e-01, 1.83e-01, 7.55e-03, 3.87e+00]
34700 [8.40e-01, 6.60e-02, 1.17e+00, -8.76e-01, -1.46e+00, -7.46e-01, 9.81e-01, -1.93e-01, 1.70e-01, 8.42e-03, 3.77e+00]
34800 [8.25e-01, 6.64e-02, 1.18e+00, -8.69e-01, -1.44e+00, -7.50e-01, 9.81e-01, -1.93e-01, 1.77e-01, 6.87e-03, 3.71e+00]
34900 [8.24e-01, 6.73e-02, 1.18e+00, -8.71e-01, -1.43e+00, -7.43e-01, 9.81e-01, -1.93e-01, 1.93e-01, 5.46e-03, 3.65e+00]
35000 [8.24e-01, 6.67e-02, 1.18e+00, -8.74e-01, -1.42e+00, -7.52e-01, 9.81e-01, -1.93e-01, 1.84e-01, 4.77e-03, 3.57e+00]
35100 [8.09e-01, 6.71e-02, 1.19e+00, -8.66e-01, -1.39e+00, -7.53e-01, 9.81e-01, -1.92e-01, 1.92e-01, 4.25e-03, 3.51e+00]
35200 [8.08e-01, 6.77e-02, 1.19e+00, -8.69e-01, -1.38e+00, -7.39e-01, 9.81e-01, -1.92e-01, 2.08e-01, 4.93e-03, 3.44e+00]
35300 [8.08e-01, 6.73e-02, 1.20e+00, -8.72e-01, -1.38e+00, -7.55e-01, 9.81e-01, -1.92e-01, 1.96e-01, 1.96e-03, 3.36e+00]
35400 [7.93e-01, 6.77e-02, 1.20e+00, -8.62e-01, -1.36e+00, -7.60e-01, 9.81e-01, -1.92e-01, 2.05e-01, 9.46e-04, 3.30e+00]
35500 [7.90e-01, 6.77e-02, 1.20e+00, -8.65e-01, -1.35e+00, -7.45e-01, 9.81e-01, -1.92e-01, 2.12e-01, 3.03e-03, 3.23e+00]
35600 [7.91e-01, 6.82e-02, 1.21e+00, -8.68e-01, -1.35e+00, -7.65e-01, 9.81e-01, -1.92e-01, 2.13e-01, -2.15e-03, 3.17e+00]
35700 [7.61e-01, 6.66e-02, 1.21e+00, -8.53e-01, -1.26e+00, -7.52e-01, 9.81e-01, -1.90e-01, 1.99e-01, -8.53e-04, 3.11e+00]
35800 [7.60e-01, 6.89e-02, 1.21e+00, -8.51e-01, -1.26e+00, -7.28e-01, 9.81e-01, -1.90e-01, 2.42e-01, 9.50e-03, 3.06e+00]
35900 [7.60e-01, 6.79e-02, 1.21e+00, -8.54e-01, -1.26e+00, -7.43e-01, 9.81e-01, -1.90e-01, 2.13e-01, 6.35e-03, 2.96e+00]
36000 [7.61e-01, 6.87e-02, 1.22e+00, -8.59e-01, -1.26e+00, -7.63e-01, 9.81e-01, -1.90e-01, 2.25e-01, -2.15e-03, 2.91e+00]
36100 [7.37e-01, 6.82e-02, 1.22e+00, -8.59e-01, -1.18e+00, -7.24e-01, 9.81e-01, -1.89e-01, 2.16e-01, 3.51e-03, 2.83e+00]
36200 [7.38e-01, 6.86e-02, 1.22e+00, -8.64e-01, -1.19e+00, -7.44e-01, 9.81e-01, -1.89e-01, 2.20e-01, -2.16e-03, 2.77e+00]
36300 [7.36e-01, 6.98e-02, 1.22e+00, -8.64e-01, -1.19e+00, -7.58e-01, 9.81e-01, -1.88e-01, 2.41e-01, -2.55e-03, 2.74e+00]
36400 [7.09e-01, 7.06e-02, 1.23e+00, -8.39e-01, -1.19e+00, -7.63e-01, 9.81e-01, -1.88e-01, 2.44e-01, 1.56e-03, 2.67e+00]
36500 [7.09e-01, 7.10e-02, 1.23e+00, -8.46e-01, -1.19e+00, -7.60e-01, 9.81e-01, -1.87e-01, 2.43e-01, -9.65e-04, 2.62e+00]
36600 [7.00e-01, 7.18e-02, 1.23e+00, -8.39e-01, -1.18e+00, -7.30e-01, 9.81e-01, -1.87e-01, 2.61e-01, 7.58e-03, 2.56e+00]
36700 [7.01e-01, 7.14e-02, 1.23e+00, -8.44e-01, -1.18e+00, -7.50e-01, 9.81e-01, -1.86e-01, 2.45e-01, 1.23e-03, 2.50e+00]
36800 [7.02e-01, 7.25e-02, 1.24e+00, -8.50e-01, -1.19e+00, -7.69e-01, 9.81e-01, -1.86e-01, 2.56e-01, -5.85e-03, 2.47e+00]
36900 [6.11e-01, 6.83e-02, 1.22e+00, -7.82e-01, -1.01e+00, -6.25e-01, 9.81e-01, -1.98e-01, 2.52e-01, -2.14e-03, 2.27e+00]
37000 [6.12e-01, 6.71e-02, 1.22e+00, -7.86e-01, -1.01e+00, -6.31e-01, 9.81e-01, -1.98e-01, 2.17e-01, -3.34e-04, 2.15e+00]
37100 [6.12e-01, 6.72e-02, 1.22e+00, -7.89e-01, -1.01e+00, -6.37e-01, 9.81e-01, -1.97e-01, 2.06e-01, 1.77e-04, 2.09e+00]
37200 [6.13e-01, 6.77e-02, 1.22e+00, -7.92e-01, -1.01e+00, -6.43e-01, 9.81e-01, -1.97e-01, 2.05e-01, 5.85e-05, 2.05e+00]
37300 [6.14e-01, 6.84e-02, 1.22e+00, -7.95e-01, -1.01e+00, -6.49e-01, 9.81e-01, -1.97e-01, 2.08e-01, -3.64e-04, 2.03e+00]
37400 [6.14e-01, 6.91e-02, 1.22e+00, -7.97e-01, -1.01e+00, -6.55e-01, 9.81e-01, -1.97e-01, 2.14e-01, -9.18e-04, 2.00e+00]
37500 [6.15e-01, 7.00e-02, 1.22e+00, -8.00e-01, -1.01e+00, -6.61e-01, 9.81e-01, -1.97e-01, 2.20e-01, -1.51e-03, 1.98e+00]
37600 [6.16e-01, 7.09e-02, 1.22e+00, -8.03e-01, -1.01e+00, -6.67e-01, 9.81e-01, -1.97e-01, 2.27e-01, -2.10e-03, 1.97e+00]
37700 [6.16e-01, 7.18e-02, 1.23e+00, -8.06e-01, -1.02e+00, -6.73e-01, 9.81e-01, -1.96e-01, 2.33e-01, -2.65e-03, 1.95e+00]
37800 [6.17e-01, 7.28e-02, 1.23e+00, -8.09e-01, -1.02e+00, -6.80e-01, 9.81e-01, -1.96e-01, 2.39e-01, -3.17e-03, 1.94e+00]
37900 [6.18e-01, 7.38e-02, 1.23e+00, -8.12e-01, -1.02e+00, -6.87e-01, 9.81e-01, -1.96e-01, 2.45e-01, -3.64e-03, 1.93e+00]
38000 [6.19e-01, 7.49e-02, 1.23e+00, -8.15e-01, -1.02e+00, -6.94e-01, 9.81e-01, -1.96e-01, 2.51e-01, -4.08e-03, 1.92e+00]
38100 [6.19e-01, 7.60e-02, 1.23e+00, -8.19e-01, -1.02e+00, -7.01e-01, 9.81e-01, -1.95e-01, 2.56e-01, -4.47e-03, 1.91e+00]
38200 [6.03e-01, 7.71e-02, 1.23e+00, -8.02e-01, -1.02e+00, -7.07e-01, 9.81e-01, -1.94e-01, 2.67e-01, -3.32e-03, 1.90e+00]
38300 [5.70e-01, 7.83e-02, 1.23e+00, -7.69e-01, -1.02e+00, -7.13e-01, 9.81e-01, -1.93e-01, 2.71e-01, -1.90e-03, 1.88e+00]
38400 [5.71e-01, 7.93e-02, 1.24e+00, -7.72e-01, -1.02e+00, -7.20e-01, 9.81e-01, -1.93e-01, 2.71e-01, -2.54e-03, 1.87e+00]
38500 [5.71e-01, 8.04e-02, 1.24e+00, -7.75e-01, -1.02e+00, -7.28e-01, 9.81e-01, -1.92e-01, 2.73e-01, -3.19e-03, 1.87e+00]
38600 [5.72e-01, 8.12e-02, 1.24e+00, -7.79e-01, -1.03e+00, -7.23e-01, 9.81e-01, -1.92e-01, 2.79e-01, -3.07e-03, 1.87e+00]
38700 [5.72e-01, 8.12e-02, 1.24e+00, -7.82e-01, -1.02e+00, -7.03e-01, 9.81e-01, -1.91e-01, 2.74e-01, 4.01e-04, 1.81e+00]
38800 [5.73e-01, 8.22e-02, 1.24e+00, -7.86e-01, -1.03e+00, -7.12e-01, 9.81e-01, -1.90e-01, 2.71e-01, -1.38e-04, 1.79e+00]
38900 [5.74e-01, 8.34e-02, 1.25e+00, -7.90e-01, -1.03e+00, -7.21e-01, 9.81e-01, -1.90e-01, 2.74e-01, -9.67e-04, 1.79e+00]
39000 [5.75e-01, 8.47e-02, 1.25e+00, -7.94e-01, -1.03e+00, -7.30e-01, 9.81e-01, -1.89e-01, 2.78e-01, -1.77e-03, 1.79e+00]
39100 [5.75e-01, 8.60e-02, 1.25e+00, -7.98e-01, -1.04e+00, -7.38e-01, 9.81e-01, -1.88e-01, 2.81e-01, -2.50e-03, 1.80e+00]
39200 [5.46e-01, 8.59e-02, 1.25e+00, -7.31e-01, -9.98e-01, -6.94e-01, 9.81e-01, -1.86e-01, 3.17e-01, 1.05e-02, 1.69e+00]
39300 [5.47e-01, 8.65e-02, 1.25e+00, -7.34e-01, -1.00e+00, -7.04e-01, 9.81e-01, -1.85e-01, 2.87e-01, 9.15e-03, 1.62e+00]
39400 [5.48e-01, 8.78e-02, 1.25e+00, -7.39e-01, -1.01e+00, -7.14e-01, 9.81e-01, -1.84e-01, 2.84e-01, 6.38e-03, 1.62e+00]
39500 [5.49e-01, 8.93e-02, 1.25e+00, -7.43e-01, -1.01e+00, -7.23e-01, 9.81e-01, -1.83e-01, 2.86e-01, 3.74e-03, 1.63e+00]
39600 [5.30e-01, 8.91e-02, 1.24e+00, -7.40e-01, -1.00e+00, -7.16e-01, 9.81e-01, -1.81e-01, 2.86e-01, 1.86e-03, 1.64e+00]
39700 [5.31e-01, 9.11e-02, 1.25e+00, -7.44e-01, -1.01e+00, -7.26e-01, 9.81e-01, -1.80e-01, 2.87e-01, 3.18e-04, 1.66e+00]
39800 [5.32e-01, 9.30e-02, 1.25e+00, -7.49e-01, -1.01e+00, -7.36e-01, 9.81e-01, -1.79e-01, 2.89e-01, -1.04e-03, 1.68e+00]
39900 [5.28e-01, 9.37e-02, 1.25e+00, -7.54e-01, -1.02e+00, -7.13e-01, 9.81e-01, -1.77e-01, 2.98e-01, 2.41e-03, 1.69e+00]
40000 [4.93e-01, 9.32e-02, 1.25e+00, -7.28e-01, -1.02e+00, -7.02e-01, 9.81e-01, -1.73e-01, 2.79e-01, 6.72e-03, 1.63e+00]
40000 [4.93e-01, 9.32e-02, 1.25e+00, -7.28e-01, -1.02e+00, -7.02e-01, 9.81e-01, -1.73e-01, 2.79e-01, 6.72e-03, 1.63e+00]
40100 [4.71e-01, 9.21e-02, 1.25e+00, -7.36e-01, -9.87e-01, -6.86e-01, 9.81e-01, -1.77e-01, 2.74e-01, -1.30e-03, 1.62e+00]
40200 [4.72e-01, 9.32e-02, 1.25e+00, -7.36e-01, -9.87e-01, -6.87e-01, 9.81e-01, -1.77e-01, 2.75e-01, 4.53e-04, 1.62e+00]
40300 [4.72e-01, 9.39e-02, 1.25e+00, -7.37e-01, -9.87e-01, -6.89e-01, 9.81e-01, -1.77e-01, 2.74e-01, 1.63e-03, 1.62e+00]
40400 [4.72e-01, 9.47e-02, 1.25e+00, -7.37e-01, -9.88e-01, -6.90e-01, 9.81e-01, -1.77e-01, 2.72e-01, 2.53e-03, 1.62e+00]
40500 [4.73e-01, 9.56e-02, 1.25e+00, -7.38e-01, -9.88e-01, -6.92e-01, 9.81e-01, -1.77e-01, 2.71e-01, 3.06e-03, 1.62e+00]
40600 [4.74e-01, 9.66e-02, 1.25e+00, -7.39e-01, -9.88e-01, -6.94e-01, 9.81e-01, -1.76e-01, 2.71e-01, 3.20e-03, 1.62e+00]
40700 [4.74e-01, 9.78e-02, 1.25e+00, -7.39e-01, -9.89e-01, -6.96e-01, 9.81e-01, -1.76e-01, 2.70e-01, 3.06e-03, 1.62e+00]
40800 [4.75e-01, 9.90e-02, 1.25e+00, -7.40e-01, -9.89e-01, -6.98e-01, 9.81e-01, -1.76e-01, 2.70e-01, 2.75e-03, 1.62e+00]
40900 [4.67e-01, 1.00e-01, 1.25e+00, -7.37e-01, -9.90e-01, -7.01e-01, 9.81e-01, -1.75e-01, 2.71e-01, 1.36e-02, 1.62e+00]
41000 [4.68e-01, 1.02e-01, 1.25e+00, -7.39e-01, -9.90e-01, -7.03e-01, 9.81e-01, -1.75e-01, 2.72e-01, 7.96e-03, 1.63e+00]
41100 [4.69e-01, 1.03e-01, 1.25e+00, -7.40e-01, -9.91e-01, -7.06e-01, 9.81e-01, -1.75e-01, 2.72e-01, 4.82e-03, 1.63e+00]
41200 [4.70e-01, 1.05e-01, 1.25e+00, -7.41e-01, -9.91e-01, -7.09e-01, 9.81e-01, -1.75e-01, 2.73e-01, 3.11e-03, 1.64e+00]
41300 [4.51e-01, 1.06e-01, 1.25e+00, -7.33e-01, -9.92e-01, -7.12e-01, 9.81e-01, -1.74e-01, 2.75e-01, 1.84e-02, 1.64e+00]
41400 [4.52e-01, 1.08e-01, 1.25e+00, -7.34e-01, -9.92e-01, -7.15e-01, 9.81e-01, -1.73e-01, 2.75e-01, 9.80e-03, 1.65e+00]
41500 [4.53e-01, 1.10e-01, 1.25e+00, -7.35e-01, -9.93e-01, -7.19e-01, 9.81e-01, -1.73e-01, 2.75e-01, 5.58e-03, 1.65e+00]
41600 [4.54e-01, 1.11e-01, 1.25e+00, -7.36e-01, -9.94e-01, -7.22e-01, 9.81e-01, -1.72e-01, 2.75e-01, 3.48e-03, 1.66e+00]
41700 [4.26e-01, 1.11e-01, 1.25e+00, -7.22e-01, -9.94e-01, -7.22e-01, 9.81e-01, -1.71e-01, 2.81e-01, -1.14e-02, 1.67e+00]
41800 [4.27e-01, 1.13e-01, 1.25e+00, -7.22e-01, -9.95e-01, -7.26e-01, 9.81e-01, -1.70e-01, 2.77e-01, -1.78e-03, 1.67e+00]
41900 [4.28e-01, 1.15e-01, 1.25e+00, -7.23e-01, -9.96e-01, -7.30e-01, 9.81e-01, -1.70e-01, 2.76e-01, 1.74e-03, 1.68e+00]
42000 [4.26e-01, 1.16e-01, 1.25e+00, -7.21e-01, -9.96e-01, -7.18e-01, 9.81e-01, -1.69e-01, 2.82e-01, 1.78e-02, 1.67e+00]
42100 [4.28e-01, 1.18e-01, 1.25e+00, -7.21e-01, -9.97e-01, -7.23e-01, 9.81e-01, -1.68e-01, 2.77e-01, 1.09e-02, 1.68e+00]
42200 [4.29e-01, 1.20e-01, 1.25e+00, -7.22e-01, -9.99e-01, -7.28e-01, 9.81e-01, -1.68e-01, 2.75e-01, 6.86e-03, 1.69e+00]
42300 [4.24e-01, 1.20e-01, 1.25e+00, -7.20e-01, -9.98e-01, -7.12e-01, 9.81e-01, -1.67e-01, 2.92e-01, 3.38e-02, 1.70e+00]
42400 [4.17e-01, 1.22e-01, 1.25e+00, -7.11e-01, -9.97e-01, -7.13e-01, 9.81e-01, -1.65e-01, 2.81e-01, 2.84e-02, 1.67e+00]
42500 [4.19e-01, 1.25e-01, 1.25e+00, -7.12e-01, -9.99e-01, -7.19e-01, 9.81e-01, -1.64e-01, 2.74e-01, 1.58e-02, 1.68e+00]
42600 [4.10e-01, 1.26e-01, 1.24e+00, -7.12e-01, -1.00e+00, -7.24e-01, 9.81e-01, -1.63e-01, 2.73e-01, 4.90e-03, 1.69e+00]
42700 [4.12e-01, 1.29e-01, 1.24e+00, -7.13e-01, -1.00e+00, -7.30e-01, 9.81e-01, -1.62e-01, 2.72e-01, 4.71e-03, 1.71e+00]
42800 [3.98e-01, 1.28e-01, 1.24e+00, -7.11e-01, -1.00e+00, -7.21e-01, 9.81e-01, -1.61e-01, 2.75e-01, 7.48e-03, 1.71e+00]
42900 [4.00e-01, 1.31e-01, 1.24e+00, -7.11e-01, -1.00e+00, -7.27e-01, 9.81e-01, -1.60e-01, 2.70e-01, 7.22e-03, 1.72e+00]
43000 [3.87e-01, 1.30e-01, 1.24e+00, -7.15e-01, -1.00e+00, -7.17e-01, 9.81e-01, -1.59e-01, 2.81e-01, 1.36e-02, 1.74e+00]
43100 [3.84e-01, 1.33e-01, 1.24e+00, -7.13e-01, -1.00e+00, -7.21e-01, 9.81e-01, -1.58e-01, 2.70e-01, 1.15e-02, 1.73e+00]
43200 [3.85e-01, 1.36e-01, 1.24e+00, -7.13e-01, -1.01e+00, -7.28e-01, 9.81e-01, -1.57e-01, 2.67e-01, 9.31e-03, 1.75e+00]
43300 [3.64e-01, 1.34e-01, 1.24e+00, -6.72e-01, -9.56e-01, -7.12e-01, 9.81e-01, -1.54e-01, 2.74e-01, 2.16e-02, 1.77e+00]
43400 [3.40e-01, 1.34e-01, 1.23e+00, -6.49e-01, -9.33e-01, -7.15e-01, 9.81e-01, -1.51e-01, 2.59e-01, 1.39e-02, 1.77e+00]
43500 [3.42e-01, 1.38e-01, 1.23e+00, -6.49e-01, -9.35e-01, -7.23e-01, 9.81e-01, -1.49e-01, 2.57e-01, 1.03e-02, 1.79e+00]
43600 [3.44e-01, 1.41e-01, 1.23e+00, -6.48e-01, -9.38e-01, -7.31e-01, 9.81e-01, -1.47e-01, 2.57e-01, 7.75e-03, 1.82e+00]
43700 [3.21e-01, 1.38e-01, 1.23e+00, -6.40e-01, -9.32e-01, -7.08e-01, 9.81e-01, -1.45e-01, 2.57e-01, 1.73e-02, 1.80e+00]
43800 [3.22e-01, 1.41e-01, 1.23e+00, -6.39e-01, -9.34e-01, -7.18e-01, 9.81e-01, -1.43e-01, 2.52e-01, 1.33e-02, 1.81e+00]
43900 [3.24e-01, 1.44e-01, 1.23e+00, -6.39e-01, -9.38e-01, -7.27e-01, 9.81e-01, -1.41e-01, 2.52e-01, 1.04e-02, 1.84e+00]
44000 [3.25e-01, 1.47e-01, 1.23e+00, -6.38e-01, -9.41e-01, -7.18e-01, 9.81e-01, -1.39e-01, 2.63e-01, 1.41e-02, 1.87e+00]
44100 [3.15e-01, 1.44e-01, 1.22e+00, -6.37e-01, -9.37e-01, -7.06e-01, 9.81e-01, -1.38e-01, 2.50e-01, 2.33e-02, 1.84e+00]
44200 [3.17e-01, 1.48e-01, 1.22e+00, -6.37e-01, -9.40e-01, -7.16e-01, 9.81e-01, -1.36e-01, 2.48e-01, 1.53e-02, 1.86e+00]
44300 [3.18e-01, 1.51e-01, 1.22e+00, -6.36e-01, -9.44e-01, -7.26e-01, 9.81e-01, -1.34e-01, 2.49e-01, 1.12e-02, 1.89e+00]
44400 [3.03e-01, 1.46e-01, 1.22e+00, -6.32e-01, -9.41e-01, -7.01e-01, 9.81e-01, -1.32e-01, 2.68e-01, 1.63e-02, 1.91e+00]
44500 [2.87e-01, 1.48e-01, 1.22e+00, -6.22e-01, -9.40e-01, -7.09e-01, 9.81e-01, -1.28e-01, 2.46e-01, 2.11e-02, 1.87e+00]
44600 [2.89e-01, 1.52e-01, 1.22e+00, -6.20e-01, -9.44e-01, -7.19e-01, 9.81e-01, -1.26e-01, 2.46e-01, 1.65e-02, 1.90e+00]
44700 [2.91e-01, 1.56e-01, 1.22e+00, -6.16e-01, -9.49e-01, -7.30e-01, 9.81e-01, -1.23e-01, 2.47e-01, 1.32e-02, 1.93e+00]
44800 [2.90e-01, 1.53e-01, 1.22e+00, -5.86e-01, -9.01e-01, -6.98e-01, 9.81e-01, -1.16e-01, 2.54e-01, 2.63e-02, 1.92e+00]
44900 [2.90e-01, 1.57e-01, 1.21e+00, -5.81e-01, -9.00e-01, -7.09e-01, 9.81e-01, -1.13e-01, 2.40e-01, 1.61e-02, 1.92e+00]
45000 [2.91e-01, 1.60e-01, 1.21e+00, -5.80e-01, -9.05e-01, -7.20e-01, 9.81e-01, -1.10e-01, 2.42e-01, 1.05e-02, 1.96e+00]
45100 [2.93e-01, 1.63e-01, 1.21e+00, -5.75e-01, -9.10e-01, -7.31e-01, 9.81e-01, -1.07e-01, 2.42e-01, 7.32e-03, 2.00e+00]
45200 [2.57e-01, 1.58e-01, 1.21e+00, -5.56e-01, -8.97e-01, -7.01e-01, 9.81e-01, -1.02e-01, 2.37e-01, 1.67e-02, 1.96e+00]
45300 [2.59e-01, 1.63e-01, 1.21e+00, -5.53e-01, -9.02e-01, -7.13e-01, 9.81e-01, -9.84e-02, 2.36e-01, 1.39e-02, 1.98e+00]
45400 [2.60e-01, 1.66e-01, 1.21e+00, -5.47e-01, -9.08e-01, -7.25e-01, 9.81e-01, -9.46e-02, 2.38e-01, 1.10e-02, 2.01e+00]
45500 [2.62e-01, 1.69e-01, 1.21e+00, -5.39e-01, -9.13e-01, -7.12e-01, 9.81e-01, -9.06e-02, 2.54e-01, 1.64e-02, 2.05e+00]
45600 [2.52e-01, 1.66e-01, 1.21e+00, -5.11e-01, -8.69e-01, -7.04e-01, 9.81e-01, -8.23e-02, 2.34e-01, 1.81e-02, 2.00e+00]
45700 [2.53e-01, 1.70e-01, 1.20e+00, -5.08e-01, -8.75e-01, -7.17e-01, 9.81e-01, -7.81e-02, 2.35e-01, 1.07e-02, 2.03e+00]
45800 [2.54e-01, 1.73e-01, 1.20e+00, -5.01e-01, -8.83e-01, -7.28e-01, 9.81e-01, -7.37e-02, 2.35e-01, 6.61e-03, 2.07e+00]
45900 [2.19e-01, 1.62e-01, 1.20e+00, -5.07e-01, -8.36e-01, -6.94e-01, 9.81e-01, -7.72e-02, 2.23e-01, 1.20e-02, 2.06e+00]
46000 [2.16e-01, 1.66e-01, 1.20e+00, -4.99e-01, -8.38e-01, -7.07e-01, 9.81e-01, -7.12e-02, 2.22e-01, 1.32e-02, 2.07e+00]
46100 [2.18e-01, 1.71e-01, 1.20e+00, -4.90e-01, -8.45e-01, -7.20e-01, 9.81e-01, -6.51e-02, 2.27e-01, 1.17e-02, 2.10e+00]
46200 [2.19e-01, 1.74e-01, 1.20e+00, -4.77e-01, -8.54e-01, -7.31e-01, 9.81e-01, -5.86e-02, 2.28e-01, 9.27e-03, 2.13e+00]
46300 [2.21e-01, 1.75e-01, 1.20e+00, -4.62e-01, -8.54e-01, -7.02e-01, 9.81e-01, -5.08e-02, 2.27e-01, 2.07e-02, 2.10e+00]
46400 [2.22e-01, 1.79e-01, 1.20e+00, -4.56e-01, -8.62e-01, -7.16e-01, 9.81e-01, -4.50e-02, 2.28e-01, 1.25e-02, 2.12e+00]
46500 [2.23e-01, 1.82e-01, 1.20e+00, -4.46e-01, -8.71e-01, -7.28e-01, 9.81e-01, -3.87e-02, 2.29e-01, 7.26e-03, 2.15e+00]
46600 [2.07e-01, 1.73e-01, 1.19e+00, -4.30e-01, -8.34e-01, -6.95e-01, 9.81e-01, -3.13e-02, 2.47e-01, 2.19e-02, 2.14e+00]
46700 [2.04e-01, 1.76e-01, 1.19e+00, -4.14e-01, -8.21e-01, -7.08e-01, 9.81e-01, -2.07e-02, 2.25e-01, 1.33e-02, 2.12e+00]
46800 [2.05e-01, 1.80e-01, 1.19e+00, -4.06e-01, -8.30e-01, -7.22e-01, 9.81e-01, -1.27e-02, 2.28e-01, 6.74e-03, 2.15e+00]
46900 [2.06e-01, 1.84e-01, 1.19e+00, -3.92e-01, -8.43e-01, -7.33e-01, 9.81e-01, -3.98e-03, 2.28e-01, 2.35e-03, 2.20e+00]
47000 [2.08e-01, 1.84e-01, 1.19e+00, -3.78e-01, -8.38e-01, -7.02e-01, 9.81e-01, 6.57e-03, 2.24e-01, 1.43e-02, 2.15e+00]
47100 [2.08e-01, 1.88e-01, 1.19e+00, -3.74e-01, -8.48e-01, -7.16e-01, 9.81e-01, 1.39e-02, 2.27e-01, 4.34e-03, 2.18e+00]
47200 [2.08e-01, 1.91e-01, 1.19e+00, -3.64e-01, -8.60e-01, -7.28e-01, 9.81e-01, 2.23e-02, 2.28e-01, -7.80e-04, 2.21e+00]
47300 [1.92e-01, 1.80e-01, 1.19e+00, -3.27e-01, -7.64e-01, -6.95e-01, 9.81e-01, 4.03e-02, 2.29e-01, -1.93e-02, 2.20e+00]
47400 [1.93e-01, 1.84e-01, 1.19e+00, -3.17e-01, -7.64e-01, -7.09e-01, 9.81e-01, 5.31e-02, 2.20e-01, -9.68e-03, 2.20e+00]
47500 [1.93e-01, 1.88e-01, 1.19e+00, -3.06e-01, -7.76e-01, -7.23e-01, 9.81e-01, 6.49e-02, 2.23e-01, -8.73e-03, 2.23e+00]
47600 [1.94e-01, 1.91e-01, 1.18e+00, -2.89e-01, -7.90e-01, -7.06e-01, 9.81e-01, 7.79e-02, 2.42e-01, 3.80e-03, 2.27e+00]
47700 [1.94e-01, 1.93e-01, 1.18e+00, -2.84e-01, -7.95e-01, -7.02e-01, 9.81e-01, 9.06e-02, 2.19e-01, 2.22e-03, 2.23e+00]
47800 [1.93e-01, 1.96e-01, 1.18e+00, -2.81e-01, -8.06e-01, -7.16e-01, 9.81e-01, 1.01e-01, 2.23e-01, -6.72e-03, 2.25e+00]
47900 [1.93e-01, 1.99e-01, 1.18e+00, -2.69e-01, -8.20e-01, -7.28e-01, 9.81e-01, 1.14e-01, 2.24e-01, -1.13e-02, 2.29e+00]
48000 [1.66e-01, 1.88e-01, 1.18e+00, -2.69e-01, -7.17e-01, -6.86e-01, 9.81e-01, 1.18e-01, 2.31e-01, -1.14e-02, 2.27e+00]
48100 [1.64e-01, 1.91e-01, 1.18e+00, -2.62e-01, -7.07e-01, -7.01e-01, 9.81e-01, 1.31e-01, 2.13e-01, -7.98e-03, 2.25e+00]
48200 [1.65e-01, 1.95e-01, 1.18e+00, -2.54e-01, -7.16e-01, -7.15e-01, 9.81e-01, 1.42e-01, 2.16e-01, -9.68e-03, 2.28e+00]
48300 [1.65e-01, 1.99e-01, 1.18e+00, -2.40e-01, -7.27e-01, -7.27e-01, 9.81e-01, 1.56e-01, 2.17e-01, -1.25e-02, 2.32e+00]
48400 [1.67e-01, 2.00e-01, 1.18e+00, -2.23e-01, -7.36e-01, -7.00e-01, 9.81e-01, 1.70e-01, 2.17e-01, 2.37e-03, 2.31e+00]
48500 [1.67e-01, 2.03e-01, 1.18e+00, -2.19e-01, -7.44e-01, -7.15e-01, 9.81e-01, 1.81e-01, 2.16e-01, -9.82e-03, 2.33e+00]
48600 [1.67e-01, 2.06e-01, 1.17e+00, -2.07e-01, -7.56e-01, -7.27e-01, 9.81e-01, 1.94e-01, 2.17e-01, -1.60e-02, 2.37e+00]
48700 [1.94e-01, 2.00e-01, 1.17e+00, -1.87e-01, -7.45e-01, -6.90e-01, 9.81e-01, 2.10e-01, 2.15e-01, -1.71e-02, 2.38e+00]
48800 [1.69e-01, 1.96e-01, 1.17e+00, -1.73e-01, -6.94e-01, -7.00e-01, 9.81e-01, 2.24e-01, 2.07e-01, -2.86e-02, 2.36e+00]
48900 [1.68e-01, 2.00e-01, 1.17e+00, -1.69e-01, -7.03e-01, -7.15e-01, 9.81e-01, 2.33e-01, 2.12e-01, -2.59e-02, 2.38e+00]
49000 [1.68e-01, 2.04e-01, 1.17e+00, -1.59e-01, -7.15e-01, -7.27e-01, 9.81e-01, 2.43e-01, 2.13e-01, -2.69e-02, 2.42e+00]
49100 [1.68e-01, 2.06e-01, 1.17e+00, -1.46e-01, -7.25e-01, -6.97e-01, 9.81e-01, 2.54e-01, 2.13e-01, -8.36e-03, 2.40e+00]
49200 [1.67e-01, 2.09e-01, 1.17e+00, -1.46e-01, -7.34e-01, -7.13e-01, 9.81e-01, 2.62e-01, 2.13e-01, -2.15e-02, 2.41e+00]
49300 [1.66e-01, 2.12e-01, 1.17e+00, -1.38e-01, -7.46e-01, -7.26e-01, 9.81e-01, 2.73e-01, 2.14e-01, -2.74e-02, 2.44e+00]
49400 [1.64e-01, 2.14e-01, 1.17e+00, -1.27e-01, -7.61e-01, -7.06e-01, 9.81e-01, 2.84e-01, 2.34e-01, -1.98e-02, 2.47e+00]
49500 [1.84e-01, 2.05e-01, 1.17e+00, -1.21e-01, -6.88e-01, -6.99e-01, 9.81e-01, 3.00e-01, 2.04e-01, -2.14e-02, 2.43e+00]
49600 [1.83e-01, 2.09e-01, 1.17e+00, -1.21e-01, -6.98e-01, -7.14e-01, 9.81e-01, 3.10e-01, 2.09e-01, -3.01e-02, 2.45e+00]
49700 [1.81e-01, 2.12e-01, 1.17e+00, -1.12e-01, -7.12e-01, -7.27e-01, 9.81e-01, 3.22e-01, 2.10e-01, -3.45e-02, 2.48e+00]
49800 [1.74e-01, 2.14e-01, 1.17e+00, -1.00e-01, -7.25e-01, -6.93e-01, 9.81e-01, 3.35e-01, 2.22e-01, -1.58e-02, 2.49e+00]
49900 [1.72e-01, 2.16e-01, 1.17e+00, -1.03e-01, -7.34e-01, -7.08e-01, 9.81e-01, 3.46e-01, 2.08e-01, -2.72e-02, 2.47e+00]
50000 [1.70e-01, 2.19e-01, 1.17e+00, -9.74e-02, -7.47e-01, -7.22e-01, 9.81e-01, 3.58e-01, 2.11e-01, -3.37e-02, 2.49e+00]
50000 [1.70e-01, 2.19e-01, 1.17e+00, -9.74e-02, -7.47e-01, -7.22e-01, 9.81e-01, 3.58e-01, 2.11e-01, -3.37e-02, 2.49e+00]
50100 [1.52e-01, 2.20e-01, 1.16e+00, -8.31e-02, -7.23e-01, -7.07e-01, 9.81e-01, 3.63e-01, 2.13e-01, -3.30e-02, 2.48e+00]
50200 [1.51e-01, 2.23e-01, 1.16e+00, -8.22e-02, -7.25e-01, -7.11e-01, 9.81e-01, 3.64e-01, 2.10e-01, -3.41e-02, 2.48e+00]
50300 [1.51e-01, 2.26e-01, 1.16e+00, -8.06e-02, -7.26e-01, -7.14e-01, 9.81e-01, 3.66e-01, 2.09e-01, -3.55e-02, 2.49e+00]
50400 [1.56e-01, 2.25e-01, 1.16e+00, -7.75e-02, -7.28e-01, -7.18e-01, 9.81e-01, 3.68e-01, 2.09e-01, -3.77e-02, 2.50e+00]
50500 [1.57e-01, 2.26e-01, 1.16e+00, -7.38e-02, -7.31e-01, -7.23e-01, 9.81e-01, 3.71e-01, 2.09e-01, -3.93e-02, 2.51e+00]
50600 [1.56e-01, 2.29e-01, 1.16e+00, -6.86e-02, -7.35e-01, -7.27e-01, 9.81e-01, 3.74e-01, 2.08e-01, -4.07e-02, 2.54e+00]
50700 [1.55e-01, 2.32e-01, 1.16e+00, -6.12e-02, -7.39e-01, -7.31e-01, 9.81e-01, 3.77e-01, 2.07e-01, -4.24e-02, 2.56e+00]
50800 [1.59e-01, 2.31e-01, 1.16e+00, -5.19e-02, -7.45e-01, -7.34e-01, 9.81e-01, 3.82e-01, 2.06e-01, -4.42e-02, 2.59e+00]
50900 [1.57e-01, 2.32e-01, 1.16e+00, -4.39e-02, -7.50e-01, -7.29e-01, 9.81e-01, 3.86e-01, 2.08e-01, -3.69e-02, 2.62e+00]
51000 [1.59e-01, 2.33e-01, 1.16e+00, -3.43e-02, -7.56e-01, -7.33e-01, 9.81e-01, 3.91e-01, 2.03e-01, -4.59e-02, 2.64e+00]
51100 [1.56e-01, 2.35e-01, 1.16e+00, -2.72e-02, -7.62e-01, -7.30e-01, 9.81e-01, 3.95e-01, 2.04e-01, -4.40e-02, 2.65e+00]
51200 [1.54e-01, 2.36e-01, 1.16e+00, -2.08e-02, -7.67e-01, -7.23e-01, 9.81e-01, 4.00e-01, 2.08e-01, -3.62e-02, 2.66e+00]
51300 [1.57e-01, 2.37e-01, 1.16e+00, -1.21e-02, -7.73e-01, -7.29e-01, 9.81e-01, 4.06e-01, 2.03e-01, -4.83e-02, 2.67e+00]
51400 [1.54e-01, 2.39e-01, 1.16e+00, -8.71e-03, -7.78e-01, -7.23e-01, 9.81e-01, 4.11e-01, 2.04e-01, -4.45e-02, 2.66e+00]
51500 [1.51e-01, 2.40e-01, 1.16e+00, -2.00e-03, -7.83e-01, -7.23e-01, 9.81e-01, 4.17e-01, 2.07e-01, -4.27e-02, 2.66e+00]
51600 [1.51e-01, 2.41e-01, 1.16e+00, 2.06e-03, -7.88e-01, -7.12e-01, 9.81e-01, 4.23e-01, 2.10e-01, -3.31e-02, 2.66e+00]
51700 [1.53e-01, 2.43e-01, 1.15e+00, 7.31e-03, -7.91e-01, -7.22e-01, 9.81e-01, 4.29e-01, 2.05e-01, -4.77e-02, 2.65e+00]
51800 [1.51e-01, 2.44e-01, 1.15e+00, 1.55e-02, -7.95e-01, -7.24e-01, 9.81e-01, 4.36e-01, 2.06e-01, -4.99e-02, 2.65e+00]
51900 [1.53e-01, 2.45e-01, 1.15e+00, 2.41e-02, -7.98e-01, -7.21e-01, 9.81e-01, 4.44e-01, 2.06e-01, -4.88e-02, 2.66e+00]
52000 [1.48e-01, 2.46e-01, 1.15e+00, 3.09e-02, -8.01e-01, -7.23e-01, 9.81e-01, 4.51e-01, 2.07e-01, -5.05e-02, 2.65e+00]
52100 [1.49e-01, 2.47e-01, 1.15e+00, 3.70e-02, -8.04e-01, -7.13e-01, 9.81e-01, 4.59e-01, 2.12e-01, -4.38e-02, 2.65e+00]
52200 [1.47e-01, 2.49e-01, 1.15e+00, 4.32e-02, -8.05e-01, -7.23e-01, 9.81e-01, 4.67e-01, 2.08e-01, -5.46e-02, 2.65e+00]
52300 [1.46e-01, 2.50e-01, 1.15e+00, 5.05e-02, -8.05e-01, -7.19e-01, 9.81e-01, 4.75e-01, 2.12e-01, -4.69e-02, 2.65e+00]
52400 [1.49e-01, 2.51e-01, 1.15e+00, 5.12e-02, -8.01e-01, -7.17e-01, 9.81e-01, 4.83e-01, 2.06e-01, -5.15e-02, 2.65e+00]
52500 [1.41e-01, 2.53e-01, 1.15e+00, 5.67e-02, -8.08e-01, -7.22e-01, 9.81e-01, 4.90e-01, 2.09e-01, -5.69e-02, 2.64e+00]
52600 [1.45e-01, 2.53e-01, 1.15e+00, 5.59e-02, -7.93e-01, -7.21e-01, 9.81e-01, 4.97e-01, 2.07e-01, -5.32e-02, 2.64e+00]
52700 [1.45e-01, 2.55e-01, 1.15e+00, 5.29e-02, -7.99e-01, -7.06e-01, 9.81e-01, 5.06e-01, 2.06e-01, -4.78e-02, 2.62e+00]
52800 [1.41e-01, 2.56e-01, 1.15e+00, 5.78e-02, -8.05e-01, -7.20e-01, 9.81e-01, 5.15e-01, 2.11e-01, -5.74e-02, 2.63e+00]
52900 [1.37e-01, 2.58e-01, 1.15e+00, 4.95e-02, -8.00e-01, -7.02e-01, 9.81e-01, 5.20e-01, 2.15e-01, -4.51e-02, 2.61e+00]
53000 [1.42e-01, 2.59e-01, 1.14e+00, 5.37e-02, -8.06e-01, -7.20e-01, 9.81e-01, 5.30e-01, 2.09e-01, -5.67e-02, 2.60e+00]
53100 [1.41e-01, 2.60e-01, 1.14e+00, 6.85e-02, -8.12e-01, -7.21e-01, 9.81e-01, 5.44e-01, 2.09e-01, -6.01e-02, 2.63e+00]
53200 [1.35e-01, 2.61e-01, 1.14e+00, 8.45e-02, -8.21e-01, -7.25e-01, 9.81e-01, 5.56e-01, 2.09e-01, -6.37e-02, 2.65e+00]
53300 [1.38e-01, 2.61e-01, 1.14e+00, 7.90e-02, -7.83e-01, -7.03e-01, 9.81e-01, 5.70e-01, 2.05e-01, -4.50e-02, 2.63e+00]
53400 [1.32e-01, 2.64e-01, 1.14e+00, 8.22e-02, -7.95e-01, -7.21e-01, 9.81e-01, 5.81e-01, 2.07e-01, -6.16e-02, 2.64e+00]
53500 [1.36e-01, 2.64e-01, 1.14e+00, 8.47e-02, -8.03e-01, -7.20e-01, 9.81e-01, 5.93e-01, 2.07e-01, -6.09e-02, 2.64e+00]
53600 [1.43e-01, 2.65e-01, 1.14e+00, 9.83e-02, -8.06e-01, -7.01e-01, 9.81e-01, 6.11e-01, 2.00e-01, -5.52e-02, 2.66e+00]
53700 [1.37e-01, 2.66e-01, 1.14e+00, 9.86e-02, -8.00e-01, -7.15e-01, 9.81e-01, 6.22e-01, 2.12e-01, -6.38e-02, 2.65e+00]
53800 [1.26e-01, 2.68e-01, 1.14e+00, 1.09e-01, -8.08e-01, -7.14e-01, 9.81e-01, 6.34e-01, 2.23e-01, -6.63e-02, 2.67e+00]
53900 [1.29e-01, 2.69e-01, 1.14e+00, 1.21e-01, -8.19e-01, -7.26e-01, 9.81e-01, 6.49e-01, 2.08e-01, -7.21e-02, 2.67e+00]
54000 [1.28e-01, 2.70e-01, 1.14e+00, 1.32e-01, -8.25e-01, -7.22e-01, 9.81e-01, 6.64e-01, 2.11e-01, -7.42e-02, 2.69e+00]
54100 [1.27e-01, 2.71e-01, 1.14e+00, 1.39e-01, -8.26e-01, -7.21e-01, 9.81e-01, 6.83e-01, 2.09e-01, -7.23e-02, 2.68e+00]
54200 [1.27e-01, 2.72e-01, 1.14e+00, 1.47e-01, -8.22e-01, -7.23e-01, 9.81e-01, 6.96e-01, 2.07e-01, -7.54e-02, 2.69e+00]
54300 [1.29e-01, 2.73e-01, 1.14e+00, 1.56e-01, -8.30e-01, -7.23e-01, 9.81e-01, 7.12e-01, 2.07e-01, -7.67e-02, 2.70e+00]
54400 [1.26e-01, 2.74e-01, 1.14e+00, 1.60e-01, -8.22e-01, -7.16e-01, 9.81e-01, 7.26e-01, 2.17e-01, -7.01e-02, 2.71e+00]
54500 [1.28e-01, 2.75e-01, 1.13e+00, 1.33e-01, -7.45e-01, -7.14e-01, 9.81e-01, 7.26e-01, 2.01e-01, -6.00e-02, 2.69e+00]
54600 [1.30e-01, 2.76e-01, 1.13e+00, 1.37e-01, -7.64e-01, -7.03e-01, 9.81e-01, 7.44e-01, 2.07e-01, -7.00e-02, 2.70e+00]
54700 [1.22e-01, 2.78e-01, 1.13e+00, 1.45e-01, -7.80e-01, -7.21e-01, 9.81e-01, 7.60e-01, 2.02e-01, -7.68e-02, 2.71e+00]
54800 [1.19e-01, 2.79e-01, 1.13e+00, 1.53e-01, -7.93e-01, -7.17e-01, 9.81e-01, 7.78e-01, 2.03e-01, -7.67e-02, 2.71e+00]
54900 [1.24e-01, 2.79e-01, 1.13e+00, 1.63e-01, -8.07e-01, -7.01e-01, 9.81e-01, 8.01e-01, 2.10e-01, -7.75e-02, 2.73e+00]
55000 [1.20e-01, 2.81e-01, 1.13e+00, 1.66e-01, -8.11e-01, -7.18e-01, 9.81e-01, 8.18e-01, 2.06e-01, -8.08e-02, 2.71e+00]
55100 [1.14e-01, 2.82e-01, 1.13e+00, 1.81e-01, -8.21e-01, -7.16e-01, 9.81e-01, 8.39e-01, 2.10e-01, -8.21e-02, 2.73e+00]
55200 [1.18e-01, 2.83e-01, 1.13e+00, 2.03e-01, -8.32e-01, -7.20e-01, 9.81e-01, 8.68e-01, 2.05e-01, -8.71e-02, 2.75e+00]
55300 [1.13e-01, 2.84e-01, 1.13e+00, 2.18e-01, -8.39e-01, -7.25e-01, 9.81e-01, 8.89e-01, 2.05e-01, -9.25e-02, 2.76e+00]
55400 [1.13e-01, 2.85e-01, 1.13e+00, 2.08e-01, -8.29e-01, -7.19e-01, 9.81e-01, 8.99e-01, 2.04e-01, -8.91e-02, 2.73e+00]
55500 [1.12e-01, 2.86e-01, 1.13e+00, 2.22e-01, -8.41e-01, -7.22e-01, 9.81e-01, 9.23e-01, 2.06e-01, -9.07e-02, 2.75e+00]
55600 [1.08e-01, 2.87e-01, 1.13e+00, 2.17e-01, -8.21e-01, -7.20e-01, 9.81e-01, 9.32e-01, 2.05e-01, -9.03e-02, 2.75e+00]
55700 [1.13e-01, 2.88e-01, 1.13e+00, 2.23e-01, -8.31e-01, -7.05e-01, 9.81e-01, 9.59e-01, 2.17e-01, -8.71e-02, 2.76e+00]
55800 [1.10e-01, 2.89e-01, 1.13e+00, 2.20e-01, -8.40e-01, -7.19e-01, 9.81e-01, 9.78e-01, 2.07e-01, -8.97e-02, 2.74e+00]
55900 [1.08e-01, 2.90e-01, 1.13e+00, 2.31e-01, -8.38e-01, -7.23e-01, 9.81e-01, 9.95e-01, 2.05e-01, -9.54e-02, 2.76e+00]
56000 [1.04e-01, 2.91e-01, 1.13e+00, 2.36e-01, -8.42e-01, -7.15e-01, 9.81e-01, 1.02e+00, 2.14e-01, -9.64e-02, 2.77e+00]
56100 [1.08e-01, 2.92e-01, 1.12e+00, 2.37e-01, -8.44e-01, -7.22e-01, 9.81e-01, 1.03e+00, 2.08e-01, -9.43e-02, 2.77e+00]
56200 [1.09e-01, 2.94e-01, 1.12e+00, 2.26e-01, -8.28e-01, -7.17e-01, 9.81e-01, 1.04e+00, 2.02e-01, -8.75e-02, 2.76e+00]
56300 [1.08e-01, 2.94e-01, 1.12e+00, 2.35e-01, -8.41e-01, -7.18e-01, 9.81e-01, 1.07e+00, 2.02e-01, -9.50e-02, 2.77e+00]
56400 [1.04e-01, 2.96e-01, 1.12e+00, 2.37e-01, -8.25e-01, -7.19e-01, 9.81e-01, 1.08e+00, 2.01e-01, -9.67e-02, 2.77e+00]
56500 [1.12e-01, 2.95e-01, 1.12e+00, 2.33e-01, -7.98e-01, -6.96e-01, 9.81e-01, 1.11e+00, 2.00e-01, -5.65e-02, 2.76e+00]
56600 [1.04e-01, 2.97e-01, 1.12e+00, 2.24e-01, -8.18e-01, -7.19e-01, 9.81e-01, 1.12e+00, 2.02e-01, -8.41e-02, 2.76e+00]
56700 [1.02e-01, 2.99e-01, 1.12e+00, 2.30e-01, -8.44e-01, -7.21e-01, 9.81e-01, 1.15e+00, 2.02e-01, -9.63e-02, 2.77e+00]
56800 [1.01e-01, 3.00e-01, 1.12e+00, 2.46e-01, -8.42e-01, -7.24e-01, 9.81e-01, 1.17e+00, 2.01e-01, -1.02e-01, 2.79e+00]
56900 [1.09e-01, 3.00e-01, 1.12e+00, 2.56e-01, -8.32e-01, -7.23e-01, 9.81e-01, 1.19e+00, 1.99e-01, -1.03e-01, 2.80e+00]
57000 [9.73e-02, 3.01e-01, 1.12e+00, 2.44e-01, -8.24e-01, -7.15e-01, 9.81e-01, 1.19e+00, 1.99e-01, -1.01e-01, 2.78e+00]
57100 [9.85e-02, 3.02e-01, 1.12e+00, 2.60e-01, -8.51e-01, -7.14e-01, 9.81e-01, 1.22e+00, 2.07e-01, -1.05e-01, 2.80e+00]
57200 [1.03e-01, 3.03e-01, 1.12e+00, 2.76e-01, -8.30e-01, -7.19e-01, 9.81e-01, 1.25e+00, 2.04e-01, -1.06e-01, 2.82e+00]
57300 [9.70e-02, 3.04e-01, 1.12e+00, 2.76e-01, -8.51e-01, -7.12e-01, 9.81e-01, 1.27e+00, 2.04e-01, -1.05e-01, 2.81e+00]
57400 [9.87e-02, 3.05e-01, 1.12e+00, 2.88e-01, -8.53e-01, -7.10e-01, 9.81e-01, 1.30e+00, 2.11e-01, -1.09e-01, 2.83e+00]
57500 [9.69e-02, 3.06e-01, 1.12e+00, 2.87e-01, -8.66e-01, -7.18e-01, 9.81e-01, 1.32e+00, 2.02e-01, -1.06e-01, 2.81e+00]
57600 [9.74e-02, 3.07e-01, 1.12e+00, 2.74e-01, -8.27e-01, -7.10e-01, 9.81e-01, 1.32e+00, 2.08e-01, -1.07e-01, 2.82e+00]
57700 [9.39e-02, 3.08e-01, 1.12e+00, 2.86e-01, -8.52e-01, -7.23e-01, 9.81e-01, 1.34e+00, 2.02e-01, -1.13e-01, 2.82e+00]
57800 [9.93e-02, 3.09e-01, 1.12e+00, 2.94e-01, -8.52e-01, -7.16e-01, 9.81e-01, 1.36e+00, 2.02e-01, -1.08e-01, 2.84e+00]
57900 [9.24e-02, 3.10e-01, 1.12e+00, 2.91e-01, -8.42e-01, -7.15e-01, 9.81e-01, 1.37e+00, 1.99e-01, -1.09e-01, 2.84e+00]
58000 [9.48e-02, 3.10e-01, 1.11e+00, 3.01e-01, -8.59e-01, -7.20e-01, 9.81e-01, 1.39e+00, 2.01e-01, -1.16e-01, 2.85e+00]
58100 [8.97e-02, 3.12e-01, 1.11e+00, 2.98e-01, -8.70e-01, -7.16e-01, 9.81e-01, 1.40e+00, 1.99e-01, -1.14e-01, 2.83e+00]
58200 [1.00e-01, 3.12e-01, 1.11e+00, 3.06e-01, -8.55e-01, -7.07e-01, 9.81e-01, 1.44e+00, 1.98e-01, -9.64e-02, 2.84e+00]
58300 [8.94e-02, 3.14e-01, 1.11e+00, 3.08e-01, -8.61e-01, -7.23e-01, 9.81e-01, 1.45e+00, 2.00e-01, -1.14e-01, 2.85e+00]
58400 [9.31e-02, 3.15e-01, 1.11e+00, 2.90e-01, -8.46e-01, -7.22e-01, 9.81e-01, 1.44e+00, 1.98e-01, -1.17e-01, 2.84e+00]
58500 [9.44e-02, 3.15e-01, 1.11e+00, 3.05e-01, -8.62e-01, -7.12e-01, 9.81e-01, 1.47e+00, 2.04e-01, -1.14e-01, 2.86e+00]
58600 [8.50e-02, 3.16e-01, 1.11e+00, 3.06e-01, -8.52e-01, -7.14e-01, 9.81e-01, 1.48e+00, 2.13e-01, -1.16e-01, 2.86e+00]
58700 [9.36e-02, 3.16e-01, 1.11e+00, 3.09e-01, -8.51e-01, -7.14e-01, 9.81e-01, 1.49e+00, 2.03e-01, -1.20e-01, 2.86e+00]
58800 [9.04e-02, 3.18e-01, 1.11e+00, 3.10e-01, -8.63e-01, -7.12e-01, 9.81e-01, 1.51e+00, 2.01e-01, -1.14e-01, 2.86e+00]
58900 [9.91e-02, 3.19e-01, 1.11e+00, 2.70e-01, -7.94e-01, -7.07e-01, 9.81e-01, 1.48e+00, 2.07e-01, -1.11e-01, 2.84e+00]
59000 [8.96e-02, 3.20e-01, 1.11e+00, 2.82e-01, -8.15e-01, -7.20e-01, 9.81e-01, 1.49e+00, 1.95e-01, -1.13e-01, 2.86e+00]
59100 [8.95e-02, 3.20e-01, 1.11e+00, 3.02e-01, -8.42e-01, -7.20e-01, 9.81e-01, 1.52e+00, 1.93e-01, -1.17e-01, 2.88e+00]
59200 [8.50e-02, 3.21e-01, 1.11e+00, 3.12e-01, -8.59e-01, -7.15e-01, 9.81e-01, 1.54e+00, 2.02e-01, -1.19e-01, 2.89e+00]
59300 [8.95e-02, 3.22e-01, 1.11e+00, 3.19e-01, -8.56e-01, -7.12e-01, 9.81e-01, 1.56e+00, 1.93e-01, -1.14e-01, 2.89e+00]
59400 [8.21e-02, 3.23e-01, 1.11e+00, 3.28e-01, -8.64e-01, -7.21e-01, 9.81e-01, 1.57e+00, 1.95e-01, -1.23e-01, 2.89e+00]
59500 [8.71e-02, 3.24e-01, 1.11e+00, 3.33e-01, -8.78e-01, -7.23e-01, 9.81e-01, 1.59e+00, 1.95e-01, -1.22e-01, 2.90e+00]
59600 [8.50e-02, 3.25e-01, 1.11e+00, 2.90e-01, -8.30e-01, -7.14e-01, 9.81e-01, 1.56e+00, 1.94e-01, -1.07e-01, 2.84e+00]
59700 [8.31e-02, 3.26e-01, 1.11e+00, 3.07e-01, -8.56e-01, -7.11e-01, 9.81e-01, 1.59e+00, 1.96e-01, -1.17e-01, 2.87e+00]
59800 [8.33e-02, 3.27e-01, 1.11e+00, 3.10e-01, -8.58e-01, -7.11e-01, 9.81e-01, 1.60e+00, 2.08e-01, -1.22e-01, 2.89e+00]
59900 [8.33e-02, 3.28e-01, 1.11e+00, 3.12e-01, -8.62e-01, -7.14e-01, 9.81e-01, 1.61e+00, 1.96e-01, -1.21e-01, 2.89e+00]
60000 [7.80e-02, 3.28e-01, 1.11e+00, 3.23e-01, -8.72e-01, -7.15e-01, 9.81e-01, 1.62e+00, 2.03e-01, -1.25e-01, 2.90e+00]
60000 [7.80e-02, 3.28e-01, 1.11e+00, 3.23e-01, -8.72e-01, -7.15e-01, 9.81e-01, 1.62e+00, 2.03e-01, -1.25e-01, 2.90e+00]
60100 [8.76e-02, 3.20e-01, 1.10e+00, 2.98e-01, -8.53e-01, -6.99e-01, 9.81e-01, 1.62e+00, 2.19e-01, -1.34e-01, 2.89e+00]
60200 [8.69e-02, 3.19e-01, 1.10e+00, 3.00e-01, -8.54e-01, -7.01e-01, 9.81e-01, 1.62e+00, 2.16e-01, -1.30e-01, 2.87e+00]
60300 [8.60e-02, 3.19e-01, 1.10e+00, 3.01e-01, -8.55e-01, -7.03e-01, 9.81e-01, 1.62e+00, 2.11e-01, -1.27e-01, 2.85e+00]
60400 [8.49e-02, 3.20e-01, 1.10e+00, 3.02e-01, -8.56e-01, -7.05e-01, 9.81e-01, 1.62e+00, 2.07e-01, -1.24e-01, 2.83e+00]
60500 [8.37e-02, 3.20e-01, 1.10e+00, 3.03e-01, -8.57e-01, -7.07e-01, 9.81e-01, 1.62e+00, 2.04e-01, -1.23e-01, 2.82e+00]
60600 [8.24e-02, 3.21e-01, 1.10e+00, 3.04e-01, -8.59e-01, -7.09e-01, 9.81e-01, 1.62e+00, 2.02e-01, -1.22e-01, 2.81e+00]
60700 [8.10e-02, 3.22e-01, 1.10e+00, 3.06e-01, -8.61e-01, -7.12e-01, 9.81e-01, 1.63e+00, 2.01e-01, -1.22e-01, 2.81e+00]
60800 [7.94e-02, 3.23e-01, 1.10e+00, 3.09e-01, -8.63e-01, -7.14e-01, 9.81e-01, 1.63e+00, 2.00e-01, -1.23e-01, 2.82e+00]
60900 [7.78e-02, 3.23e-01, 1.10e+00, 3.12e-01, -8.66e-01, -7.17e-01, 9.81e-01, 1.63e+00, 1.99e-01, -1.24e-01, 2.83e+00]
61000 [7.62e-02, 3.24e-01, 1.10e+00, 3.17e-01, -8.69e-01, -7.19e-01, 9.81e-01, 1.63e+00, 1.99e-01, -1.26e-01, 2.84e+00]
61100 [7.45e-02, 3.25e-01, 1.10e+00, 3.23e-01, -8.72e-01, -7.21e-01, 9.81e-01, 1.63e+00, 1.98e-01, -1.29e-01, 2.85e+00]
61200 [7.28e-02, 3.26e-01, 1.10e+00, 3.30e-01, -8.76e-01, -7.23e-01, 9.81e-01, 1.64e+00, 1.97e-01, -1.32e-01, 2.87e+00]
61300 [7.10e-02, 3.27e-01, 1.10e+00, 3.39e-01, -8.81e-01, -7.25e-01, 9.81e-01, 1.64e+00, 1.96e-01, -1.35e-01, 2.89e+00]
61400 [6.93e-02, 3.28e-01, 1.10e+00, 3.49e-01, -8.86e-01, -7.27e-01, 9.81e-01, 1.64e+00, 1.95e-01, -1.40e-01, 2.91e+00]
61500 [7.51e-02, 3.30e-01, 1.10e+00, 3.59e-01, -8.91e-01, -7.26e-01, 9.81e-01, 1.65e+00, 1.95e-01, -1.37e-01, 2.93e+00]
61600 [8.36e-02, 3.31e-01, 1.11e+00, 3.53e-01, -8.77e-01, -7.23e-01, 9.81e-01, 1.65e+00, 1.92e-01, -1.23e-01, 2.93e+00]
61700 [8.08e-02, 3.32e-01, 1.11e+00, 3.62e-01, -8.83e-01, -7.25e-01, 9.81e-01, 1.66e+00, 1.92e-01, -1.33e-01, 2.95e+00]
61800 [7.81e-02, 3.33e-01, 1.11e+00, 3.74e-01, -8.89e-01, -7.27e-01, 9.81e-01, 1.66e+00, 1.90e-01, -1.41e-01, 2.97e+00]
61900 [7.54e-02, 3.34e-01, 1.11e+00, 3.89e-01, -8.96e-01, -7.29e-01, 9.81e-01, 1.67e+00, 1.89e-01, -1.49e-01, 2.99e+00]
62000 [9.04e-02, 3.35e-01, 1.11e+00, 3.73e-01, -8.97e-01, -7.12e-01, 9.81e-01, 1.67e+00, 1.98e-01, -1.28e-01, 2.95e+00]
62100 [8.69e-02, 3.36e-01, 1.11e+00, 3.78e-01, -9.02e-01, -7.18e-01, 9.81e-01, 1.67e+00, 1.95e-01, -1.34e-01, 2.94e+00]
62200 [8.02e-02, 3.38e-01, 1.11e+00, 3.69e-01, -8.87e-01, -7.21e-01, 9.81e-01, 1.67e+00, 1.94e-01, -1.39e-01, 2.95e+00]
62300 [7.89e-02, 3.39e-01, 1.10e+00, 3.80e-01, -8.91e-01, -7.20e-01, 9.81e-01, 1.67e+00, 1.93e-01, -1.43e-01, 2.96e+00]
62400 [7.53e-02, 3.41e-01, 1.10e+00, 3.92e-01, -8.99e-01, -7.23e-01, 9.81e-01, 1.68e+00, 1.91e-01, -1.48e-01, 2.97e+00]
62500 [8.86e-02, 3.41e-01, 1.10e+00, 3.70e-01, -8.90e-01, -7.20e-01, 9.81e-01, 1.66e+00, 1.95e-01, -1.46e-01, 2.95e+00]
62600 [7.94e-02, 3.42e-01, 1.10e+00, 3.80e-01, -8.96e-01, -7.16e-01, 9.81e-01, 1.67e+00, 1.94e-01, -1.41e-01, 2.95e+00]
62700 [8.03e-02, 3.43e-01, 1.10e+00, 3.92e-01, -8.97e-01, -7.21e-01, 9.81e-01, 1.68e+00, 1.91e-01, -1.44e-01, 2.96e+00]
62800 [7.54e-02, 3.44e-01, 1.10e+00, 3.97e-01, -9.02e-01, -7.17e-01, 9.81e-01, 1.68e+00, 1.93e-01, -1.44e-01, 2.96e+00]
62900 [7.54e-02, 3.44e-01, 1.10e+00, 3.98e-01, -9.01e-01, -7.17e-01, 9.81e-01, 1.68e+00, 1.94e-01, -1.46e-01, 2.96e+00]
63000 [7.75e-02, 3.45e-01, 1.10e+00, 3.99e-01, -9.04e-01, -7.17e-01, 9.81e-01, 1.69e+00, 1.94e-01, -1.48e-01, 2.96e+00]
63100 [7.42e-02, 3.46e-01, 1.10e+00, 4.01e-01, -9.04e-01, -7.19e-01, 9.81e-01, 1.69e+00, 1.94e-01, -1.50e-01, 2.95e+00]
63200 [7.67e-02, 3.46e-01, 1.10e+00, 3.94e-01, -8.95e-01, -7.18e-01, 9.81e-01, 1.68e+00, 1.92e-01, -1.47e-01, 2.96e+00]
63300 [7.70e-02, 3.47e-01, 1.10e+00, 3.89e-01, -9.01e-01, -7.15e-01, 9.81e-01, 1.69e+00, 1.94e-01, -1.41e-01, 2.94e+00]
63400 [7.78e-02, 3.47e-01, 1.10e+00, 3.93e-01, -9.04e-01, -7.16e-01, 9.81e-01, 1.69e+00, 1.94e-01, -1.46e-01, 2.95e+00]
63500 [7.69e-02, 3.48e-01, 1.10e+00, 3.87e-01, -9.02e-01, -7.13e-01, 9.81e-01, 1.69e+00, 1.94e-01, -1.36e-01, 2.94e+00]
63600 [7.15e-02, 3.48e-01, 1.10e+00, 3.81e-01, -8.98e-01, -7.16e-01, 9.81e-01, 1.69e+00, 1.99e-01, -1.48e-01, 2.95e+00]
63700 [7.46e-02, 3.49e-01, 1.10e+00, 3.60e-01, -8.72e-01, -7.15e-01, 9.81e-01, 1.67e+00, 1.92e-01, -1.37e-01, 2.92e+00]
63800 [7.53e-02, 3.50e-01, 1.10e+00, 3.74e-01, -8.86e-01, -7.15e-01, 9.81e-01, 1.68e+00, 1.93e-01, -1.44e-01, 2.95e+00]
63900 [7.44e-02, 3.50e-01, 1.10e+00, 3.81e-01, -8.96e-01, -7.15e-01, 9.81e-01, 1.69e+00, 1.93e-01, -1.43e-01, 2.95e+00]
64000 [7.47e-02, 3.51e-01, 1.10e+00, 3.84e-01, -9.02e-01, -7.13e-01, 9.81e-01, 1.70e+00, 1.93e-01, -1.46e-01, 2.95e+00]
64100 [7.01e-02, 3.51e-01, 1.10e+00, 3.80e-01, -8.92e-01, -7.16e-01, 9.81e-01, 1.69e+00, 1.92e-01, -1.46e-01, 2.95e+00]
64200 [7.47e-02, 3.52e-01, 1.10e+00, 3.78e-01, -9.01e-01, -7.13e-01, 9.81e-01, 1.70e+00, 1.93e-01, -1.39e-01, 2.95e+00]
64300 [7.68e-02, 3.53e-01, 1.09e+00, 3.76e-01, -9.01e-01, -7.13e-01, 9.81e-01, 1.70e+00, 1.97e-01, -1.41e-01, 2.95e+00]
64400 [7.03e-02, 3.53e-01, 1.09e+00, 3.73e-01, -9.04e-01, -7.11e-01, 9.81e-01, 1.70e+00, 1.98e-01, -1.42e-01, 2.95e+00]
64500 [7.09e-02, 3.54e-01, 1.09e+00, 3.72e-01, -8.99e-01, -7.18e-01, 9.81e-01, 1.70e+00, 1.89e-01, -1.40e-01, 2.94e+00]
64600 [7.58e-02, 3.54e-01, 1.09e+00, 3.76e-01, -9.05e-01, -7.17e-01, 9.81e-01, 1.70e+00, 1.89e-01, -1.41e-01, 2.96e+00]
64700 [7.86e-02, 3.54e-01, 1.09e+00, 3.60e-01, -8.91e-01, -7.13e-01, 9.81e-01, 1.70e+00, 1.91e-01, -1.40e-01, 2.94e+00]
64800 [7.20e-02, 3.55e-01, 1.09e+00, 3.66e-01, -9.03e-01, -7.14e-01, 9.81e-01, 1.70e+00, 1.93e-01, -1.39e-01, 2.94e+00]
64900 [7.42e-02, 3.56e-01, 1.09e+00, 3.63e-01, -8.81e-01, -7.14e-01, 9.81e-01, 1.70e+00, 1.88e-01, -1.34e-01, 2.96e+00]
65000 [7.09e-02, 3.57e-01, 1.09e+00, 3.72e-01, -8.96e-01, -7.15e-01, 9.81e-01, 1.71e+00, 1.89e-01, -1.42e-01, 2.97e+00]
65100 [7.94e-02, 3.57e-01, 1.09e+00, 3.55e-01, -8.94e-01, -7.07e-01, 9.81e-01, 1.71e+00, 1.92e-01, -1.34e-01, 2.94e+00]
65200 [7.15e-02, 3.58e-01, 1.09e+00, 3.68e-01, -9.04e-01, -7.19e-01, 9.81e-01, 1.72e+00, 1.88e-01, -1.40e-01, 2.96e+00]
65300 [6.77e-02, 3.58e-01, 1.09e+00, 3.74e-01, -9.07e-01, -7.16e-01, 9.81e-01, 1.72e+00, 1.89e-01, -1.46e-01, 2.98e+00]
65400 [6.65e-02, 3.59e-01, 1.09e+00, 3.78e-01, -9.03e-01, -7.15e-01, 9.81e-01, 1.73e+00, 1.89e-01, -1.47e-01, 2.98e+00]
65500 [7.56e-02, 3.59e-01, 1.09e+00, 3.56e-01, -8.93e-01, -7.16e-01, 9.81e-01, 1.71e+00, 1.91e-01, -1.48e-01, 2.96e+00]
65600 [6.95e-02, 3.60e-01, 1.09e+00, 3.66e-01, -8.96e-01, -7.13e-01, 9.81e-01, 1.72e+00, 1.86e-01, -1.40e-01, 2.97e+00]
65700 [6.70e-02, 3.61e-01, 1.09e+00, 3.65e-01, -8.97e-01, -7.12e-01, 9.81e-01, 1.72e+00, 1.96e-01, -1.45e-01, 2.98e+00]
65800 [7.42e-02, 3.61e-01, 1.09e+00, 3.60e-01, -8.94e-01, -7.13e-01, 9.81e-01, 1.71e+00, 1.88e-01, -1.38e-01, 2.97e+00]
65900 [6.93e-02, 3.62e-01, 1.09e+00, 3.62e-01, -8.93e-01, -7.17e-01, 9.81e-01, 1.71e+00, 1.85e-01, -1.41e-01, 2.98e+00]
66000 [6.96e-02, 3.63e-01, 1.09e+00, 3.64e-01, -8.99e-01, -7.16e-01, 9.81e-01, 1.72e+00, 1.87e-01, -1.42e-01, 2.98e+00]
66100 [7.17e-02, 3.63e-01, 1.09e+00, 3.72e-01, -8.99e-01, -7.10e-01, 9.81e-01, 1.73e+00, 1.83e-01, -1.38e-01, 2.99e+00]
66200 [6.40e-02, 3.64e-01, 1.09e+00, 3.73e-01, -9.00e-01, -7.14e-01, 9.81e-01, 1.73e+00, 1.89e-01, -1.45e-01, 3.00e+00]
66300 [6.75e-02, 3.64e-01, 1.09e+00, 3.77e-01, -9.04e-01, -7.17e-01, 9.81e-01, 1.73e+00, 1.85e-01, -1.43e-01, 3.00e+00]
66400 [7.06e-02, 3.65e-01, 1.09e+00, 3.62e-01, -9.12e-01, -7.14e-01, 9.81e-01, 1.74e+00, 1.86e-01, -1.41e-01, 2.97e+00]
66500 [7.15e-02, 3.65e-01, 1.09e+00, 3.63e-01, -8.80e-01, -7.09e-01, 9.81e-01, 1.74e+00, 1.82e-01, -1.33e-01, 2.99e+00]
66600 [7.12e-02, 3.66e-01, 1.09e+00, 3.49e-01, -8.82e-01, -7.05e-01, 9.81e-01, 1.73e+00, 2.05e-01, -1.46e-01, 3.00e+00]
66700 [7.14e-02, 3.67e-01, 1.09e+00, 3.47e-01, -8.96e-01, -7.16e-01, 9.81e-01, 1.73e+00, 1.84e-01, -1.38e-01, 2.98e+00]
66800 [6.53e-02, 3.67e-01, 1.09e+00, 3.67e-01, -9.15e-01, -7.16e-01, 9.81e-01, 1.74e+00, 1.85e-01, -1.41e-01, 2.99e+00]
66900 [7.09e-02, 3.68e-01, 1.09e+00, 3.60e-01, -9.06e-01, -7.16e-01, 9.81e-01, 1.74e+00, 1.83e-01, -1.43e-01, 3.00e+00]
67000 [6.96e-02, 3.69e-01, 1.09e+00, 3.64e-01, -9.20e-01, -7.15e-01, 9.81e-01, 1.75e+00, 1.85e-01, -1.38e-01, 2.99e+00]
67100 [6.59e-02, 3.69e-01, 1.09e+00, 3.66e-01, -9.09e-01, -7.14e-01, 9.81e-01, 1.75e+00, 1.88e-01, -1.43e-01, 3.00e+00]
67200 [7.04e-02, 3.69e-01, 1.09e+00, 3.51e-01, -9.05e-01, -7.05e-01, 9.81e-01, 1.75e+00, 1.89e-01, -1.25e-01, 2.98e+00]
67300 [6.72e-02, 3.70e-01, 1.09e+00, 3.59e-01, -9.15e-01, -7.18e-01, 9.81e-01, 1.76e+00, 1.84e-01, -1.36e-01, 2.99e+00]
67400 [7.05e-02, 3.71e-01, 1.09e+00, 3.56e-01, -9.10e-01, -7.15e-01, 9.81e-01, 1.76e+00, 1.83e-01, -1.38e-01, 2.99e+00]
67500 [7.00e-02, 3.71e-01, 1.09e+00, 3.59e-01, -9.09e-01, -7.14e-01, 9.81e-01, 1.76e+00, 1.88e-01, -1.47e-01, 3.00e+00]
67600 [6.57e-02, 3.72e-01, 1.09e+00, 3.62e-01, -9.14e-01, -7.11e-01, 9.81e-01, 1.77e+00, 1.84e-01, -1.42e-01, 2.99e+00]
67700 [6.65e-02, 3.73e-01, 1.09e+00, 3.74e-01, -9.04e-01, -7.11e-01, 9.81e-01, 1.78e+00, 1.92e-01, -1.47e-01, 3.01e+00]
67800 [7.58e-02, 3.74e-01, 1.09e+00, 3.46e-01, -8.59e-01, -7.14e-01, 9.81e-01, 1.81e+00, 1.81e-01, -1.19e-01, 2.98e+00]
67900 [6.99e-02, 3.74e-01, 1.09e+00, 3.60e-01, -8.86e-01, -7.17e-01, 9.81e-01, 1.82e+00, 1.81e-01, -1.34e-01, 3.00e+00]
68000 [6.32e-02, 3.74e-01, 1.09e+00, 3.72e-01, -9.12e-01, -7.11e-01, 9.81e-01, 1.83e+00, 1.85e-01, -1.43e-01, 3.02e+00]
68100 [6.30e-02, 3.74e-01, 1.09e+00, 3.58e-01, -8.87e-01, -7.10e-01, 9.81e-01, 1.82e+00, 1.82e-01, -1.46e-01, 3.01e+00]
68200 [7.15e-02, 3.75e-01, 1.09e+00, 3.61e-01, -9.05e-01, -7.07e-01, 9.81e-01, 1.82e+00, 1.84e-01, -1.45e-01, 3.00e+00]
68300 [6.41e-02, 3.76e-01, 1.09e+00, 3.74e-01, -9.20e-01, -7.14e-01, 9.81e-01, 1.83e+00, 1.85e-01, -1.47e-01, 3.01e+00]
68400 [6.58e-02, 3.77e-01, 1.08e+00, 3.64e-01, -9.11e-01, -7.15e-01, 9.81e-01, 1.82e+00, 1.84e-01, -1.50e-01, 3.02e+00]
68500 [8.41e-02, 3.77e-01, 1.08e+00, 3.09e-01, -8.86e-01, -6.95e-01, 9.81e-01, 1.81e+00, 1.84e-01, -1.39e-01, 2.94e+00]
68600 [7.81e-02, 3.78e-01, 1.08e+00, 3.20e-01, -9.04e-01, -7.15e-01, 9.81e-01, 1.82e+00, 1.83e-01, -1.31e-01, 2.95e+00]
68700 [7.00e-02, 3.78e-01, 1.08e+00, 3.39e-01, -9.23e-01, -7.13e-01, 9.81e-01, 1.83e+00, 1.88e-01, -1.36e-01, 2.98e+00]
68800 [6.65e-02, 3.79e-01, 1.08e+00, 3.46e-01, -9.02e-01, -7.16e-01, 9.81e-01, 1.82e+00, 1.82e-01, -1.35e-01, 3.00e+00]
68900 [6.42e-02, 3.79e-01, 1.08e+00, 3.66e-01, -9.31e-01, -7.16e-01, 9.81e-01, 1.84e+00, 1.82e-01, -1.43e-01, 3.02e+00]
69000 [7.16e-02, 3.80e-01, 1.08e+00, 3.48e-01, -9.04e-01, -7.15e-01, 9.81e-01, 1.81e+00, 1.79e-01, -1.41e-01, 3.02e+00]
69100 [6.31e-02, 3.81e-01, 1.08e+00, 3.62e-01, -9.22e-01, -7.15e-01, 9.81e-01, 1.83e+00, 1.83e-01, -1.42e-01, 3.02e+00]
69200 [6.53e-02, 3.81e-01, 1.08e+00, 3.59e-01, -9.12e-01, -7.14e-01, 9.81e-01, 1.82e+00, 1.80e-01, -1.41e-01, 3.02e+00]
69300 [5.89e-02, 3.81e-01, 1.08e+00, 3.57e-01, -8.81e-01, -7.09e-01, 9.81e-01, 1.82e+00, 1.84e-01, -1.31e-01, 3.02e+00]
69400 [7.32e-02, 3.82e-01, 1.08e+00, 3.53e-01, -8.92e-01, -7.02e-01, 9.81e-01, 1.82e+00, 1.82e-01, -1.36e-01, 3.02e+00]
69500 [6.71e-02, 3.83e-01, 1.08e+00, 3.65e-01, -9.10e-01, -7.11e-01, 9.81e-01, 1.84e+00, 1.83e-01, -1.40e-01, 3.02e+00]
69600 [7.62e-02, 3.83e-01, 1.08e+00, 3.46e-01, -9.16e-01, -7.01e-01, 9.81e-01, 1.83e+00, 1.90e-01, -1.49e-01, 3.00e+00]
69700 [6.52e-02, 3.84e-01, 1.08e+00, 3.52e-01, -8.97e-01, -7.12e-01, 9.81e-01, 1.83e+00, 1.85e-01, -1.40e-01, 3.00e+00]
69800 [6.87e-02, 3.84e-01, 1.08e+00, 3.62e-01, -9.15e-01, -7.03e-01, 9.81e-01, 1.84e+00, 1.90e-01, -1.44e-01, 3.03e+00]
69900 [8.35e-02, 3.85e-01, 1.08e+00, 3.12e-01, -8.63e-01, -7.03e-01, 9.81e-01, 1.86e+00, 1.78e-01, -1.13e-01, 2.96e+00]
70000 [7.16e-02, 3.86e-01, 1.08e+00, 3.27e-01, -8.90e-01, -7.17e-01, 9.81e-01, 1.87e+00, 1.79e-01, -1.26e-01, 2.99e+00]
